0 0.20747001250000002 0.7260442265625 0.20747001250000002 0.7383292375 0.2104689203125 0.741400490625 0.2151035984375 0.7432432421875 0.22001090625000003 0.740171990625 0.23527808125 0.66707616875 0.2268266078125 0.6640049140625 0.22219192968749998 0.665233415625 0.20747001250000002 0.7260442265625
0 0.24618320625 0.29361179375 0.25926935625 0.3046683046875 0.263358778125 0.30159705 0.2677208296875 0.279484028125 0.26908396875 0.27027026875 0.25872410156250003 0.2671990171875 0.252453653125 0.27027026875 0.24618320625 0.29361179375
0 0.45474372812499997 0.15970515937500002 0.4552889859375 0.15233415156250002 0.4471101421875 0.1400491390625 0.442202834375 0.147420146875 0.45065430781250004 0.1633906640625 0.45474372812499997 0.15970515937500002
0 0.4443838609375 0.34029484062500004 0.4443838609375 0.3593366078125 0.45119956562499997 0.3605651109375 0.45065430781250004 0.3390663390625 0.4443838609375 0.34029484062500004
0 0.5250817890625 0.1492628984375 0.5256270453125 0.15540540625000002 0.532715378125 0.15540540625000002 0.5291712109375 0.147420146875 0.5250817890625 0.1492628984375
0 0.597600871875 0.20024570000000003 0.5926935656250001 0.19717444687500002 0.587786259375 0.20024570000000003 0.5891493984375 0.20823095937499997 0.6003271531250001 0.2131449640625 0.597600871875 0.20024570000000003
0 0.6035986921875 0.3605651109375 0.5940567062500001 0.372850121875 0.5981461296874999 0.38083537968750003 0.6085059968750001 0.3667076171875 0.6035986921875 0.3605651109375
0 0.6112322781249999 0.7383292375 0.6134133046875 0.7432432421875 0.6175027265625 0.7647420140625 0.62868048125 0.770884521875 0.643129771875 0.7647420140625 0.636041440625 0.740171990625 0.6354961828125 0.7229729734375 0.6106870234375 0.71990171875 0.6112322781249999 0.7383292375
0 0.44847328124999997 0.8022113031250001 0.442202834375 0.7991400484375 0.442202834375 0.8083538078125001 0.4381134140625 0.814496315625 0.4381134140625 0.8286240796875 0.4435659765625 0.8378378390625001 0.45065430781250004 0.84275184375 0.45610687031249997 0.833538084375 0.4525627046875 0.8175675671875 0.456652128125 0.8114250625 0.45474372812499997 0.8052825546875001 0.45201744687499995 0.8071253078125 0.44847328124999997 0.8022113031250001
0 0.7720828796875 0.603194103125 0.7783533265625 0.6142506156249999 0.7900763359375 0.6216216218749999 0.7865321703125 0.60503685625 0.787895309375 0.5921375906249999 0.7818974921875 0.5909090906250001 0.774263903125 0.58292383125 0.7720828796875 0.603194103125
0 0.8067066515624999 0.7647420140625 0.8031624859375001 0.7807125312500001 0.8058887671875 0.79299754375 0.8072519093749999 0.810196559375 0.81352235625 0.8114250625 0.8162486375 0.7868550359375 0.8170665218750001 0.770884521875 0.8113413296875001 0.7665847671875 0.8067066515624999 0.7647420140625
0 0.017175571875 0.010442259375 0.0185387140625 0.02027026875 0.0261723 0.012285012500000001 0.025354415624999998 0.0042997546875 0.017175571875 0.010442259375