0 0.209105778125 0.309582309375 0.2055616125 0.309582309375 0.20419847343750003 0.31695331718749997 0.2159214828125 0.3513513515625 0.2295528890625 0.365479115625 0.23391494062499998 0.3593366078125 0.23800436249999998 0.352579853125 0.226281353125 0.3280098265625 0.213740459375 0.3187960703125 0.209105778125 0.309582309375
0 0.5111777531249999 0.66707616875 0.51254089375 0.65601965625 0.510632496875 0.6498771484375 0.505725190625 0.6498771484375 0.5035441656249999 0.6590909093749999 0.505725190625 0.66830466875 0.5111777531249999 0.66707616875
0 0.7756270453125 0.30159705 0.7748091609375 0.3200245703125 0.8004362046875 0.3359950859375 0.801799346875 0.321867321875 0.7756270453125 0.30159705
0 0.2821701203125 0.7321867328125 0.27671755781249996 0.74938575 0.30207197343750003 0.7868550359375 0.307797165625 0.7647420140625 0.2821701203125 0.7321867328125
0 0.27181025000000003 0.7991400484375 0.268266084375 0.8071253078125 0.263358778125 0.8132678125 0.2641766640625 0.8224815718749999 0.2696292265625 0.8224815718749999 0.27317339218750003 0.8243243250000001 0.304253 0.804054053125 0.304253 0.7991400484375 0.304253 0.79299754375 0.30152671875000003 0.7807125312500001 0.27181025000000003 0.7991400484375
0 0.9198473296874999 0.10687960625 0.913031625 0.10872235781249999 0.9040348968749999 0.127149878125 0.9163031640625 0.1412776421875 0.9184841875 0.15049140156250002 0.9293893125 0.15540540625000002 0.9321155937500001 0.15233415156250002 0.9321155937500001 0.1289926296875 0.92393675 0.1210073703125 0.9198473296874999 0.10687960625
0 0.15785169062499999 0.9453316953125 0.16139585625 0.9422604421875 0.1619411125 0.9342751843749999 0.16003271562500002 0.9342751843749999 0.157306434375 0.9361179343750001 0.15594329375 0.9453316953125 0.15785169062499999 0.9453316953125
0 0.149672846875 0.872235871875 0.142039259375 0.9066339062500001 0.147491821875 0.9097051593750001 0.15376226875000001 0.8832923828125001 0.149672846875 0.872235871875
0 0.17230098124999998 0.9453316953125 0.173664121875 0.9699017187500001 0.195747 0.9502457 0.195747 0.9269041781249999 0.17230098124999998 0.9453316953125
0 0.191112321875 0.95761670625 0.173664121875 0.970515971875 0.168211559375 0.9766584765624999 0.175845146875 0.9950859953125001 0.1952017453125 0.9625307109374999 0.191112321875 0.95761670625
0 0.1807524546875 0.89373464375 0.1780261734375 0.9017199015624999 0.178571428125 0.907862409375 0.199291165625 0.925061425 0.2055616125 0.9158476656250001 0.2069247546875 0.907862409375 0.2055616125 0.8986486484375 0.18538713281250002 0.8875921375000001 0.1834787359375 0.8875921375000001 0.1807524546875 0.89373464375
0 0.1515812421875 0.8507371015625 0.149672846875 0.8581081078125001 0.147491821875 0.8660933656250001 0.16003271562500002 0.895577396875 0.17666303125 0.9219901734375 0.1807524546875 0.9158476656250001 0.1717557265625 0.875307125 0.16139585625 0.8476658484374999 0.15648855 0.8488943484375 0.1515812421875 0.8507371015625
0 0.1889312984375 0.8476658484374999 0.1834787359375 0.8476658484374999 0.1690294453125 0.872235871875 0.1690294453125 0.8863636375 0.17230098124999998 0.8894348890625 0.1924754640625 0.8771498781249999 0.193838603125 0.864250615625 0.19438386093749999 0.8550368562499999 0.1924754640625 0.8488943484375 0.1889312984375 0.8476658484374999