0 0.5637949828125 0.8083538078125001 0.565158125 0.8224815718749999 0.5706106875 0.8255528249999999 0.576881134375 0.8206388203125 0.57606325 0.7616707625 0.57333696875 0.752457003125 0.5714285718750001 0.721130221875 0.567066521875 0.721130221875 0.5665212640624999 0.752457003125 0.564340240625 0.760442259375 0.5637949828125 0.8083538078125001
0 0.21728462187500003 0.34950859843750004 0.22546346874999998 0.3372235859375 0.229007634375 0.345208846875 0.23664122187499997 0.3359950859375 0.23391494062499998 0.323095821875 0.21728462187500003 0.3292383296875 0.20828789374999998 0.3372235859375 0.20747001250000002 0.345208846875 0.2055616125 0.34828009843749996 0.20747001250000002 0.354422603125 0.20965103593749998 0.354422603125 0.21728462187500003 0.34950859843750004
0 0.5858778625000001 0.760442259375 0.5809705546874999 0.7616707625 0.5774263890625 0.7880835390625001 0.5815158125 0.7979115484375 0.58860414375 0.7942260437499999 0.59351145 0.7745700234374999 0.589967284375 0.7665847671875 0.59351145 0.751228503125 0.591330425 0.7444717453125 0.587241003125 0.7444717453125 0.5858778625000001 0.760442259375
0 0.06897491875 0.2985257984375 0.06897491875 0.290540540625 0.0501635765625 0.30282555312500004 0.049618320312500006 0.309582309375 0.0564340234375 0.310810809375 0.06897491875 0.2985257984375
0 0.6354961828125 0.8206388203125 0.627862596875 0.804054053125 0.625136315625 0.789926290625 0.6215921484375 0.778869778125 0.613958559375 0.7776412765625 0.6093238828125 0.7678132671875 0.5954198468749999 0.76965601875 0.5782442734375 0.7678132671875 0.5747001078125 0.79299754375 0.590512540625 0.8396805890625 0.59351145 0.8611793609375 0.59623773125 0.878378378125 0.6112322781249999 0.89373464375 0.6300436203124999 0.864250615625 0.6390403484375 0.8611793609375 0.643129771875 0.845823096875 0.636041440625 0.833538084375 0.6354961828125 0.8206388203125
0 0.2813522359375 0.24692874687500002 0.2848964015625 0.2426289921875 0.280806978125 0.220515971875 0.27317339218750003 0.2033169546875 0.270992365625 0.2051597046875 0.27317339218750003 0.2254299765625 0.2786259546875 0.24877149687500003 0.2813522359375 0.24692874687500002
0 0.07988004374999999 0.15970515937500002 0.07442748125000001 0.158476659375 0.063249728125 0.1633906640625 0.0613413296875 0.1707616703125 0.080697928125 0.16953317031249998 0.07988004374999999 0.15970515937500002
0 0.10605234375000001 0.08845208906249999 0.10278080781250001 0.0853808359375 0.0924209375 0.0866093359375 0.091603053125 0.09766584843750001 0.10278080781250001 0.09336609375 0.10605234375000001 0.08845208906249999
0 0.1488549609375 0.0386977890625 0.149672846875 0.0448402953125 0.15921483125 0.039926290625 0.15785169062499999 0.035626535937499995 0.1488549609375 0.0386977890625
0 0.300708834375 0.06818181718750001 0.297982553125 0.0558968046875 0.2944383875 0.039926290625 0.2903489640625 0.0448402953125 0.2925299875 0.058968059375000006 0.2944383875 0.07125307187499999 0.300708834375 0.06818181718750001
0 0.1717557265625 0.1320638828125 0.168211559375 0.1302211296875 0.167666303125 0.1363636375 0.170937840625 0.1492628984375 0.1750272625 0.146191646875 0.1717557265625 0.1320638828125
0 0.2268266078125 0.0773955765625 0.2159214828125 0.083538084375 0.2235550703125 0.09766584843750001 0.231733915625 0.08845208906249999 0.2268266078125 0.0773955765625
0 0.249727371875 0.0620393125 0.24700109062500003 0.054054053125 0.23718647812500002 0.06326781249999999 0.2295528890625 0.065110565625 0.23391494062499998 0.0761670765625 0.249727371875 0.0620393125