0 0.6155943296874999 0.1941031953125 0.6008724109375 0.2113022109375 0.597600871875 0.22358722343749998 0.5809705546874999 0.2438574921875 0.5836968359375 0.251842753125 0.6003271531250001 0.23771498750000003 0.6202290078125 0.20945945937500002 0.6155943296874999 0.1941031953125
0 0.50926935625 0.3077395578125 0.5139040359375 0.310810809375 0.532715378125 0.33108108125 0.538167940625 0.3058968046875 0.5229007640625001 0.2893120390625 0.5196292265625 0.278255528125 0.5070883312500001 0.278255528125 0.5021810234374999 0.27211302187499997 0.50163576875 0.2874692890625 0.5049073046875 0.2893120390625 0.50926935625 0.3077395578125
0 0.46782987968749995 0.15970515937500002 0.453925846875 0.17874692812499998 0.439476553125 0.186117934375 0.418756815625 0.220515971875 0.4250272625 0.24570024531249998 0.4490185390625 0.21621621562499999 0.45338058906249995 0.20024570000000003 0.46019629375 0.18980344062500001 0.4683751375 0.184889434375 0.47110141875 0.17690417812499998 0.46919302187499995 0.16769041875 0.46782987968749995 0.15970515937500002
0 0.56243184375 0.06818181718750001 0.55261723125 0.073095821875 0.5602508171875 0.135135134375 0.569792803125 0.125921375 0.56243184375 0.06818181718750001
0 0.50926935625 0.135135134375 0.5223555078125 0.1302211296875 0.54716466875 0.10872235781249999 0.54171210625 0.090294840625 0.5084514718750001 0.124078625 0.50926935625 0.135135134375
0 0.49618320625 0.1320638828125 0.48582333593750004 0.147420146875 0.48364231249999995 0.186117934375 0.49809160312499995 0.2131449640625 0.523718646875 0.20638820624999998 0.523718646875 0.15540540625000002 0.49618320625 0.1320638828125
0 0.431297709375 0.0558968046875 0.43538713281249997 0.0792383296875 0.45065430781250004 0.122850121875 0.4588331515625 0.1179361171875 0.43538713281249997 0.0479115484375 0.431297709375 0.0558968046875
0 0.4588331515625 0.1289926296875 0.4525627046875 0.15233415156250002 0.48500545156249997 0.1818181828125 0.48500545156249997 0.15663390625 0.4588331515625 0.1289926296875
0 0.497546346875 0.1289926296875 0.46019629375 0.0620393125 0.45610687031249997 0.07125307187499999 0.4904580140625 0.1400491390625 0.497546346875 0.1289926296875
0 0.5070883312500001 0.09459459375 0.49945474218749997 0.135135134375 0.5049073046875 0.1382063875 0.515267175 0.11302211250000001 0.5305343515625001 0.083538084375 0.5196292265625 0.058968059375000006 0.5070883312500001 0.09459459375
0 0.6679389296875 0.20024570000000003 0.6652126484374999 0.2328009828125 0.68320610625 0.21744471562499998 0.676935659375 0.20208845156250002 0.6679389296875 0.20024570000000003