0 0.996455834375 0.7106879609375001 0.9991821156249999 0.7106879609375001 0.9983642312500001 0.678132678125 0.9937295531249999 0.6824324328125 0.996455834375 0.6947174453125 0.996455834375 0.7106879609375001
0 0.442202834375 0 0.43538713281249997 0.0030712531250000003 0.43402399062499997 0.0153562640625 0.45065430781250004 0.0620393125 0.46782987968749995 0.0479115484375 0.45065430781250004 0 0.442202834375 0
0 0.703925846875 0 0.6968375140624999 0.010442259375 0.7003816796875 0.0153562640625 0.7022900765625 0.0153562640625 0.7099236640625 0 0.703925846875 0
0 0.68647764375 0.1646191640625 0.6823882234374999 0.16953317031249998 0.687295528125 0.18980344062500001 0.692748090625 0.184889434375 0.68647764375 0.1646191640625
0 0.6949291171875001 0.21928746875 0.690021809375 0.21744471562499998 0.69193020625 0.240786240625 0.6968375140624999 0.240786240625 0.6949291171875001 0.21928746875
0 0.8585059968750001 0.8488943484375 0.8702290078124999 0.8366093359375 0.8666848406250001 0.8114250625 0.8514176656249999 0.8224815718749999 0.854143946875 0.84398034375 0.8585059968750001 0.8488943484375
0 0.42011995625000004 0.3574938578125 0.418211559375 0.3513513515625 0.41657579062499994 0.354422603125 0.413304253125 0.3667076171875 0.410577971875 0.372850121875 0.4097600859375 0.3992628984375 0.411123228125 0.40417690312500004 0.413304253125 0.40724815625 0.417393675 0.40724815625 0.42011995625000004 0.40110565156250005 0.42230098125 0.372850121875 0.418756815625 0.3697788703125 0.42011995625000004 0.3574938578125
0 0.3871319515625 0.3918918921875 0.38413304375 0.39312039374999996 0.382224646875 0.40233415156249996 0.3800436203125 0.40724815625 0.3781352234375 0.4336609328125 0.3808615046875 0.4428746921875 0.3857688125 0.4447174453125 0.391221375 0.4428746921875 0.3925845140625 0.435503684375 0.3917666296875 0.41339066406249997 0.3898582328125 0.409090909375 0.387677209375 0.396191646875 0.3871319515625 0.3918918921875
0 0.8328789515624999 0.383906634375 0.8328789515624999 0.39312039374999996 0.8418756828125 0.40540540625 0.8473282453125 0.3980343984375 0.8486913843749999 0.3918918921875 0.8446019640625 0.38882063906250003 0.84514721875 0.374692875 0.836968375 0.374692875 0.8328789515624999 0.383906634375
0 0.6976553984375 0.1830466828125 0.6935659765625 0.15970515937500002 0.6892039249999999 0.1633906640625 0.6905670671874999 0.1830466828125 0.6976553984375 0.1830466828125
0 0.397491821875 0.4821867328125 0.400218103125 0.49140049062499996 0.5002726281250001 0.324938575 0.49318429531249997 0.3126535625 0.4250272625 0.42444717499999995 0.397491821875 0.4821867328125
0 0.6125954203124999 0.845823096875 0.6085059968750001 0.8660933656250001 0.6155943296874999 0.8802211296875001 0.6188658671875 0.8630221125 0.6273173390625 0.8507371015625 0.6390403484375 0.810196559375 0.6292257359375 0.7960687953125001 0.625136315625 0.7979115484375 0.6155943296874999 0.8316953312500001 0.6125954203124999 0.845823096875