0 0.0275354421875 0.372850121875 0.02889858125 0.375921375 0.03435114375 0.3697788703125 0.043347871875 0.354422603125 0.043347871875 0.34950859843750004 0.0411668484375 0.346437346875 0.0357142859375 0.34828009843749996 0.028080696875 0.3624078625 0.0275354421875 0.372850121875
0 0.23255180000000003 0.2966830453125 0.23255180000000003 0.3126535625 0.23800436249999998 0.3046683046875 0.239367503125 0.29361179375 0.23255180000000003 0.2966830453125
0 0.27181025000000003 0.375921375 0.27181025000000003 0.3685503671875 0.2677208296875 0.3685503671875 0.2649945484375 0.3624078625 0.25926935625 0.37776412812500004 0.26281352187499996 0.385749384375 0.27181025000000003 0.375921375
0 0.226281353125 0.21621621562499999 0.23527808125 0.20945945937500002 0.23527808125 0.2051597046875 0.23391494062499998 0.2033169546875 0.22546346874999998 0.20945945937500002 0.2235550703125 0.21744471562499998 0.226281353125 0.21621621562499999
0 0.5610687015625 0.5614250625 0.5610687015625 0.571867321875 0.574154853125 0.5737100749999999 0.5747001078125 0.565724815625 0.5610687015625 0.5614250625
0 0.8535986921875001 0.624692875 0.8486913843749999 0.6173218671875 0.8500545265625 0.60503685625 0.8225190843749999 0.5675675671875 0.81352235625 0.564496315625 0.804525628125 0.5706388203125 0.8107960750000001 0.5767813265624999 0.809978190625 0.5909090906250001 0.804525628125 0.6081081078125 0.8211559421875 0.6357493843750001 0.833424209375 0.652948403125 0.8437840796874999 0.6621621609375 0.84950926875 0.652948403125 0.8563249734375 0.6375921375 0.8535986921875001 0.624692875
0 0.502998909375 0.5393120390624999 0.49809160312499995 0.5442260437499999 0.494820065625 0.5552825546875 0.4989094875 0.559582309375 0.4989094875 0.5737100749999999 0.5035441656249999 0.574938575 0.506543075 0.5737100749999999 0.507906215625 0.5675675671875 0.507906215625 0.5454545453125 0.502998909375 0.5393120390624999
0 0.40703380468750006 0.125921375 0.40921483125 0.124078625 0.40839694687500006 0.103808353125 0.4062159203125 0.08845208906249999 0.40430752343750004 0.090294840625 0.40485278124999996 0.10872235781249999 0.40485278124999996 0.122850121875 0.40703380468750006 0.125921375
0 0.45201744687499995 0.1302211296875 0.45338058906249995 0.135135134375 0.46428571406249997 0.127149878125 0.4615594328125 0.122850121875 0.45201744687499995 0.1302211296875
0 0.4732824421875 0.3789926296875 0.477371865625 0.38083537968750003 0.47955288906250004 0.3697788703125 0.47546346875 0.3605651109375 0.4683751375 0.3667076171875 0.4683751375 0.374692875 0.4732824421875 0.3789926296875
0 0.32769901875 0.17690417812499998 0.3255179921875 0.1738329234375 0.3249727375 0.17874692812499998 0.326335878125 0.184889434375 0.3282442734375 0.184889434375 0.32769901875 0.17690417812499998
0 0.30343511562500003 0.2671990171875 0.3028898578125 0.27334152343749996 0.310523446875 0.27211302187499997 0.310523446875 0.26597051718750003 0.30343511562500003 0.2671990171875
0 0.428571428125 0.251842753125 0.428571428125 0.2671990171875 0.4326608515625 0.2641277640625 0.431842965625 0.24877149687500003 0.428571428125 0.251842753125
0 0.3593238828125 0.21928746875 0.3593238828125 0.2254299765625 0.3655943296875 0.22235872343750002 0.3655943296875 0.21621621562499999 0.3593238828125 0.21928746875
0 0.38413304375 0.21621621562499999 0.382224646875 0.220515971875 0.387677209375 0.220515971875 0.3890403484375 0.21621621562499999 0.38413304375 0.21621621562499999
0 0.40485278124999996 0.153562653125 0.40839694687500006 0.153562653125 0.40485278124999996 0.127149878125 0.402944384375 0.1289926296875 0.40485278124999996 0.153562653125