0 0.4732824421875 0.7868550359375 0.46919302187499995 0.7850122859375 0.46564885624999997 0.791154790625 0.46646674062500004 0.8022113031250001 0.46919302187499995 0.804054053125 0.4732824421875 0.7942260437499999 0.4732824421875 0.7868550359375
0 0.7720828796875 0.8974201468749999 0.7685387140625 0.89373464375 0.765267175 0.89373464375 0.7576335890625 0.9140049140625001 0.7584514718750001 0.9238329234375 0.761723009375 0.9312039296875 0.765267175 0.9330466828124999 0.7685387140625 0.9342751843749999 0.779716465625 0.9170761687500001 0.7783533265625 0.9127764140625001 0.7756270453125 0.903562653125 0.7720828796875 0.8974201468749999
0 0.462922575 0.8814496328124999 0.4697382765625 0.8845208843749999 0.48227917031249995 0.8316953312500001 0.48091603125000004 0.8243243250000001 0.477371865625 0.8243243250000001 0.4732824421875 0.8224815718749999 0.4615594328125 0.8740786249999999 0.462922575 0.8814496328124999
0 0.8437840796874999 0.5982800984375001 0.8396946562500001 0.59398034375 0.836968375 0.59398034375 0.8274263890625001 0.6013513515625 0.8279716468749999 0.6111793609375 0.8347873515625001 0.6185503671875 0.8383315171874999 0.6216216218749999 0.8410577984375 0.624692875 0.8459651031250001 0.6203931203125 0.8459651031250001 0.6111793609375 0.8459651031250001 0.60503685625 0.8437840796874999 0.5982800984375001
0 0.8797709921875001 0.3900491390625 0.8824972734375001 0.3918918921875 0.8852235546875 0.39312039374999996 0.894220284375 0.38083537968750003 0.8936750265625 0.375921375 0.8923118875 0.37162162187500003 0.8893129765625 0.3697788703125 0.8784078515625 0.3826781328125 0.8784078515625 0.385749384375 0.8797709921875001 0.3900491390625
0 0.9798255171875001 0.021498771875 0.9860959640625 0.012285012500000001 0.983914940625 0.009213759375 0.9743729546875001 0.01842751875 0.9653762265625 0.0368550359375 0.9659214828125 0.039926290625 0.9798255171875001 0.021498771875
0 0.84514721875 0.2254299765625 0.8424209375 0.23157248125000002 0.8500545265625 0.24692874687500002 0.8563249734375 0.23955774062500002 0.84514721875 0.2254299765625
0 0.8396946562500001 0.1990172 0.8459651031250001 0.19717444687500002 0.840512540625 0.17874692812499998 0.83424209375 0.1799754296875 0.8396946562500001 0.1990172
0 0.9626499453124999 0.052825553125 0.9667393671875001 0.0558968046875 0.9702835343749999 0.0558968046875 0.9784623781249999 0.0386977890625 0.984732825 0.01842751875 0.9825518000000001 0.0171990171875 0.9735550703125 0.032555284375 0.9640130859375 0.0466830453125 0.9626499453124999 0.052825553125
0 0.674209378125 0.091523340625 0.6698473296875 0.1007371015625 0.6706652109375 0.10995086093749999 0.677480915625 0.11302211250000001 0.6851145046875 0.11302211250000001 0.68647764375 0.10565110625 0.6837513625 0.1007371015625 0.68647764375 0.09336609375 0.6837513625 0.0853808359375 0.674209378125 0.091523340625
0 0.9411123218749999 0.096437346875 0.9460196296875001 0.103808353125 0.9555616125 0.03071253125 0.9514721921874999 0.033783784375 0.9411123218749999 0.096437346875
0 0.86041439375 0.23157248125000002 0.8508724109375001 0.21744471562499998 0.8446019640625 0.2254299765625 0.8555070890625001 0.23955774062500002 0.86041439375 0.23157248125000002