0 0.944270834375 0.202314815625 0.9421875 0.2180555546875 0.955989584375 0.22083333437500002 0.959895834375 0.200925925 0.944270834375 0.202314815625
0 0.819010415625 0.40648148125 0.8416666656249999 0.36759259375000003 0.8247395843750001 0.3370370359375 0.797135415625 0.377314815625 0.815104165625 0.41018518437499996 0.819010415625 0.40648148125
0 0.990885415625 0.7745370359375 0.9846354156249999 0.779166665625 0.995052084375 0.8222222218749999 0.9984375 0.814814815625 0.990885415625 0.7745370359375
0 0.83359375 0.7976851843749999 0.8513020843750001 0.813425925 0.860416665625 0.7819444453125 0.841145834375 0.7648148156250001 0.8315104156249999 0.7893518515625 0.83359375 0.7976851843749999
0 0.40052083437499997 0.8638888890624999 0.395052084375 0.86990740625 0.40390625 0.890740740625 0.4109375 0.8796296296874999 0.40052083437499997 0.8638888890624999
0 0.990885415625 0.235185184375 0.9984375 0.21203703593749998 0.9984375 0.20370370468750001 0.9963541656249999 0.2 0.985416665625 0.22685185156249998 0.990885415625 0.235185184375
0 0.19921875 0.65 0.20130208437500002 0.6606481484375 0.21510416562499998 0.6680555546875 0.21901041562499998 0.6606481484375 0.223958334375 0.65 0.20338541562499998 0.6351851843749999 0.19921875 0.65
0 0.3640625 0.5495370359375 0.36614583437500003 0.5421296296875 0.362760415625 0.53240740625 0.355989584375 0.53240740625 0.35442708437500003 0.5384259250000001 0.355989584375 0.5481481484375 0.3640625 0.5495370359375
0 0.49270833437499995 0.4236111109375 0.49140625 0.43842592500000005 0.506510415625 0.4430555546875 0.509114584375 0.425 0.49270833437499995 0.4236111109375
0 0.429427084375 0.40879629531250006 0.429427084375 0.4018518515625 0.437760415625 0.396759259375 0.43619791562500004 0.383333334375 0.42109375 0.39074074062499997 0.42109375 0.40879629531250006 0.429427084375 0.40879629531250006
0 0.48984375 0.48472222187499997 0.48307291562500004 0.4944444453125 0.50078125 0.5129629640625 0.503645834375 0.504166665625 0.48984375 0.48472222187499997
0 0.1140625 0.2305555546875 0.11614583437499999 0.25601851875000003 0.12369791562500002 0.25 0.11953125 0.22546296406250002 0.1140625 0.2305555546875
0 0.0265625 0.671759259375 0.02734375 0.64259259375 0.016927084375000002 0.6412037046875 0.013020834375000002 0.6486111109375 0.011458334375 0.6754629640625 0.021875 0.679166665625 0.0265625 0.671759259375
0 0.659635415625 0.902777778125 0.666666665625 0.899074075 0.666666665625 0.877314815625 0.65703125 0.877314815625 0.652864584375 0.8870370359375 0.652083334375 0.899074075 0.659635415625 0.902777778125
0 0.063541665625 0.9620370359375 0.060677084375 0.9694444453125 0.072395834375 0.9828703703125001 0.080208334375 0.9643518515625 0.063541665625 0.9620370359375
0 0.05234375 0.22777777812500002 0.06015625 0.222685184375 0.06015625 0.20277777812500003 0.053125 0.2018518515625 0.051822915625 0.21898148125 0.05234375 0.22777777812500002
0 0.49739583437499996 0.990740740625 0.49270833437499995 0.999074075 0.509895834375 0.997685184375 0.509895834375 0.9916666656249999 0.49739583437499996 0.990740740625