0 0.076335878125 0.324938575 0.0929661953125 0.315724815625 0.10877862499999999 0.2985257984375 0.10414394687499999 0.2862407859375 0.08669574687500001 0.30159705 0.07442748125000001 0.31695331718749997 0.076335878125 0.324938575
0 0.589967284375 0.9017199015624999 0.587786259375 0.907862409375 0.5727917109375 0.9158476656250001 0.5727917109375 0.9238329234375 0.587241003125 0.925061425 0.5967829874999999 0.925061425 0.6134133046875 0.9170761687500001 0.6120501640625 0.9047911531249999 0.6112322781249999 0.8906633921875 0.589967284375 0.9017199015624999
0 0.75272628125 0.91891891875 0.7450926953125 0.9299754296874999 0.7576335890625 0.95761670625 0.765267175 0.9404176906249999 0.75272628125 0.91891891875
0 0.735550709375 0.895577396875 0.741003271875 0.8845208843749999 0.7396401296875 0.8611793609375 0.7333696828125 0.85687960625 0.7260087234375 0.8611793609375 0.7251908390625 0.8832923828125001 0.735550709375 0.895577396875
0 0.9825518000000001 0.8488943484375 0.9770992359375 0.8488943484375 0.9784623781249999 0.8863636375 0.98745910625 0.8875921375000001 0.98745910625 0.8519656015624999 0.9825518000000001 0.8488943484375
0 0.4904580140625 0.2033169546875 0.5049073046875 0.17874692812499998 0.505725190625 0.16953317031249998 0.4912758984375 0.15233415156250002 0.4768266078125 0.1738329234375 0.4768266078125 0.186117934375 0.4904580140625 0.2033169546875
0 0.47873500468749997 0.0030712531250000003 0.47110141875 0.012285012500000001 0.474645584375 0.02027026875 0.482824428125 0.009213759375 0.47873500468749997 0.0030712531250000003
0 0.5389858249999999 0.0853808359375 0.5346237734375 0.08046682968749999 0.5291712109375 0.0853808359375 0.52998909375 0.091523340625 0.5359869140625 0.09459459375 0.5389858249999999 0.0853808359375
0 0.636859325 0.1818181828125 0.6409487453125 0.16953317031249998 0.6264994546875 0.15970515937500002 0.6202290078125 0.16769041875 0.6273173390625 0.1799754296875 0.636859325 0.1818181828125
0 0.5954198468749999 0.021498771875 0.5940567062500001 0.03071253125 0.5981461296874999 0.03071253125 0.5989640125 0.0233415234375 0.5954198468749999 0.021498771875
0 0.7017448203125001 0.1117936125 0.700926934375 0.1210073703125 0.7142857140625 0.122850121875 0.714830971875 0.114864865625 0.7017448203125001 0.1117936125
0 0.7756270453125 0.352579853125 0.7761723 0.3593366078125 0.7818974921875 0.3636363625 0.7949836421875001 0.3624078625 0.7963467843750001 0.3574938578125 0.7941657578125 0.34828009843749996 0.7824427468749999 0.34828009843749996 0.7756270453125 0.352579853125
0 0.82878953125 0.31695331718749997 0.8383315171874999 0.34029484062500004 0.84514721875 0.34029484062500004 0.8486913843749999 0.33108108125 0.8486913843749999 0.3261670765625 0.8446019640625 0.3261670765625 0.8356052359374999 0.309582309375 0.82878953125 0.31695331718749997
0 0.5359869140625 0.3605651109375 0.5359869140625 0.34950859843750004 0.523718646875 0.34029484062500004 0.515267175 0.34029484062500004 0.5139040359375 0.34213759062500004 0.520992365625 0.35565110624999996 0.5332606328125 0.3685503671875 0.5359869140625 0.3605651109375
0 0.7568157046875 0.08046682968749999 0.7666303171875 0.0866093359375 0.7720828796875 0.08046682968749999 0.761723009375 0.074324325 0.7568157046875 0.08046682968749999