0 0.49618320625 0.0466830453125 0.49318429531249997 0.06818181718750001 0.49318429531249997 0.0995085984375 0.49945474218749997 0.10687960625 0.50436205 0.102579853125 0.506543075 0.074324325 0.5035441656249999 0.0497543 0.5035441656249999 0.0368550359375 0.49945474218749997 0.033783784375 0.49618320625 0.035626535937499995 0.49618320625 0.0466830453125
0 0.681842965625 0.752457003125 0.6837513625 0.7678132671875 0.69193020625 0.7678132671875 0.6968375140624999 0.7665847671875 0.700926934375 0.7647420140625 0.700926934375 0.7542997546875 0.6962922578125 0.7444717453125 0.68647764375 0.7432432421875 0.681842965625 0.752457003125
0 0.31243184375 0.73095823125 0.31243184375 0.7383292375 0.315158125 0.740171990625 0.31597600937500003 0.73095823125 0.31243184375 0.73095823125
0 0.474645584375 0.498771496875 0.46646674062500004 0.508599509375 0.4814612859375 0.5737100749999999 0.489912759375 0.5614250625 0.474645584375 0.498771496875
0 0.9599236640625 0 0.9563794968750001 0.010442259375 0.9509269343750001 0.0171990171875 0.938386040625 0.035626535937499995 0.9405670671875 0.0497543 0.9460196296875001 0.052825553125 0.9645583406249999 0.0233415234375 0.9645583406249999 0.010442259375 0.9708287890625 0.007371007812499999 0.9721919296875001 0 0.9653762265625 0 0.9599236640625 0
0 0.372410034375 0.5534398031250001 0.3538713203125 0.541154790625 0.3511450390625 0.5534398031250001 0.34623773125 0.571867321875 0.3484187578125 0.5706388203125 0.34896401250000003 0.58292383125 0.366957471875 0.58292383125 0.3655943296875 0.5737100749999999 0.369683753125 0.571867321875 0.372410034375 0.5534398031250001
0 0.44847328124999997 0.5552825546875 0.459378409375 0.5767813265624999 0.462922575 0.571867321875 0.46564885624999997 0.5786240796875 0.48227917031249995 0.5952088468750001 0.4877317328125 0.5737100749999999 0.4697382765625 0.5583538078125 0.46646674062500004 0.559582309375 0.4623773171875 0.55159705 0.45119956562499997 0.5485257984375 0.4476553984375 0.54238329375 0.4449291171875 0.5534398031250001 0.44847328124999997 0.5552825546875
0 0.3429661953125 0.5116707625 0.339967284375 0.5178132671875 0.3429661953125 0.520884521875 0.3456924765625 0.5159705171875 0.3429661953125 0.5116707625
0 0.347055615625 0.45085995156249997 0.3380588875 0.46805896875 0.3380588875 0.478501228125 0.3519629234375 0.458845209375 0.347055615625 0.45085995156249997
0 0.37677208125 0.5534398031250001 0.3827699015625 0.5552825546875 0.3863140671875 0.5454545453125 0.37322791875 0.5067567578125 0.367775353125 0.5116707625 0.365049071875 0.522113021875 0.37677208125 0.5534398031250001
0 0.3620501640625 0.447788696875 0.36068702343750003 0.4385749375 0.35032715312499996 0.4416461921875 0.3533260625 0.4852579859375 0.357960740625 0.49754299687500003 0.36068702343750003 0.5251842734375 0.365049071875 0.520884521875 0.3620501640625 0.49447174531250004 0.3636859328125 0.4821867328125 0.3620501640625 0.447788696875
0 0.3781352234375 0.4742014734375 0.3636859328125 0.477272728125 0.3620501640625 0.49447174531250004 0.3781352234375 0.5055282546875 0.382224646875 0.501842753125 0.3827699015625 0.4821867328125 0.3781352234375 0.4742014734375