0 0.331243184375 0.5270270265625 0.33396946562499996 0.571867321875 0.34623773125 0.565724815625 0.34351145 0.5178132671875 0.331243184375 0.5270270265625
0 0.5719738265625 0.6375921375 0.569792803125 0.6480343984375 0.5678844062499999 0.6732186734375001 0.5727917109375 0.6885749375 0.5719738265625 0.6947174453125 0.57878953125 0.6885749375 0.5864231171875 0.6793611796875 0.5858778625000001 0.6547911531249999 0.587786259375 0.634520884375 0.5836968359375 0.624692875 0.576881134375 0.6203931203125 0.5719738265625 0.6375921375
0 0.9991821156249999 0.5552825546875 0.994274809375 0.5552825546875 0.9915485281249999 0.5626535625 0.9901853875000001 0.571867321875 0.9901853875000001 0.5798525796875 0.9991821156249999 0.5859950859375 0.9991821156249999 0.5552825546875
0 0.8784078515625 0.29361179375 0.8688658671875 0.309582309375 0.8748636843750001 0.3390663390625 0.8865866953125 0.34213759062500004 0.8955834234375001 0.3372235859375 0.9026717546875 0.3292383296875 0.90594329375 0.310810809375 0.894220284375 0.3077395578125 0.8879498359375001 0.3046683046875 0.8784078515625 0.29361179375
0 0.98527808125 0.090294840625 0.9820065437500001 0.10687960625 0.988822246875 0.10995086093749999 0.99291166875 0.1117936125 0.9950926953125 0.1007371015625 0.9956379500000001 0.09459459375 0.994274809375 0.083538084375 0.988822246875 0.090294840625 0.98527808125 0.090294840625
0 0.02889858125 0.3292383296875 0.0329880046875 0.3280098265625 0.0365321703125 0.3187960703125 0.0302617234375 0.310810809375 0.0239912765625 0.3187960703125 0.0212649953125 0.3280098265625 0.02889858125 0.3292383296875
0 0.12677208125 0.42567567500000003 0.129498365625 0.4213759203125 0.130316246875 0.41339066406249997 0.11913849531250001 0.40110565156250005 0.11586695625000001 0.40417690312500004 0.11504907187499999 0.4103194109375 0.12677208125 0.42567567500000003
0 0.07579062187499999 0.2966830453125 0.07170119999999999 0.3261670765625 0.0793347890625 0.324938575 0.0820610703125 0.29361179375 0.07579062187499999 0.2966830453125
0 0.0338058890625 0.2997543 0.029443839062499998 0.2997543 0.02889858125 0.3058968046875 0.0321701203125 0.3058968046875 0.0338058890625 0.2997543
0 0.4443838609375 0 0.44302071875 0.02027026875 0.445747 0.0479115484375 0.45338058906249995 0.041769040625 0.45201744687499995 0.01842751875 0.44629225781250004 0 0.4443838609375 0
0 0.037895309375000005 0.29361179375 0.0357142859375 0.2985257984375 0.0357142859375 0.31695331718749997 0.03980370625 0.3200245703125 0.0425299875 0.31695331718749997 0.0425299875 0.29545454531250004 0.037895309375000005 0.29361179375
0 0.146946565625 0.0866093359375 0.152944384375 0.11302211250000001 0.167666303125 0.14312039375000002 0.173118865625 0.1363636375 0.1744820078125 0.124078625 0.16003271562500002 0.09336609375 0.149672846875 0.08046682968749999 0.146946565625 0.0866093359375
0 0.057797165625 0.324938575 0.06679389375 0.3359950859375 0.070883315625 0.334152334375 0.07224645625000001 0.33108108125 0.07224645625000001 0.323095821875 0.063249728125 0.313882065625 0.059978190625000004 0.31695331718749997 0.057797165625 0.324938575
0 0.5196292265625 0.0669533171875 0.5229007640625001 0.090294840625 0.5278080703125 0.102579853125 0.5313522359375 0.102579853125 0.535441659375 0.0773955765625 0.5313522359375 0.060196559375 0.524263903125 0.0558968046875 0.5196292265625 0.0669533171875
0 0.03435114375 0.2997543 0.0425299875 0.29545454531250004 0.0482551796875 0.27334152343749996 0.040621590624999995 0.27027026875 0.0365321703125 0.2874692890625 0.03435114375 0.2997543
0 0.0468920390625 0.30159705 0.0482551796875 0.2966830453125 0.0509814609375 0.29238329375 0.049618320312500006 0.282555284375 0.046074153125 0.282555284375 0.0411668484375 0.2862407859375 0.040621590624999995 0.29238329375 0.043347871875 0.2966830453125 0.0468920390625 0.30159705