0 0.0820610703125 0.096437346875 0.07988004374999999 0.0853808359375 0.076335878125 0.0773955765625 0.0749727375 0.0792383296875 0.076335878125 0.08845208906249999 0.07851690312500001 0.09766584843750001 0.0820610703125 0.096437346875
0 0.23854961718749998 0.1210073703125 0.23718647812500002 0.125921375 0.24754634687500002 0.127149878125 0.2510905125 0.1210073703125 0.23854961718749998 0.1210073703125
0 0.28980370624999996 0.10565110625 0.28271537812499997 0.10687960625 0.28271537812499997 0.11302211250000001 0.28762268281250003 0.1167076171875 0.29171210625 0.11302211250000001 0.28980370624999996 0.10565110625
0 0.3961286796875 0.07125307187499999 0.390403490625 0.07125307187499999 0.390403490625 0.0773955765625 0.3961286796875 0.074324325 0.3961286796875 0.07125307187499999
0 0.306161396875 0.06818181718750001 0.3083424203125 0.0853808359375 0.3118865859375 0.0866093359375 0.3091603046875 0.06818181718750001 0.306161396875 0.06818181718750001
0 0.1897491828125 0.090294840625 0.1826608515625 0.091523340625 0.1834787359375 0.09766584843750001 0.1897491828125 0.096437346875 0.1897491828125 0.090294840625
0 0.32224645625 0.15663390625 0.32142857187499996 0.1633906640625 0.32769901875 0.16646191562499998 0.329062159375 0.15663390625 0.32224645625 0.15663390625
0 0.4124863671875 0.1492628984375 0.42011995625000004 0.14434889374999998 0.418211559375 0.135135134375 0.4119411125 0.1412776421875 0.4124863671875 0.1492628984375
0 0.31788440625000003 0.08845208906249999 0.31597600937500003 0.10565110625 0.32224645625 0.103808353125 0.324154853125 0.091523340625 0.31788440625000003 0.08845208906249999
0 0.32769901875 0.065110565625 0.3282442734375 0.08230958125 0.332606325 0.08230958125 0.331788440625 0.065110565625 0.32769901875 0.065110565625
0 0.4525627046875 0.08230958125 0.45119956562499997 0.09336609375 0.4552889859375 0.090294840625 0.45747001249999997 0.083538084375 0.4525627046875 0.08230958125
0 0.41521264843749994 0.074324325 0.4097600859375 0.0761670765625 0.410577971875 0.08046682968749999 0.41603053437500004 0.08046682968749999 0.41521264843749994 0.074324325
0 0.337241003125 0.08845208906249999 0.34351145 0.0853808359375 0.3429661953125 0.0773955765625 0.336695746875 0.08230958125 0.337241003125 0.08845208906249999
0 0.42557251875 0.073095821875 0.42011995625000004 0.073095821875 0.41957469999999997 0.08046682968749999 0.4250272625 0.0792383296875 0.42557251875 0.073095821875