0 0.9392039249999999 0.84275184375 0.9334787359375 0.8366093359375 0.9149400218749999 0.845823096875 0.9184841875 0.8630221125 0.9280261734374999 0.8740786249999999 0.9261177765624999 0.8832923828125001 0.9405670671875 0.9158476656250001 0.9522900765625 0.9219901734375 0.9577426390625 0.9312039296875 0.9626499453124999 0.9269041781249999 0.9599236640625 0.9158476656250001 0.9604689203125 0.8894348890625 0.9509269343750001 0.872235871875 0.945474371875 0.8710073703125 0.9460196296875001 0.853808353125 0.9392039249999999 0.84275184375
0 0.3691384953125 0.1738329234375 0.365049071875 0.186117934375 0.3745910578125 0.186117934375 0.3781352234375 0.175675675 0.3691384953125 0.1738329234375
0 0.7720828796875 0.23157248125000002 0.7701744828125 0.228501228125 0.767175571875 0.22972973125 0.7639040359375 0.25 0.767175571875 0.25614250781250003 0.7720828796875 0.23157248125000002
0 0.426390403125 0.4551597046875 0.42693565937500005 0.46928746875 0.44983642343749997 0.4631449640625 0.4476553984375 0.4490172 0.426390403125 0.4551597046875
0 0.520992365625 0.2131449640625 0.518811340625 0.2113022109375 0.5174482 0.2131449640625 0.518266084375 0.22358722343749998 0.5215376218750001 0.2254299765625 0.520992365625 0.2131449640625
0 0.27453653125 0.2985257984375 0.2641766640625 0.3077395578125 0.263358778125 0.3200245703125 0.27317339218750003 0.3200245703125 0.28762268281250003 0.313882065625 0.287077425 0.2966830453125 0.27453653125 0.2985257984375
0 0.5864231171875 0.22235872343750002 0.590512540625 0.23157248125000002 0.59623773125 0.22235872343750002 0.5940567062500001 0.21621621562499999 0.5864231171875 0.22235872343750002
0 0.656761178125 0.22665847656250002 0.6553980359375 0.22972973125 0.65485278125 0.23771498750000003 0.6624863671875 0.23771498750000003 0.6624863671875 0.228501228125 0.656761178125 0.22665847656250002
0 0.576881134375 0.3513513515625 0.5678844062499999 0.352579853125 0.567066521875 0.35565110624999996 0.5706106875 0.372850121875 0.5774263890625 0.37776412812500004 0.5782442734375 0.3667076171875 0.576881134375 0.3513513515625
0 0.4490185390625 0.324938575 0.4471101421875 0.334152334375 0.4525627046875 0.3390663390625 0.45610687031249997 0.324938575 0.4490185390625 0.324938575
0 0 0.66707616875 0.0040894234375 0.66707616875 0.0068157046875 0.6590909093749999 0.01908396875 0.646805896875 0.019901853125 0.6388206390625 0.02344601875 0.6326781328125 0.040621590624999995 0.5952088468750001 0.0357142859375 0.584766584375 0.0239912765625 0.5890663390624999 0.0095419859375 0.6185503671875 0.0095419859375 0.624692875 0.0054525625 0.6296068796875 0 0.652948403125 0 0.66707616875
0 0.28625954062500003 0.2051597046875 0.283533259375 0.1830466828125 0.2813522359375 0.16953317031249998 0.280806978125 0.1726044234375 0.280806978125 0.186117934375 0.2821701203125 0.20823095937499997 0.28625954062500003 0.2051597046875
0 0.6990185390625 0.186117934375 0.6995637953125 0.19717444687500002 0.7142857140625 0.19717444687500002 0.7142857140625 0.18980344062500001 0.6990185390625 0.186117934375
0 0.651308615625 0.1928746921875 0.6603053437499999 0.1879606875 0.65485278125 0.175675675 0.64940021875 0.1738329234375 0.6417666296875 0.1818181828125 0.6436750265625 0.1879606875 0.651308615625 0.1928746921875
0 0.295256271875 0.20823095937499997 0.297982553125 0.2113022109375 0.30207197343750003 0.20823095937499997 0.30016357656250003 0.18980344062500001 0.2958015265625 0.1738329234375 0.2944383875 0.175675675 0.2944383875 0.1928746921875 0.295256271875 0.20823095937499997
0 0.429116684375 0.253071253125 0.431297709375 0.25614250781250003 0.4381134140625 0.253071253125 0.43538713281249997 0.25 0.429116684375 0.253071253125
0 0.421483096875 0.27027026875 0.41521264843749994 0.26597051718750003 0.4119411125 0.27518427343749996 0.41603053437500004 0.279484028125 0.421483096875 0.27027026875
0 0.283533259375 0.21928746875 0.2813522359375 0.22665847656250002 0.339422028125 0.228501228125 0.339967284375 0.220515971875 0.283533259375 0.21928746875