0 0.283533259375 0.509828009375 0.2884405671875 0.508599509375 0.30207197343750003 0.458845209375 0.29880043437500003 0.45700245625 0.295256271875 0.4539312046875 0.29171210625 0.4520884515625 0.2786259546875 0.5036855046875 0.283533259375 0.509828009375
0 0.3282442734375 0.1922604421875 0.336695746875 0.1990172 0.34078516875 0.175675675 0.339967284375 0.16953317031249998 0.3282442734375 0.1646191640625 0.32224645625 0.1830466828125 0.3282442734375 0.1922604421875
0 0.46074154843750004 0.6406633921875 0.463740459375 0.665233415625 0.4697382765625 0.6713759203125 0.47546346875 0.6590909093749999 0.47546346875 0.6517199015624999 0.477371865625 0.646805896875 0.4760087234375 0.6406633921875 0.4670119953125 0.6314496328125 0.46074154843750004 0.6406633921875
0 0.6376772093749999 0.646805896875 0.6256815703124999 0.64373464375 0.625136315625 0.6578624093750001 0.6292257359375 0.6640049140625 0.6300436203124999 0.6812039296875 0.640403490625 0.690417690625 0.6553980359375 0.6885749375 0.6526717546875 0.6701474203125 0.651308615625 0.6517199015624999 0.6376772093749999 0.646805896875
0 0.8094329328125 0.6203931203125 0.8225190843749999 0.6375921375 0.8266085046875 0.6375921375 0.8274263890625001 0.626535628125 0.8279716468749999 0.6142506156249999 0.8225190843749999 0.6142506156249999 0.8148854953125 0.5982800984375001 0.8094329328125 0.6203931203125
0 0.8315158125 0.7960687953125001 0.8328789515624999 0.8175675671875 0.8347873515625001 0.8206388203125 0.8391493984375 0.8243243250000001 0.8432388218750001 0.7979115484375 0.8437840796874999 0.7850122859375 0.8391493984375 0.778869778125 0.833424209375 0.7807125312500001 0.8315158125 0.7960687953125001
0 0.49618320625 0.2874692890625 0.49618320625 0.27211302187499997 0.49536532187500004 0.2641277640625 0.49182115625 0.26597051718750003 0.489912759375 0.27027026875 0.489912759375 0.2862407859375 0.49618320625 0.2874692890625
0 0.64503816875 0.33230958125 0.633315159375 0.345208846875 0.636859325 0.352579853125 0.648582334375 0.34029484062500004 0.64503816875 0.33230958125
0 0.505725190625 0.1210073703125 0.51254089375 0.1167076171875 0.5098146125 0.10872235781249999 0.50926935625 0.102579853125 0.5035441656249999 0.0995085984375 0.49809160312499995 0.10565110625 0.505725190625 0.1210073703125
0 0.6390403484375 0.186117934375 0.6382224640625 0.1941031953125 0.64940021875 0.20208845156250002 0.6499454734375 0.191031940625 0.6390403484375 0.186117934375
0 0.5774263890625 0.124078625 0.5774263890625 0.1320638828125 0.5858778625000001 0.1320638828125 0.585059978125 0.122850121875 0.5774263890625 0.124078625