0 0.47273718750000004 0.375921375 0.492639040625 0.385749384375 0.494820065625 0.3789926296875 0.49536532187500004 0.372850121875 0.49400217968750004 0.3667076171875 0.4760087234375 0.3593366078125 0.47273718750000004 0.3697788703125 0.47273718750000004 0.375921375
0 0.9198473296874999 0.498771496875 0.9067611781249999 0.4520884515625 0.9018538703125 0.458845209375 0.89503816875 0.48648648593750005 0.9135768828125 0.5055282546875 0.9198473296874999 0.498771496875
0 0.543620503125 0.153562653125 0.5444383875 0.14312039375000002 0.543620503125 0.1320638828125 0.5422573609375 0.1320638828125 0.54171210625 0.14434889374999998 0.5403489640625 0.15540540625000002 0.543620503125 0.153562653125
0 0.4912758984375 0.22235872343750002 0.49945474218749997 0.21621621562499999 0.497546346875 0.20945945937500002 0.4904580140625 0.20945945937500002 0.48636859374999997 0.2143734640625 0.48636859374999997 0.220515971875 0.4912758984375 0.22235872343750002
0 0.54989095 0.15540540625000002 0.550708834375 0.1412776421875 0.54989095 0.135135134375 0.549073065625 0.135135134375 0.5485278078125 0.14312039375000002 0.5477099234375 0.153562653125 0.54989095 0.15540540625000002
0 0.9468375140624999 0.2131449640625 0.9446564875 0.2113022109375 0.94193020625 0.20945945937500002 0.938386040625 0.228501228125 0.9432933484375001 0.2328009828125 0.9468375140624999 0.2131449640625
0 0.8094329328125 0.19717444687500002 0.8072519093749999 0.20638820624999998 0.8157033796875 0.2033169546875 0.8162486375 0.19717444687500002 0.8094329328125 0.19717444687500002
0 0.68320610625 0.1726044234375 0.68320610625 0.1818181828125 0.6859323890625 0.1818181828125 0.6859323890625 0.1726044234375 0.68320610625 0.1726044234375
0 0.5864231171875 0.1492628984375 0.585059978125 0.15540540625000002 0.587786259375 0.15540540625000002 0.590512540625 0.1492628984375 0.5864231171875 0.1492628984375
0 0.540894221875 0.1879606875 0.549073065625 0.1879606875 0.549073065625 0.17690417812499998 0.540894221875 0.17874692812499998 0.5368047984375 0.17874692812499998 0.5368047984375 0.1879606875 0.540894221875 0.1879606875
0 0.6093238828125 0.23157248125000002 0.605234459375 0.2346437359375 0.6134133046875 0.2426289921875 0.619683753125 0.23955774062500002 0.6093238828125 0.23157248125000002
0 0.9280261734374999 0.20823095937499997 0.9261177765624999 0.2131449640625 0.9203925843749999 0.2131449640625 0.9190294453125001 0.21928746875 0.9217557265625 0.22235872343750002 0.9252998921875 0.2254299765625 0.9307524546874999 0.22665847656250002 0.93647764375 0.220515971875 0.938386040625 0.2143734640625 0.93647764375 0.20823095937499997 0.9280261734374999 0.20823095937499997
0 0.6954743718749999 0.2328009828125 0.6962922578125 0.2364864859375 0.6995637953125 0.2346437359375 0.7022900765625 0.228501228125 0.7003816796875 0.22358722343749998 0.6941112328125 0.22665847656250002 0.6954743718749999 0.2328009828125
0 0.6436750265625 0.186117934375 0.6423118875 0.191031940625 0.6436750265625 0.1941031953125 0.64503816875 0.18980344062500001 0.6436750265625 0.186117934375
0 0.8086150484375001 0.34213759062500004 0.8031624859375001 0.34828009843749996 0.8067066515624999 0.3593366078125 0.8094329328125 0.365479115625 0.8143402406250001 0.3624078625 0.8184296609375 0.354422603125 0.8162486375 0.346437346875 0.8113413296875001 0.34029484062500004 0.8086150484375001 0.34213759062500004
0 0.6464013078125 0.186117934375 0.64940021875 0.1941031953125 0.654034896875 0.1941031953125 0.6553980359375 0.191031940625 0.6521264999999999 0.1879606875 0.6464013078125 0.186117934375
0 0.938386040625 0.27027026875 0.945474371875 0.26904176875 0.9438386031249999 0.2610565125 0.9411123218749999 0.2610565125 0.938386040625 0.27027026875
0 0.9438386031249999 0.25 0.9446564875 0.2426289921875 0.9411123218749999 0.23955774062500002 0.93647764375 0.24692874687500002 0.9302071968750001 0.2641277640625 0.93647764375 0.27211302187499997 0.9438386031249999 0.25
0 0.6507633578124999 0.428746928125 0.663031625 0.41339066406249997 0.6643947640625 0.3980343984375 0.6624863671875 0.39312039374999996 0.6562159203125 0.38882063906250003 0.651308615625 0.39496314374999997 0.6472191921875 0.4121621609375 0.6507633578124999 0.428746928125