0 0.0054525625 0.33230958125 0.014449290625 0.3292383296875 0.025354415624999998 0.3200245703125 0.01908396875 0.30159705 0.0068157046875 0.2985257984375 0 0.30159705 0.001908396875 0.3280098265625 0.0054525625 0.33230958125
0 0.0965103609375 0.878378378125 0.11723009843750001 0.91891891875 0.1226826609375 0.9097051593750001 0.10877862499999999 0.8845208843749999 0.0965103609375 0.878378378125
0 0.1393129765625 0.6762899250000001 0.178571428125 0.624692875 0.1750272625 0.6216216218749999 0.1406761171875 0.6701474203125 0.1393129765625 0.6762899250000001
0 0.423664121875 0.26904176875 0.426390403125 0.25798525781250004 0.40839694687500006 0.24692874687500002 0.40567066562500004 0.2628992625 0.420937840625 0.27211302187499997 0.423664121875 0.26904176875
0 0.6376772093749999 0.3046683046875 0.625136315625 0.3200245703125 0.6300436203124999 0.3292383296875 0.6417666296875 0.313882065625 0.6376772093749999 0.3046683046875
0 0.59351145 0.1289926296875 0.5940567062500001 0.103808353125 0.587786259375 0.102579853125 0.5823336968749999 0.096437346875 0.5796074156250001 0.10995086093749999 0.5796074156250001 0.1210073703125 0.59351145 0.1289926296875
0 0.01908396875 0.6590909093749999 0.035169028125 0.6517199015624999 0.0321701203125 0.623464371875 0.017175571875 0.6283783781250001 0.0087241015625 0.6296068796875 0 0.6357493843750001 0.0005452578125000001 0.6621621609375 0.01908396875 0.6590909093749999
0 0.764449290625 0.3685503671875 0.7693565984374999 0.37162162187500003 0.7715376218750001 0.3636363625 0.77344601875 0.35565110624999996 0.7639040359375 0.34828009843749996 0.7611777531249999 0.3513513515625 0.764449290625 0.3685503671875
0 0.80806979375 0.313882065625 0.80806979375 0.3077395578125 0.7963467843750001 0.29545454531250004 0.7914394765625 0.30159705 0.8053435125 0.31695331718749997 0.80806979375 0.313882065625
0 0.7859869140625 0.26904176875 0.787895309375 0.2628992625 0.7818974921875 0.24570024531249998 0.7761723 0.251842753125 0.779716465625 0.26597051718750003 0.7859869140625 0.26904176875
0 0.7071973828125 0.125921375 0.7080152671875 0.1117936125 0.6913849515625 0.0853808359375 0.68647764375 0.10565110625 0.7022900765625 0.1363636375 0.7071973828125 0.125921375
0 0.7630861515625 0.6173218671875 0.761723009375 0.6081081078125 0.7540894234375 0.60626535625 0.7535441656249999 0.6173218671875 0.7584514718750001 0.6283783781250001 0.7630861515625 0.6173218671875