0 0.47110141875 0.623464371875 0.47110141875 0.6081081078125 0.46782987968749995 0.6013513515625 0.46428571406249997 0.6093366078125 0.463740459375 0.624692875 0.46782987968749995 0.6283783781250001 0.47110141875 0.623464371875
0 0.502998909375 0.1615479109375 0.5070883312500001 0.1799754296875 0.5264449296875 0.1738329234375 0.5223555078125 0.1615479109375 0.502998909375 0.1615479109375
0 0.43538713281249997 0.16769041875 0.431842965625 0.1007371015625 0.4299345703125 0.09336609375 0.42775354375 0.091523340625 0.4299345703125 0.16769041875 0.43402399062499997 0.16769041875 0.43538713281249997 0.16769041875
0 0.391221375 0.346437346875 0.3871319515625 0.3605651109375 0.397491821875 0.3685503671875 0.40076335781249994 0.3593366078125 0.391221375 0.346437346875
0 0.25872410156250003 0.41953317031250004 0.255179934375 0.4336609328125 0.265539803125 0.4336609328125 0.268266084375 0.41953317031250004 0.25872410156250003 0.41953317031250004
0 0.150218103125 0.435503684375 0.152944384375 0.41830466875 0.1428571421875 0.4213759203125 0.141221375 0.435503684375 0.1393129765625 0.4520884515625 0.150218103125 0.447788696875 0.150218103125 0.435503684375
0 0.3533260625 0.323095821875 0.349781896875 0.3359950859375 0.3593238828125 0.34029484062500004 0.3620501640625 0.3292383296875 0.3533260625 0.323095821875
0 0.1744820078125 0.7248157265625 0.1695747 0.7321867328125 0.162758996875 0.752457003125 0.1641221375 0.7678132671875 0.18211559375 0.7665847671875 0.1807524546875 0.758599509375 0.1862050171875 0.751228503125 0.188386040625 0.741400490625 0.184023990625 0.7383292375 0.1799345703125 0.7248157265625 0.1744820078125 0.7248157265625
0 0.30697928124999996 0.17874692812499998 0.310523446875 0.175675675 0.310523446875 0.15663390625 0.30561613906249996 0.1492628984375 0.3047982546875 0.153562653125 0.30343511562500003 0.1615479109375 0.304253 0.1738329234375 0.30697928124999996 0.17874692812499998
0 0.152399128125 0.15049140156250002 0.160577971875 0.15049140156250002 0.16684841875 0.14434889374999998 0.1663031640625 0.1363636375 0.1641221375 0.135135134375 0.152944384375 0.1332923828125 0.149672846875 0.1412776421875 0.146946565625 0.14312039375000002 0.146946565625 0.1492628984375 0.152399128125 0.15049140156250002
0 0.43865867031250005 0.096437346875 0.43729552812500005 0.060196559375 0.43456924687500004 0.039926290625 0.43320610625 0.039926290625 0.431842965625 0.060196559375 0.43320610625 0.096437346875 0.43538713281249997 0.09766584843750001 0.43865867031250005 0.096437346875