0 0.28411458437500003 0.615740740625 0.2828125 0.6328703703125 0.290364584375 0.63148148125 0.292447915625 0.615740740625 0.28411458437500003 0.615740740625
0 0.41458333437499995 0.277314815625 0.40703125 0.2856481484375 0.409114584375 0.291666665625 0.41744791562500005 0.2819444453125 0.41458333437499995 0.277314815625
0 0.547135415625 0.2245370359375 0.551302084375 0.2305555546875 0.563802084375 0.22546296406250002 0.5575520843749999 0.2171296296875 0.547135415625 0.2245370359375
0 0.83359375 0.389814815625 0.834895834375 0.40694444531249996 0.860416665625 0.4120370359375 0.858333334375 0.39259259375 0.83359375 0.389814815625
0 0.6864583343749999 0.133333334375 0.694791665625 0.14583333437499998 0.699739584375 0.139814815625 0.69140625 0.12361111093749999 0.6864583343749999 0.133333334375
0 0.5375 0.972685184375 0.551302084375 0.98148148125 0.554166665625 0.965277778125 0.540885415625 0.9578703703125001 0.5375 0.972685184375
0 0.79765625 0.5569444453125 0.788802084375 0.547222221875 0.7880208343749999 0.550925925 0.78515625 0.5546296296875 0.794791665625 0.565277778125 0.79765625 0.5569444453125
0 0.98046875 0.7703703703125 0.9783854156249999 0.7763888890625 0.98046875 0.7814814812499999 0.98671875 0.78009259375 0.9942708343750001 0.7666666656250001 0.9875 0.7555555546875 0.98046875 0.7703703703125
0 0.89140625 0.997222221875 0.8875 0.9912037046875 0.8846354156249999 0.9837962953125 0.88046875 0.9851851843749999 0.8783854156249999 0.9912037046875 0.8783854156249999 1 0.89140625 0.997222221875
0 0.8729166656249999 0.9606481484374999 0.865885415625 0.9578703703125001 0.8625 0.977777778125 0.864583334375 0.98148148125 0.8716145843750001 0.977777778125 0.8729166656249999 0.9606481484374999
0 0.6078125 0.4171296296875 0.615364584375 0.42546296406249995 0.6161458343749999 0.420833334375 0.611979165625 0.4120370359375 0.605208334375 0.40601851875 0.603645834375 0.4120370359375 0.6078125 0.4171296296875
0 0.5947916656250001 0.42453703593750003 0.598177084375 0.42453703593750003 0.601041665625 0.41944444531249997 0.6015625 0.40972222187499996 0.598177084375 0.40972222187499996 0.5947916656250001 0.4171296296875 0.5947916656250001 0.42453703593750003