0 0.40076335781249994 0.24877149687500003 0.3953107953125 0.1302211296875 0.393129771875 0.1167076171875 0.3898582328125 0.1167076171875 0.3890403484375 0.1289926296875 0.3953107953125 0.253071253125 0.40076335781249994 0.24877149687500003
0 0.516085059375 0.2862407859375 0.5201744828125 0.28132678125 0.518266084375 0.2628992625 0.5147219187500001 0.25614250781250003 0.49400217968750004 0.2610565125 0.49618320625 0.2893120390625 0.516085059375 0.2862407859375
0 0 0.1941031953125 0.0149945484375 0.186117934375 0.0204471109375 0.1799754296875 0.017720829687500002 0.16769041875 0.011723009375 0.16646191562499998 0.0005452578125000001 0.175675675 0 0.1941031953125
0 0 0.752457003125 0.0054525625 0.7432432421875 0.007360959374999999 0.6885749375 0 0.6965601968749999 0 0.752457003125
0 0.1695747 0.7248157265625 0.173118865625 0.7149877140625 0.173118865625 0.7045454546875 0.160577971875 0.697788696875 0.15648855 0.7106879609375001 0.155125409375 0.721130221875 0.1695747 0.7248157265625
0 0.1371319515625 0.6793611796875 0.13794983593750001 0.685503684375 0.142039259375 0.684275184375 0.141221375 0.6762899250000001 0.1371319515625 0.6793611796875
0 0.29116684843749996 0.5319410312499999 0.28762268281250003 0.5485257984375 0.2993456921875 0.5583538078125 0.30343511562500003 0.541154790625 0.29116684843749996 0.5319410312499999
0 0.34487459062500003 0.574938575 0.339967284375 0.5909090906250001 0.3511450390625 0.603194103125 0.3565976015625 0.5890663390624999 0.34487459062500003 0.574938575
0 0.402944384375 0.09766584843750001 0.40212649999999994 0.0792383296875 0.400218103125 0.0761670765625 0.39940021875 0.057125307812500005 0.397491821875 0.057125307812500005 0.3980370765625 0.074324325 0.3966739375 0.0792383296875 0.397491821875 0.103808353125 0.402944384375 0.09766584843750001
0 0.3980370765625 0.1363636375 0.40212649999999994 0.1382063875 0.40430752343750004 0.135135134375 0.402944384375 0.10687960625 0.40076335781249994 0.1007371015625 0.3988549609375 0.08046682968749999 0.397491821875 0.08046682968749999 0.397491821875 0.0995085984375 0.3961286796875 0.102579853125 0.3980370765625 0.1363636375
0 0.2159214828125 0.2549140046875 0.2213740453125 0.2610565125 0.226281353125 0.25798525781250004 0.2276444921875 0.251842753125 0.2276444921875 0.22358722343749998 0.2227371875 0.2113022109375 0.219193021875 0.2113022109375 0.214558340625 0.22972973125 0.2159214828125 0.2549140046875