0 0.43567708437499997 0.066666665625 0.43489583437499996 0.09351851875 0.43697916562500005 0.097222221875 0.43828125 0.1069444453125 0.43984375 0.1069444453125 0.44322916562500003 0.09351851875 0.442447915625 0.066666665625 0.43567708437499997 0.066666665625
0 0.66171875 0.5986111109375 0.66171875 0.5935185187500001 0.658854165625 0.5921296296875 0.657552084375 0.595833334375 0.658854165625 0.5995370359375001 0.66171875 0.5986111109375
0 0.6864583343749999 0.6606481484375 0.677604165625 0.6643518515625 0.67890625 0.6731481484375 0.6864583343749999 0.6703703703125 0.6864583343749999 0.6606481484375
0 0.195052084375 0.053240740625000005 0.1984375 0.0787037046875 0.20338541562499998 0.08009259375 0.20885416562499998 0.0921296296875 0.211458334375 0.089814815625 0.208072915625 0.075 0.20885416562499998 0.06805555468749999 0.19921875 0.051851851562499995 0.195052084375 0.053240740625000005
0 0.8239583343750001 0.952777778125 0.82265625 0.946759259375 0.8122395843750001 0.9430555546875 0.8109375 0.9481481484375 0.82109375 0.961574075 0.8239583343750001 0.952777778125
0 0.756510415625 0.659722221875 0.766145834375 0.6606481484375 0.76953125 0.6546296296875 0.77109375 0.6337962953125 0.7723958343749999 0.6254629640625 0.7627604156250001 0.624074075 0.759375 0.6337962953125 0.756510415625 0.659722221875
0 0.709114584375 0.652314815625 0.70703125 0.6560185187500001 0.708333334375 0.659722221875 0.710416665625 0.658333334375 0.711197915625 0.653240740625 0.709114584375 0.652314815625
0 0.950260415625 0.624074075 0.951822915625 0.6328703703125 0.9614583343750001 0.64490740625 0.971614584375 0.64351851875 0.973697915625 0.6328703703125 0.9723958343750001 0.6254629640625 0.955989584375 0.6129629640625 0.953125 0.6143518515624999 0.950260415625 0.624074075
0 0.91875 0.5787037046875 0.9174479156249999 0.58148148125 0.9200520843750001 0.5875 0.9221354156249999 0.5861111109375 0.9221354156249999 0.58148148125 0.91875 0.5787037046875
0 0.9216145843750001 0.616666665625 0.9236979156249999 0.6129629640625 0.9236979156249999 0.609259259375 0.9216145843750001 0.603240740625 0.91953125 0.6083333343749999 0.91953125 0.6129629640625 0.9216145843750001 0.616666665625
0 0.803385415625 0.1805555546875 0.8 0.19490740625 0.805989584375 0.2 0.81015625 0.1828703703125 0.803385415625 0.1805555546875
0 0.8692708343750001 0.234259259375 0.87265625 0.2328703703125 0.8734375 0.228240740625 0.868489584375 0.21111111093749999 0.8630208343750001 0.213425925 0.865885415625 0.23148148124999998 0.8692708343750001 0.234259259375