0 0 0.5442260437499999 0.0130861515625 0.5380835390625001 0.01363140625 0.528255528125 0.011723009375 0.522113021875 0.007360959374999999 0.5159705171875 0.0040894234375 0.5239557734375 0 0.5239557734375 0 0.5442260437499999
0 0.5796074156250001 0.5614250625 0.589967284375 0.5626535625 0.591330425 0.5565110578125 0.5809705546874999 0.5534398031250001 0.5796074156250001 0.5614250625
0 0.513358778125 0.55036855 0.5169029453125 0.55159705 0.5201744828125 0.5534398031250001 0.523718646875 0.5442260437499999 0.5223555078125 0.522113021875 0.5196292265625 0.51904176875 0.5111777531249999 0.520884521875 0.5111777531249999 0.5251842734375 0.513358778125 0.55036855
0 0.48582333593750004 0.33230958125 0.48636859374999997 0.3390663390625 0.492639040625 0.34213759062500004 0.49536532187500004 0.34213759062500004 0.497546346875 0.334152334375 0.49618320625 0.3261670765625 0.492639040625 0.321867321875 0.48636859374999997 0.3261670765625 0.48582333593750004 0.33230958125
0 0.48718647812500004 0.0700245703125 0.484460196875 0.06326781249999999 0.47273718750000004 0.07125307187499999 0.4732824421875 0.0792383296875 0.4814612859375 0.072481571875 0.48718647812500004 0.0700245703125
0 0.24291166875 0.125921375 0.23991275937499998 0.1320638828125 0.24073064375 0.1332923828125 0.244274809375 0.135135134375 0.2532715390625 0.1302211296875 0.2510905125 0.122850121875 0.24291166875 0.125921375
0 0.347055615625 0.10995086093749999 0.34487459062500003 0.1007371015625 0.3429661953125 0.102579853125 0.3429661953125 0.10995086093749999 0.34351145 0.114864865625 0.34623773125 0.114864865625 0.347055615625 0.10995086093749999
0 0.24836423124999998 0.220515971875 0.24754634687500002 0.2346437359375 0.254634678125 0.228501228125 0.255179934375 0.2143734640625 0.24836423124999998 0.220515971875
0 0.0537077421875 0.27211302187499997 0.062704471875 0.259213759375 0.0613413296875 0.24877149687500003 0.057251909375 0.24570024531249998 0.046074153125 0.2610565125 0.046074153125 0.27027026875 0.0537077421875 0.27211302187499997
0 0.426390403125 0.060196559375 0.429116684375 0.0620393125 0.43047982500000004 0.058968059375000006 0.4299345703125 0.041769040625 0.426390403125 0.0276412765625 0.42557251875 0.0276412765625 0.42557251875 0.039926290625 0.426390403125 0.060196559375
0 0.4250272625 0.091523340625 0.4299345703125 0.090294840625 0.42557251875 0.0620393125 0.42230098125 0.0669533171875 0.4250272625 0.091523340625
0 0.320883315625 0.20024570000000003 0.32006542968749996 0.20638820624999998 0.326335878125 0.2051597046875 0.326335878125 0.1990172 0.320883315625 0.20024570000000003
0 0.3781352234375 0.153562653125 0.37677208125 0.1615479109375 0.3827699015625 0.15970515937500002 0.38413304375 0.153562653125 0.3781352234375 0.153562653125
0 0.273718646875 0.309582309375 0.27453653125 0.3187960703125 0.280806978125 0.31695331718749997 0.28625954062500003 0.309582309375 0.28625954062500003 0.2997543 0.28271537812499997 0.2997543 0.280806978125 0.29238329375 0.27671755781249996 0.2985257984375 0.273718646875 0.309582309375
0 0.4015812421875 0.15663390625 0.400218103125 0.1615479109375 0.40567066562500004 0.1615479109375 0.40839694687500006 0.15663390625 0.4015812421875 0.15663390625
0 0.8811341328125 0.64496314375 0.8486913843749999 0.597051596875 0.8364231171875 0.5982800984375001 0.8396946562500001 0.6185503671875 0.8356052359374999 0.6406633921875 0.8500545265625 0.678132678125 0.8680479828125 0.7027027015625 0.8784078515625 0.7014742015625 0.8860414406249999 0.6824324328125 0.8838604140624999 0.6701474203125 0.8797709921875001 0.6621621609375 0.8811341328125 0.64496314375