0 0.8819520171875 0.864250615625 0.8721374031250001 0.8599508609375001 0.86586695625 0.8660933656250001 0.8702290078124999 0.9207616703125 0.8762268265625 0.9312039296875 0.8819520171875 0.9656019656250001 0.8852235546875 0.9656019656250001 0.8833151593749999 0.9312039296875 0.8874045796875001 0.91891891875 0.8819520171875 0.864250615625
0 0.8784078515625 0.8273955765625001 0.8770447109375 0.814496315625 0.8707742640625 0.8071253078125 0.8645038171874999 0.8052825546875001 0.854143946875 0.84398034375 0.8555070890625001 0.8611793609375 0.8508724109375001 0.8832923828125001 0.854143946875 0.8906633921875 0.8598691390625 0.864250615625 0.8666848406250001 0.8673218671875 0.8784078515625 0.8273955765625001
0 0.44302071875 0.5798525796875 0.4435659765625 0.5878378390625 0.45338058906249995 0.58169533125 0.45338058906249995 0.5737100749999999 0.44302071875 0.5798525796875
0 0.014449290625 0.2671990171875 0.011723009375 0.27518427343749996 0.0130861515625 0.278255528125 0.0185387140625 0.27518427343749996 0.028080696875 0.259213759375 0.026717557812499997 0.251842753125 0.0239912765625 0.251842753125 0.014449290625 0.2671990171875
0 0.0591603046875 0.396191646875 0.05152671875 0.40233415156249996 0.049618320312500006 0.409090909375 0.0523446015625 0.42751842812499996 0.060523446875 0.41646191562499996 0.0591603046875 0.396191646875
0 0.23718647812500002 0.0448402953125 0.24073064375 0.0466830453125 0.24291166875 0.039926290625 0.2358233359375 0.01842751875 0.2295528890625 0.0042997546875 0.22818975 0.0061425078125 0.231733915625 0.0264127765625 0.23718647812500002 0.0448402953125
0 0.3097055625 0.03071253125 0.30561613906249996 0.021498771875 0.2930752453125 0.0368550359375 0.2966194109375 0.0479115484375 0.30697928124999996 0.033783784375 0.3097055625 0.03071253125
0 0.3863140671875 0.603194103125 0.3898582328125 0.6216216218749999 0.393129771875 0.6216216218749999 0.3953107953125 0.615479115625 0.3980370765625 0.6111793609375 0.39394765625 0.5890663390624999 0.3890403484375 0.5890663390624999 0.3863140671875 0.59398034375 0.38413304375 0.6001228515625 0.3863140671875 0.603194103125
0 0.1979280265625 0.22358722343749998 0.20474372812500002 0.220515971875 0.20474372812500002 0.2143734640625 0.1971101421875 0.21744471562499998 0.1979280265625 0.22358722343749998
0 0.1371319515625 0.33108108125 0.1455834234375 0.324938575 0.1461286796875 0.31695331718749997 0.13794983593750001 0.323095821875 0.1371319515625 0.33108108125
0 0.2276444921875 0.2033169546875 0.226281353125 0.2113022109375 0.23446019687500003 0.20945945937500002 0.2358233359375 0.20208845156250002 0.2276444921875 0.2033169546875
0 0.1428571421875 0.1738329234375 0.144765540625 0.175675675 0.1488549609375 0.17690417812499998 0.150218103125 0.16646191562499998 0.146946565625 0.15970515937500002 0.1434023984375 0.15663390625 0.141221375 0.158476659375 0.142039259375 0.16646191562499998 0.1428571421875 0.1738329234375
0 0.347055615625 0.40417690312500004 0.352508178125 0.40110565156250005 0.3546892046875 0.3900491390625 0.352508178125 0.3869778875 0.34896401250000003 0.38083537968750003 0.347055615625 0.385749384375 0.3429661953125 0.39496314374999997 0.347055615625 0.40417690312500004
0 0.24291166875 0.090294840625 0.24618320625 0.0853808359375 0.2358233359375 0.04361179375 0.23446019687500003 0.0479115484375 0.24291166875 0.090294840625
0 0.11777535312500001 0.4957002453125 0.11368593281249999 0.489557740625 0.11041439374999999 0.489557740625 0.10605234375000001 0.5067567578125 0.10877862499999999 0.522113021875 0.1145038171875 0.5159705171875 0.12213740312500002 0.5116707625 0.11995637968749999 0.5067567578125 0.12350054531250002 0.49754299687500003 0.11777535312500001 0.4957002453125
0 0.6562159203125 0.5251842734375 0.6581243171875 0.5128992625000001 0.64940021875 0.5055282546875 0.654034896875 0.50061425 0.654034896875 0.489557740625 0.64940021875 0.477272728125 0.6409487453125 0.4834152328125 0.6354961828125 0.4742014734375 0.6300436203124999 0.46805896875 0.6264994546875 0.4742014734375 0.6273173390625 0.4754299765625 0.630588878125 0.4754299765625 0.6300436203124999 0.489557740625 0.6264994546875 0.5067567578125 0.636041440625 0.528255528125 0.6499454734375 0.54238329375 0.65485278125 0.533169534375 0.6534896390625 0.5251842734375 0.6562159203125 0.5251842734375
0 0.29116684843749996 0.26597051718750003 0.2884405671875 0.251842753125 0.28571428593750003 0.251842753125 0.2840785171875 0.25614250781250003 0.28762268281250003 0.27211302187499997 0.28980370624999996 0.27211302187499997 0.29116684843749996 0.26597051718750003