0 0.34765625 0.15925925937500002 0.355989584375 0.147222221875 0.35260416562499997 0.13240740625 0.33515625 0.14583333437499998 0.33880208437500003 0.15324074062499998 0.34765625 0.15925925937500002
0 0.24635416562499998 0.24398148125 0.2296875 0.2462962953125 0.2296875 0.2587962953125 0.24765625 0.25601851875000003 0.24635416562499998 0.24398148125
0 0.7080729156250001 0.2388888890625 0.693489584375 0.2388888890625 0.696875 0.249074075 0.709375 0.25 0.7080729156250001 0.2388888890625
0 0.61953125 0.179166665625 0.600260415625 0.172685184375 0.60234375 0.18240740625000001 0.617447915625 0.1875 0.61953125 0.179166665625
0 0.458072915625 0.5263888890625 0.43046875 0.5310185187500001 0.43177083437499997 0.54351851875 0.455989584375 0.5384259250000001 0.458072915625 0.5263888890625
0 0.079166665625 0.5125 0.06953125 0.51759259375 0.0703125 0.527314815625 0.0828125 0.525 0.079166665625 0.5125
0 0.0875 0.43148148124999997 0.090885415625 0.42546296406249995 0.090364584375 0.4120370359375 0.084635415625 0.4120370359375 0.084114584375 0.42546296406249995 0.0875 0.43148148124999997
0 0.627083334375 0.9518518515625001 0.6328125 0.961574075 0.638802084375 0.9643518515625 0.640364584375 0.9370370359375 0.636979165625 0.9300925937500001 0.63125 0.934722221875 0.627083334375 0.9518518515625001
0 0.7197916656250001 0.574074075 0.701822915625 0.574074075 0.701041665625 0.5837962953125 0.723177084375 0.5837962953125 0.7197916656250001 0.574074075
0 0.609895834375 0.247685184375 0.611979165625 0.249074075 0.615364584375 0.24398148125 0.609375 0.229166665625 0.607291665625 0.236574075 0.609895834375 0.247685184375
0 0.476822915625 0.110185184375 0.47395833437499996 0.110185184375 0.47526041562500004 0.134722221875 0.47890625 0.133333334375 0.476822915625 0.110185184375
0 0.259375 0.172685184375 0.255989584375 0.1643518515625 0.25234375 0.1680555546875 0.256510415625 0.1763888890625 0.259375 0.172685184375