0 0.5169029453125 0.0866093359375 0.520992365625 0.090294840625 0.5256270453125 0.090294840625 0.5291712109375 0.058968059375000006 0.5278080703125 0.03071253125 0.5256270453125 0.029484028125 0.523718646875 0.03071253125 0.518266084375 0.0558968046875 0.5169029453125 0.0866093359375
0 0.9923664109375 0.346437346875 0.988822246875 0.35565110624999996 0.9910032718749999 0.3667076171875 0.9983642312500001 0.3789926296875 0.9991821156249999 0.3605651109375 0.9923664109375 0.346437346875
0 0.477371865625 0.5921375906249999 0.47955288906250004 0.5890663390624999 0.47873500468749997 0.5859950859375 0.4760087234375 0.584766584375 0.47546346875 0.5890663390624999 0.477371865625 0.5921375906249999
0 0.743729553125 0.4367321875 0.74727371875 0.4416461921875 0.7584514718750001 0.42751842812499996 0.7584514718750001 0.42260442343750004 0.756270446875 0.41830466875 0.7521810234374999 0.41646191562499996 0.7431842953125 0.43058967968750006 0.743729553125 0.4367321875
0 0.459378409375 0.39312039374999996 0.46646674062500004 0.375921375 0.4623773171875 0.3697788703125 0.45610687031249997 0.38882063906250003 0.459378409375 0.39312039374999996
0 0.48091603125000004 0.428746928125 0.48009814687499996 0.4551597046875 0.48500545156249997 0.46007370937500003 0.49672846093749995 0.4520884515625 0.494820065625 0.4447174453125 0.4989094875 0.4447174453125 0.49672846093749995 0.428746928125 0.48091603125000004 0.428746928125
0 0.5678844062499999 0.34828009843749996 0.561613959375 0.3624078625 0.5782442734375 0.3900491390625 0.587241003125 0.3900491390625 0.5678844062499999 0.34828009843749996
0 0.47055616093749997 0.41646191562499996 0.46782987968749995 0.41523341562500005 0.4670119953125 0.42260442343750004 0.4697382765625 0.42260442343750004 0.47055616093749997 0.41646191562499996
0 0.4670119953125 0.3574938578125 0.46428571406249997 0.3624078625 0.4741003265625 0.3900491390625 0.48500545156249997 0.4121621609375 0.4877317328125 0.409090909375 0.48227917031249995 0.38882063906250003 0.482824428125 0.38083537968750003 0.4732824421875 0.3513513515625 0.4670119953125 0.3574938578125
0 0.5049073046875 0.43058967968750006 0.507906215625 0.41523341562500005 0.49182115625 0.396191646875 0.4877317328125 0.4103194109375 0.5049073046875 0.43058967968750006
0 0.4814612859375 0.37776412812500004 0.48364231249999995 0.39496314374999997 0.49618320625 0.3918918921875 0.4989094875 0.38882063906250003 0.49618320625 0.3697788703125 0.49318429531249997 0.3697788703125 0.4814612859375 0.37776412812500004
0 0.565158125 0.40540540625 0.5692475453125 0.40233415156249996 0.5714285718750001 0.40724815625 0.587786259375 0.40417690312500004 0.587786259375 0.3869778875 0.5719738265625 0.3869778875 0.5706106875 0.3918918921875 0.567066521875 0.3869778875 0.5539803703125 0.3900491390625 0.5539803703125 0.3992628984375 0.565158125 0.40540540625