0 0.08396946562499999 0.2113022109375 0.0978735 0.2143734640625 0.10468920468750001 0.20823095937499997 0.10605234375000001 0.2033169546875 0.10278080781250001 0.195945946875 0.0883315171875 0.1928746921875 0.08260632500000001 0.20024570000000003 0.08396946562499999 0.2113022109375
0 0.20010905 0.10565110625 0.199291165625 0.09766584843750001 0.1902944375 0.10565110625 0.188386040625 0.1117936125 0.193838603125 0.11302211250000001 0.20010905 0.10565110625
0 0.2993456921875 0.035626535937499995 0.30016357656250003 0.0558968046875 0.30343511562500003 0.057125307812500005 0.300708834375 0.033783784375 0.2993456921875 0.035626535937499995
0 0.2840785171875 0.083538084375 0.287077425 0.08046682968749999 0.283533259375 0.074324325 0.27535441562499996 0.08046682968749999 0.2786259546875 0.083538084375 0.2840785171875 0.083538084375
0 0.2069247546875 0.21744471562499998 0.213740459375 0.22235872343750002 0.2249182109375 0.2143734640625 0.229007634375 0.220515971875 0.23527808125 0.21621621562499999 0.23446019687500003 0.20024570000000003 0.211014175 0.20638820624999998 0.2069247546875 0.21744471562499998
0 0.3083424203125 0.058968059375000006 0.307797165625 0.0368550359375 0.306161396875 0.0368550359375 0.3047982546875 0.057125307812500005 0.3083424203125 0.058968059375000006
0 0.34896401250000003 0.0466830453125 0.344329334375 0.054054053125 0.349781896875 0.057125307812500005 0.3538713203125 0.0497543 0.34896401250000003 0.0466830453125
0 0.3083424203125 0.103808353125 0.30561613906249996 0.10995086093749999 0.31243184375 0.1117936125 0.31597600937500003 0.10565110625 0.3083424203125 0.103808353125
0 0.3047982546875 0.0620393125 0.30152671875000003 0.0669533171875 0.323609596875 0.06818181718750001 0.326335878125 0.065110565625 0.3047982546875 0.0620393125
0 0.326335878125 0.2113022109375 0.32142857187499996 0.22665847656250002 0.323609596875 0.2328009828125 0.3380588875 0.22358722343749998 0.326335878125 0.2113022109375
0 0.34487459062500003 0.0773955765625 0.341603053125 0.08046682968749999 0.344329334375 0.0853808359375 0.347055615625 0.0792383296875 0.34487459062500003 0.0773955765625
0 0.564340240625 0.08046682968749999 0.564340240625 0.096437346875 0.5684296609375 0.096437346875 0.5684296609375 0.08046682968749999 0.564340240625 0.08046682968749999
0 0.355234459375 0.074324325 0.355234459375 0.0792383296875 0.3601417671875 0.0792383296875 0.36150490625 0.074324325 0.355234459375 0.074324325
0 0.342148309375 0.0866093359375 0.339967284375 0.09459459375 0.34351145 0.096437346875 0.344329334375 0.08845208906249999 0.342148309375 0.0866093359375
0 0.38849509375 0.1007371015625 0.387677209375 0.09766584843750001 0.3835877859375 0.09766584843750001 0.3781352234375 0.0995085984375 0.3814067625 0.10872235781249999 0.38849509375 0.1007371015625
0 0.40839694687500006 0.06326781249999999 0.40839694687500006 0.0700245703125 0.4097600859375 0.0700245703125 0.4097600859375 0.06326781249999999 0.40839694687500006 0.06326781249999999
0 0.3710468921875 0.1707616703125 0.3781352234375 0.16646191562499998 0.3781352234375 0.15540540625000002 0.3740458 0.15233415156250002 0.3683206109375 0.158476659375 0.366957471875 0.1707616703125 0.3710468921875 0.1707616703125
0 0.5858778625000001 0.083538084375 0.5858778625000001 0.073095821875 0.57606325 0.073095821875 0.574154853125 0.0792383296875 0.5796074156250001 0.08046682968749999 0.5858778625000001 0.083538084375
0 0.4989094875 0.1726044234375 0.49809160312499995 0.1799754296875 0.50926935625 0.1830466828125 0.5084514718750001 0.1726044234375 0.4989094875 0.1726044234375
0 0.492639040625 0.0773955765625 0.492639040625 0.0853808359375 0.49809160312499995 0.083538084375 0.4989094875 0.0773955765625 0.492639040625 0.0773955765625
0 0.4552889859375 0.0700245703125 0.4525627046875 0.0761670765625 0.456652128125 0.0761670765625 0.4588331515625 0.073095821875 0.4552889859375 0.0700245703125
0 0.477371865625 0.1726044234375 0.48636859374999997 0.17690417812499998 0.4904580140625 0.175675675 0.4904580140625 0.1707616703125 0.4877317328125 0.16769041875 0.48009814687499996 0.1633906640625 0.47873500468749997 0.16769041875 0.477371865625 0.1726044234375
0 0.5359869140625 0.07125307187499999 0.538167940625 0.065110565625 0.5318974921875 0.060196559375 0.526990184375 0.060196559375 0.5256270453125 0.06326781249999999 0.5286259546875 0.0700245703125 0.5359869140625 0.07125307187499999