0 0.1393129765625 0.8243243250000001 0.1308615046875 0.8304668296875001 0.11368593281249999 0.8409090906250001 0.11095965156250001 0.8488943484375 0.10605234375000001 0.8507371015625 0.09705561562500001 0.8630221125 0.08260632500000001 0.8710073703125 0.0820610703125 0.8845208843749999 0.0847873515625 0.8974201468749999 0.0937840796875 0.8925061421875 0.11232279062499999 0.8740786249999999 0.11723009843750001 0.864250615625 0.1226826609375 0.864250615625 0.1371319515625 0.84275184375 0.1428571421875 0.8304668296875001 0.1393129765625 0.8243243250000001
0 0.10332606250000001 0.37162162187500003 0.0978735 0.3667076171875 0.0820610703125 0.3869778875 0.070883315625 0.409090909375 0.07224645625000001 0.428746928125 0.0883315171875 0.4385749375 0.0992366421875 0.43058967968750006 0.11177753593749999 0.409090909375 0.11586695625000001 0.3980343984375 0.10959650937500001 0.3918918921875 0.09841875781250001 0.385749384375 0.10332606250000001 0.37162162187500003
0 0.24836423124999998 0.06818181718750001 0.249727371875 0.0866093359375 0.2619956375 0.0866093359375 0.25872410156250003 0.06818181718750001 0.24836423124999998 0.06818181718750001
0 0.4250272625 0.0061425078125 0.418211559375 0.0030712531250000003 0.41657579062499994 0.009213759375 0.418211559375 0.0153562640625 0.42420937812500004 0.0135135140625 0.4250272625 0.0061425078125
0 0.36150490625 0.158476659375 0.3628680484375 0.16646191562499998 0.372410034375 0.1633906640625 0.3691384953125 0.153562653125 0.36150490625 0.158476659375
0 0.4552889859375 0.346437346875 0.44165757968749997 0.34950859843750004 0.4408396953125 0.3605651109375 0.4435659765625 0.3685503671875 0.4552889859375 0.3636363625 0.4552889859375 0.346437346875
0 0.518811340625 0.0276412765625 0.5169029453125 0.0386977890625 0.5313522359375 0.0448402953125 0.5318974921875 0.032555284375 0.518811340625 0.0276412765625
0 0.5463467843750001 0.175675675 0.5512540890625 0.1633906640625 0.543620503125 0.153562653125 0.5389858249999999 0.1646191640625 0.5422573609375 0.1707616703125 0.5463467843750001 0.175675675
0 0.672028353125 0.58292383125 0.6761177765624999 0.584766584375 0.681842965625 0.5534398031250001 0.676935659375 0.5485257984375 0.6728462375 0.55036855 0.6684841875 0.5798525796875 0.672028353125 0.58292383125
0 0.6175027265625 0.34213759062500004 0.6147764453125 0.33108108125 0.6065976015625 0.33108108125 0.6065976015625 0.345208846875 0.613958559375 0.3513513515625 0.6175027265625 0.34213759062500004
0 0.656761178125 0.122850121875 0.6643947640625 0.1167076171875 0.6624863671875 0.10995086093749999 0.6553980359375 0.11302211250000001 0.656761178125 0.122850121875
0 0.6892039249999999 0.4631449640625 0.6954743718749999 0.4619164609375 0.698200653125 0.4742014734375 0.7058342421875 0.47113022187500003 0.6995637953125 0.44594594687500005 0.6913849515625 0.4447174453125 0.6878407859375 0.45700245625 0.6892039249999999 0.4631449640625
0 0.7377317328124999 0.907862409375 0.7464558343750001 0.9127764140625001 0.75 0.8925061421875 0.7464558343750001 0.8814496328124999 0.7341875671875 0.8802211296875001 0.7314612859375 0.8894348890625 0.7377317328124999 0.907862409375
0 0.7085605234375 0.6111793609375 0.7142857140625 0.6093366078125 0.7175572531250001 0.603194103125 0.7112868046874999 0.574938575 0.7022900765625 0.5786240796875 0.7044711015625 0.60626535625 0.7085605234375 0.6111793609375
0 0.6597600859375 0.15233415156250002 0.6597600859375 0.15970515937500002 0.6665757906249999 0.158476659375 0.6671210484375 0.15233415156250002 0.6597600859375 0.15233415156250002