0 0.6679389296875 0.9391891906250001 0.6643947640625 0.9625307109374999 0.6616684828125 0.9735872234375 0.6652126484374999 0.9871007374999999 0.6698473296875 0.9858722359375 0.674209378125 0.970515971875 0.680207196875 0.9637592140625 0.6954743718749999 0.925061425 0.6913849515625 0.9097051593750001 0.68320610625 0.8986486484375 0.6679389296875 0.9391891906250001
0 0.7423664109375 0.39312039374999996 0.7431842953125 0.41339066406249997 0.750817884375 0.4103194109375 0.748091603125 0.3900491390625 0.7423664109375 0.39312039374999996
0 0.4683751375 0.520884521875 0.47191930312499997 0.53009828125 0.5594329328125001 0.43058967968750006 0.5539803703125 0.41953317031250004 0.4683751375 0.520884521875
0 0.4615594328125 0.4551597046875 0.46019629375 0.478501228125 0.46428571406249997 0.4852579859375 0.4683751375 0.48034398125 0.47055616093749997 0.46007370937500003 0.46919302187499995 0.447788696875 0.4697382765625 0.43058967968750006 0.46564885624999997 0.43058967968750006 0.462922575 0.4520884515625 0.4615594328125 0.4551597046875
0 0.52998909375 0.18980344062500001 0.5264449296875 0.186117934375 0.5169029453125 0.191031940625 0.516085059375 0.195945946875 0.5256270453125 0.228501228125 0.5395310796875 0.22358722343749998 0.52998909375 0.18980344062500001
0 0.8481461296875 0.7321867328125 0.8473282453125 0.740171990625 0.8508724109375001 0.741400490625 0.8514176656249999 0.7340294828125 0.8481461296875 0.7321867328125
0 0.9184841875 0.5878378390625 0.9217557265625 0.6001228515625 0.9280261734374999 0.603194103125 0.9329334781249999 0.6124078625 0.9397491828125 0.6001228515625 0.9342966203125 0.5909090906250001 0.9321155937500001 0.58169533125 0.9233914953125 0.58169533125 0.9184841875 0.5878378390625
0 0.7333696828125 0.352579853125 0.738276990625 0.3685503671875 0.7445474375 0.3667076171875 0.7377317328124999 0.346437346875 0.7333696828125 0.352579853125
0 0.750817884375 0.2346437359375 0.7576335890625 0.220515971875 0.756270446875 0.2143734640625 0.75272628125 0.2131449640625 0.7450926953125 0.2254299765625 0.74727371875 0.2328009828125 0.750817884375 0.2346437359375
0 0.7450926953125 0.345208846875 0.7390948749999999 0.345208846875 0.7431842953125 0.3636363625 0.7494547421875 0.3636363625 0.7450926953125 0.345208846875
0 0.8598691390625 0.060196559375 0.8653217015625 0.06326781249999999 0.8715921484375 0.0558968046875 0.8702290078124999 0.0386977890625 0.8653217015625 0.033783784375 0.8555070890625001 0.032555284375 0.85223555 0.0497543 0.8598691390625 0.060196559375
0 0.7887131953125001 0.1633906640625 0.7873500546875001 0.17874692812499998 0.8004362046875 0.1707616703125 0.7949836421875001 0.1633906640625 0.7887131953125001 0.1633906640625
0 0.8293347890625 0.1320638828125 0.833424209375 0.1289926296875 0.8383315171874999 0.122850121875 0.8364231171875 0.1167076171875 0.8301526703125001 0.114864865625 0.8266085046875 0.122850121875 0.82606325 0.127149878125 0.8293347890625 0.1320638828125
0 0.90594329375 0.074324325 0.9026717546875 0.0761670765625 0.8909487453124999 0.08968058906250001 0.89503816875 0.1007371015625 0.9067611781249999 0.08046682968749999 0.90594329375 0.074324325
0 0.9541984734375 0.24877149687500003 0.953653215625 0.23955774062500002 0.9509269343750001 0.23157248125000002 0.9460196296875001 0.2364864859375 0.9468375140624999 0.24692874687500002 0.9509269343750001 0.251842753125 0.9541984734375 0.24877149687500003
0 0.9599236640625 0.27027026875 0.9702835343749999 0.25 0.9735550703125 0.23955774062500002 0.9694656484375 0.2346437359375 0.9631952015625 0.240786240625 0.9550163578124999 0.2628992625 0.9599236640625 0.27027026875