0 0.25872410156250003 0.428746928125 0.28571428593750003 0.43058967968750006 0.2903489640625 0.41953317031250004 0.28980370624999996 0.41339066406249997 0.28625954062500003 0.40540540625 0.26281352187499996 0.40417690312500004 0.25926935625 0.4121621609375 0.25872410156250003 0.428746928125
0 0.357960740625 0.125921375 0.3574154859375 0.114864865625 0.35605234375 0.10565110625 0.355234459375 0.10565110625 0.3546892046875 0.11302211250000001 0.35605234375 0.1289926296875 0.357960740625 0.125921375
0 0.40567066562500004 0.11302211250000001 0.402944384375 0.11977887031250001 0.40703380468750006 0.11977887031250001 0.410577971875 0.11302211250000001 0.40567066562500004 0.11302211250000001
0 0.365049071875 0.127149878125 0.3655943296875 0.1167076171875 0.365049071875 0.10565110625 0.3628680484375 0.10687960625 0.3628680484375 0.1167076171875 0.3628680484375 0.1289926296875 0.365049071875 0.127149878125
0 0.492639040625 0.125921375 0.492639040625 0.1332923828125 0.49536532187500004 0.1332923828125 0.494820065625 0.125921375 0.492639040625 0.125921375
0 0.387677209375 0.1400491390625 0.387677209375 0.135135134375 0.357960740625 0.135135134375 0.357960740625 0.1382063875 0.387677209375 0.1400491390625
0 0.456652128125 0.147420146875 0.456652128125 0.153562653125 0.4588331515625 0.153562653125 0.459378409375 0.147420146875 0.456652128125 0.147420146875
0 0.423664121875 0.19717444687500002 0.42011995625000004 0.20024570000000003 0.4250272625 0.20823095937499997 0.4326608515625 0.2033169546875 0.423664121875 0.19717444687500002
0 0.585059978125 0.1320638828125 0.5836968359375 0.1400491390625 0.591330425 0.1400491390625 0.5926935656250001 0.135135134375 0.585059978125 0.1320638828125
0 0.3565976015625 0.15540540625000002 0.349781896875 0.158476659375 0.349781896875 0.1633906640625 0.3565976015625 0.1646191640625 0.365049071875 0.1633906640625 0.3636859328125 0.153562653125 0.3565976015625 0.15540540625000002
0 0.4683751375 0.1492628984375 0.4697382765625 0.14434889374999998 0.463740459375 0.14434889374999998 0.4615594328125 0.147420146875 0.4683751375 0.1492628984375
0 0.3047982546875 0.2051597046875 0.30152671875000003 0.2051597046875 0.2925299875 0.20638820624999998 0.28762268281250003 0.2131449640625 0.2884405671875 0.21744471562499998 0.2944383875 0.21744471562499998 0.304253 0.21744471562499998 0.3047982546875 0.2051597046875
0 0.5070883312500001 0.1818181828125 0.5070883312500001 0.1738329234375 0.5035441656249999 0.1738329234375 0.5002726281250001 0.17690417812499998 0.5002726281250001 0.1830466828125 0.5070883312500001 0.1818181828125
0 0.6665757906249999 0.1332923828125 0.6652126484374999 0.1332923828125 0.663031625 0.135135134375 0.6616684828125 0.147420146875 0.66575790625 0.1492628984375 0.6665757906249999 0.1332923828125
0 0.654034896875 0.374692875 0.6581243171875 0.3667076171875 0.648582334375 0.3359950859375 0.6436750265625 0.346437346875 0.6423118875 0.372850121875 0.654034896875 0.374692875
0 0.6603053437499999 0.147420146875 0.6624863671875 0.1320638828125 0.6575790625 0.1320638828125 0.6499454734375 0.1412776421875 0.65485278125 0.14434889374999998 0.6603053437499999 0.147420146875
0 0.45747001249999997 0.3869778875 0.46019629375 0.396191646875 0.4697382765625 0.38882063906250003 0.47110141875 0.375921375 0.47191930312499997 0.3605651109375 0.4670119953125 0.354422603125 0.462922575 0.3574938578125 0.456652128125 0.374692875 0.45747001249999997 0.3869778875
0 0.6597600859375 0.17690417812499998 0.663031625 0.1738329234375 0.6665757906249999 0.1707616703125 0.66575790625 0.1646191640625 0.6643947640625 0.15970515937500002 0.663849509375 0.153562653125 0.6624863671875 0.153562653125 0.6597600859375 0.17690417812499998
0 0.5926935656250001 0.278255528125 0.591330425 0.259213759375 0.587786259375 0.259213759375 0.5858778625000001 0.2610565125 0.5836968359375 0.26904176875 0.5864231171875 0.279484028125 0.5926935656250001 0.278255528125