0 0.046614584375000004 0.8625 0.053645834375 0.8828703703125 0.072135415625 0.8638888890624999 0.064322915625 0.8412037046874999 0.046614584375000004 0.8625
0 0.67578125 0.365740740625 0.684114584375 0.3328703703125 0.6651041656250001 0.315277778125 0.653125 0.3453703703125 0.67578125 0.365740740625
0 0.825 0.371759259375 0.83359375 0.3680555546875 0.8236979156249999 0.3305555546875 0.8171875 0.3319444453125 0.825 0.371759259375
0 0.7919270843749999 0.771759259375 0.7875 0.797222221875 0.79453125 0.803240740625 0.798958334375 0.775925925 0.7919270843749999 0.771759259375
0 0.5625 0.7268518515625 0.563802084375 0.7393518515624999 0.5888020843749999 0.7305555546875 0.5859375 0.715277778125 0.5625 0.7268518515625
0 0.43515625 0.724074075 0.428125 0.7180555546875 0.4265625 0.7254629640625 0.43229166562500004 0.7356481484375 0.446354165625 0.746759259375 0.45130208437499997 0.7393518515624999 0.43515625 0.724074075
0 0.316145834375 0.8925925937500001 0.309895834375 0.8837962953125 0.293489584375 0.8828703703125 0.29296875 0.910185184375 0.285677084375 0.915277778125 0.2921875 0.9254629640625 0.309895834375 0.9305555546875001 0.316145834375 0.8925925937500001
0 0.096875 0.60601851875 0.10182291562500001 0.620833334375 0.10963541562500001 0.6162037046875 0.103125 0.5986111109375 0.096875 0.60601851875
0 0.325520834375 0.047222221875 0.310677084375 0.027314815625 0.30625 0.0361111109375 0.304947915625 0.039814815625 0.32109375 0.060185184375 0.325520834375 0.047222221875
0 0.49166666562500005 0.42592592500000004 0.48255208437499997 0.42592592500000004 0.476822915625 0.4361111109375 0.48046875 0.44629629531250004 0.493229165625 0.447222221875 0.49166666562500005 0.42592592500000004
0 0.222135415625 0.41990740625 0.227083334375 0.4375 0.236979165625 0.43240740625 0.225520834375 0.41481481562500006 0.222135415625 0.41990740625
0 0.033854165625 0.208333334375 0.041666665625 0.21990740625 0.05 0.20740740624999998 0.052864584375 0.1944444453125 0.032552084375 0.183333334375 0.030208334375 0.1921296296875 0.033854165625 0.208333334375