0 0.083072915625 0.571759259375 0.083072915625 0.5875 0.090625 0.589814815625 0.088541665625 0.5703703703125 0.083072915625 0.571759259375
0 0.132552084375 0.9004629640624999 0.125520834375 0.9064814812499999 0.13046875 0.9273148156250001 0.140104165625 0.91851851875 0.132552084375 0.9004629640624999
0 0.38828125 0.938425925 0.39166666562499997 0.934722221875 0.395052084375 0.938425925 0.395833334375 0.9199074062499999 0.388802084375 0.9125 0.384635415625 0.922222221875 0.384114584375 0.9296296296875 0.38828125 0.938425925
0 0.5908854156250001 0.8171296296874999 0.5703125 0.7976851843749999 0.565625 0.8171296296874999 0.562760415625 0.828240740625 0.5828125 0.8490740750000001 0.5908854156250001 0.8171296296874999
0 0.733072915625 0.8162037046874999 0.724739584375 0.8222222218749999 0.73515625 0.8638888890624999 0.742708334375 0.859259259375 0.733072915625 0.8162037046874999
0 0.762239584375 0.4611111109375 0.76484375 0.4731481484375 0.778645834375 0.465740740625 0.7744791656250001 0.4486111109375 0.762239584375 0.4611111109375
0 0.7359375 0.22638888906250001 0.722135415625 0.25601851875000003 0.72890625 0.26574074062499997 0.744270834375 0.235185184375 0.7359375 0.22638888906250001
0 0.68046875 0.23240740624999998 0.677864584375 0.24953703593749998 0.69296875 0.252314815625 0.6963541656250001 0.23148148124999998 0.68046875 0.23240740624999998
0 0.225260415625 0.5481481484375 0.227864584375 0.5384259250000001 0.21692708437500002 0.5212962953125 0.211458334375 0.534722221875 0.225260415625 0.5481481484375
0 0.5265625 0.415740740625 0.54375 0.44398148125 0.5692708343749999 0.40694444531249996 0.552864584375 0.3763888890625 0.5265625 0.415740740625
0 0.21953125 0.459722221875 0.21953125 0.4731481484375 0.236979165625 0.478240740625 0.23828125 0.459722221875 0.21953125 0.459722221875
0 0.155989584375 0.44259259375 0.156770834375 0.435185184375 0.1671875 0.42916666562500005 0.162239584375 0.41666666562500004 0.14765625 0.42407407499999994 0.1484375 0.44259259375 0.155989584375 0.44259259375