0 0.060897434375000004 0.7539473671875 0.0658284015625 0.761513159375 0.08234713906249999 0.7539473671875 0.075690334375 0.74309210625 0.060897434375000004 0.7539473671875
0 0.23791913281250002 0.7671052625 0.23224852187499997 0.7911184203125 0.248520709375 0.7967105265625001 0.2544378703125 0.76940789375 0.23791913281250002 0.7671052625
0 0.879191321875 0.020723684375000002 0.8848619328125 0.034868420312499995 0.8979289953125 0.03059210625 0.8890532546875001 0.0164473671875 0.879191321875 0.020723684375000002
0 0.9918639062500001 0.3016447375 0.9967948718749999 0.2960526328125 0.9975345171875001 0.2842105265625 0.9861932937500001 0.29407894687499997 0.9918639062500001 0.3016447375
0 0.8823964500000001 0.2523026328125 0.870069034375 0.269736840625 0.879930965625 0.2776315796875 0.89053254375 0.25888157968750003 0.8823964500000001 0.2523026328125
0 0.9334319515624999 0.36217105312500003 0.9531558203125 0.374013159375 0.959812621875 0.3467105265625 0.943293884375 0.330263159375 0.935157790625 0.33125 0.9376232734375 0.3411184203125 0.9341715984375 0.3476973671875 0.9277613406249999 0.3476973671875 0.9250493093750001 0.35230263281249996 0.9334319515624999 0.36217105312500003
0 0.4790433921875 0.31809210625 0.49137080781250003 0.3345394734375 0.5086291921874999 0.3148026328125 0.49802761249999994 0.30394736718750004 0.4790433921875 0.31809210625
0 0.506163709375 0.4828947375 0.4963017734375 0.5003289468750001 0.5160256421875 0.5101973671875 0.5209566078125001 0.49046052656250005 0.506163709375 0.4828947375
0 0.602564103125 0.494736840625 0.6124260359375 0.5157894734374999 0.617357003125 0.511513159375 0.610700196875 0.48947368437499994 0.602564103125 0.494736840625
0 0.62228796875 0.3401315796875 0.6247534515625001 0.345723684375 0.6395463515625 0.337828946875 0.633875740625 0.330263159375 0.62228796875 0.3401315796875
0 0.610700196875 0.2513157890625 0.6067554234375 0.245723684375 0.5976331375 0.2598684203125 0.6000986203124999 0.26315789375 0.610700196875 0.2513157890625
0 0.571252465625 0.2513157890625 0.5705128203125 0.2598684203125 0.580374753125 0.2611842109375 0.5811143984375 0.24901315937500001 0.571252465625 0.2513157890625
0 0.6008382640625001 0.7101973671875 0.5951676531250001 0.7088815796875 0.5917159765625 0.7243421062500001 0.5976331375 0.725328946875 0.6008382640625001 0.7101973671875
0 0.452662721875 0.6881578937499999 0.452662721875 0.6782894734375 0.4346646953125 0.6835526328125 0.437130178125 0.693421053125 0.452662721875 0.6881578937499999
0 0.350591715625 0.695723684375 0.3555226828125 0.6891447375 0.33999013749999996 0.679276315625 0.336785009375 0.6848684203125 0.350591715625 0.695723684375
0 0.3917652859375 0.53125 0.385355028125 0.53125 0.3804240625 0.5388157890625 0.38436883593750004 0.5463815796875 0.393491125 0.5411184203125 0.3917652859375 0.53125
0 0.116124259375 0.616776315625 0.1185897421875 0.6266447375 0.12771203125 0.6243421062500001 0.12278106562499999 0.613486840625 0.116124259375 0.616776315625
0 0.107988165625 0.4335526328125 0.1143984234375 0.42697368437499994 0.10133136093749999 0.419078946875 0.09640039375000001 0.42697368437499994 0.107988165625 0.4335526328125
0 0.21572978437499998 0.5233552625 0.21005917031250002 0.5266447375000001 0.21499013749999998 0.537828946875 0.22140039374999998 0.532236840625 0.21572978437499998 0.5233552625
0 0.2921597640625 0.369736840625 0.294625246875 0.3654605265625 0.28402366875 0.354276315625 0.2832840234375 0.35657894687499997 0.2921597640625 0.369736840625
0 0.30202169687499997 0.33914473749999996 0.30202169687499997 0.329276315625 0.2914201171875 0.3325657890625 0.2914201171875 0.34342105312500004 0.30202169687499997 0.33914473749999996
0 0.19995069062499998 0.37532894687499996 0.1992110453125 0.38289473749999997 0.2058678515625 0.3861842109375 0.20660749531249997 0.37532894687499996 0.19995069062499998 0.37532894687499996
0 0.255917159375 0.329276315625 0.255917159375 0.32269736718750003 0.2618343203125 0.31940789375 0.2583826421875 0.31710526250000004 0.24704142031249998 0.31710526250000004 0.247781065625 0.326973684375 0.255917159375 0.329276315625
0 0.07495069062500001 0.25789473749999997 0.075690334375 0.26875 0.08308678593749999 0.269736840625 0.08234713906249999 0.256578946875 0.07495069062500001 0.25789473749999997
0 0.041173570312500005 0.248026315625 0.040433924999999996 0.25888157968750003 0.0502958578125 0.2611842109375 0.047830375 0.24671052656249998 0.041173570312500005 0.248026315625
0 0.361439840625 0.35230263281249996 0.357988165625 0.36217105312500003 0.368836290625 0.36315789375 0.368836290625 0.35098684062499996 0.361439840625 0.35230263281249996