0 0.34049999999999997 0.173333334375 0.33975 0.161333334375 0.3305 0.162333334375 0.324 0.16999999999999998 0.32325 0.175333334375 0.32975 0.176666665625 0.329 0.187666665625 0.33225 0.194 0.34700000000000003 0.183 0.34049999999999997 0.173333334375
0 0.4565 0.498333334375 0.4615 0.498333334375 0.48525 0.487333334375 0.49024999999999996 0.47400000000000003 0.487 0.469666665625 0.47800000000000004 0.469666665625 0.4525 0.485 0.4565 0.498333334375
0 0.8525 0.8210000000000001 0.8467499999999999 0.8176666656249999 0.8352499999999999 0.8176666656249999 0.82025 0.8243333343750001 0.8087500000000001 0.844 0.8055 0.869333334375 0.8162499999999999 0.875666665625 0.8244999999999999 0.877 0.8342499999999999 0.873666665625 0.841 0.863666665625 0.8539999999999999 0.857 0.85825 0.830666665625 0.8525 0.8210000000000001
0 0.799 0.26666666562499997 0.7725 0.296333334375 0.80475 0.316 0.8295 0.275333334375 0.799 0.26666666562499997
0 0.9085000000000001 0.33666666562500003 0.9199999999999999 0.345666665625 0.9305 0.353333334375 0.9455 0.368666665625 0.95275 0.380666665625 0.9635 0.39166666562499997 0.9817500000000001 0.402666665625 0.9897500000000001 0.401666665625 0.99325 0.39733333437499996 0.999 0.395 0.999 0.367666665625 0.99075 0.358666665625 0.999 0.351 0.999 0.267666665625 0.9404999999999999 0.194 0.89275 0.245666665625 0.8862500000000001 0.257666665625 0.88375 0.27433333437499996 0.8852499999999999 0.288666665625 0.8952500000000001 0.310333334375 0.90025 0.320333334375 0.9027499999999999 0.329 0.9085000000000001 0.33666666562500003
0 0.133 0.47966666562500004 0.12150000000000001 0.48833333437500004 0.11574999999999999 0.484 0.10925 0.487333334375 0.11074999999999999 0.498333334375 0.11574999999999999 0.5003333343749999 0.129 0.501333334375 0.13974999999999999 0.48933333437500004 0.133 0.47966666562500004
0 0.96675 0.509 0.9577500000000001 0.519 0.9585000000000001 0.527666665625 0.97 0.529 0.9800000000000001 0.526666665625 0.9882500000000001 0.5246666656250001 0.9817500000000001 0.512333334375 0.96675 0.509
0 0.9710000000000001 0.45766666562499997 0.98325 0.462 0.9897500000000001 0.453333334375 0.9807499999999999 0.43666666562499995 0.9717499999999999 0.435666665625 0.966 0.441 0.9710000000000001 0.45766666562499997
0 0.873 0.369666665625 0.9067500000000001 0.371 0.9199999999999999 0.356666665625 0.9199999999999999 0.353333334375 0.89375 0.356666665625 0.8712500000000001 0.356666665625 0.86975 0.36433333437500004 0.873 0.369666665625
0 0.5445 0.215 0.5545 0.21833333437500002 0.5585 0.193 0.54875 0.193 0.5445 0.215
0 0.534 0.16766666562500002 0.534 0.181 0.5595 0.182 0.56025 0.16566666562500001 0.534 0.16766666562500002
0 0.5825 0 0.5775 0.008666665625 0.575 0.018333334375 0.56775 0.018333334375 0.5595 0.032666665625 0.55375 0.052666665625 0.5595 0.059 0.57175 0.047 0.58 0.026333334375 0.5835 0.018333334375 0.5972500000000001 0.013000000000000001 0.59225 0 0.5825 0
0 0.8029999999999999 0.22033333437499997 0.8055 0.217333334375 0.8015000000000001 0.20733333437499998 0.7965 0.186333334375 0.7915 0.184333334375 0.77425 0.189666665625 0.77 0.185333334375 0.761 0.183 0.75625 0.193 0.7685 0.201666665625 0.77675 0.21400000000000002 0.78975 0.236 0.794 0.248 0.7965 0.267666665625 0.80625 0.264333334375 0.8029999999999999 0.22033333437499997
0 0.7545 0.16766666562500002 0.7577499999999999 0.182 0.775 0.187666665625 0.775 0.18 0.77 0.174333334375 0.76675 0.17099999999999999 0.76675 0.162333334375 0.766 0.154666665625 0.7635 0.15133333437500002 0.7585 0.15133333437500002 0.75625 0.156666665625 0.7545 0.16766666562500002
0 0.798 0.08199999999999999 0.808 0.088666665625 0.80375 0.099666665625 0.81375 0.105333334375 0.8295 0.11166666562500001 0.836 0.126 0.8474999999999999 0.130333334375 0.85075 0.129333334375 0.86975 0.117333334375 0.89025 0.108666665625 0.915 0.118333334375 0.92325 0.10300000000000001 0.9225 0.093 0.8967499999999999 0.08 0.9189999999999999 0.045 0.92825 0.031666665625 0.9175000000000001 0.032666665625 0.91325 0.028333334375 0.8862500000000001 0.046 0.84825 0.07566666562499999 0.82775 0.083333334375 0.8029999999999999 0.064666665625 0.7875 0.074333334375 0.7775000000000001 0.09 0.78975 0.10200000000000001 0.798 0.08199999999999999
0 0.77925 0.036 0.76025 0.021666665625 0.74875 0.034999999999999996 0.7577499999999999 0.051333334375 0.77825 0.042666665625 0.77925 0.036
0 0.74875 0.059 0.74375 0.048 0.734 0.049333334374999996 0.729 0.060333334375000006 0.73475 0.064666665625 0.74875 0.059
0 0.6367499999999999 0.068 0.61875 0.07566666562499999 0.6155 0.086666665625 0.6235 0.083333334375 0.6367499999999999 0.068
0 0.63925 0.026333334375 0.6367499999999999 0.024 0.6335 0.028333334375 0.622 0.034 0.626 0.072333334375 0.6425 0.065666665625 0.64925 0.060333334375000006 0.6475 0.056999999999999995 0.654 0.056999999999999995 0.65075 0.028333334375 0.6385 0.031666665625 0.63925 0.026333334375
0 0.56525 0.08 0.5585 0.081 0.55125 0.084333334375 0.55025 0.088666665625 0.5505 0.091 0.6014999999999999 0.09766666562500001 0.60725 0.09 0.60875 0.073333334375 0.59225 0.072333334375 0.59325 0.056999999999999995 0.5832499999999999 0.056999999999999995 0.575 0.068 0.5700000000000001 0.07566666562499999 0.56525 0.08
0 0.7537499999999999 0.06899999999999999 0.73875 0.061333334375000007 0.73475 0.06999999999999999 0.7502500000000001 0.081 0.75525 0.074333334375 0.7537499999999999 0.06899999999999999
0 0.65 0.589333334375 0.6565000000000001 0.576 0.64425 0.567333334375 0.63525 0.567333334375 0.63525 0.576 0.641 0.581666665625 0.65 0.589333334375
0 0.66225 0.053666665625 0.6679999999999999 0.056999999999999995 0.67125 0.064666665625 0.67475 0.071333334375 0.687 0.056999999999999995 0.68625 0.046 0.64325 0.019666665625 0.63025 0.015333334374999999 0.61775 0.034 0.64825 0.060333334375000006 0.65575 0.059 0.66225 0.053666665625
0 0.44575 0.7373333343749999 0.454 0.7406666656249999 0.45824999999999994 0.7373333343749999 0.44749999999999995 0.723333334375 0.44575 0.7373333343749999
0 0.46075 0.755 0.46725000000000005 0.7746666656250001 0.46975 0.760666665625 0.46075 0.755
0 0.14450000000000002 0.8856666656250001 0.14225000000000002 0.8803333343749999 0.147 0.8713333343749999 0.148 0.852666665625 0.14125000000000001 0.852666665625 0.12975 0.860333334375 0.12975 0.872666665625 0.13625 0.877 0.133 0.8923333343750001 0.13625 0.896666665625 0.1405 0.899 0.15025 0.891 0.15125 0.884666665625 0.14450000000000002 0.8856666656250001
0 0.6795 0.14266666562500002 0.696 0.148 0.71075 0.144666665625 0.6952499999999999 0.129333334375 0.6845 0.12166666562499999 0.6795 0.12166666562499999 0.6795 0.14266666562500002
0 0.729 0.128333334375 0.7165 0.11499999999999999 0.701 0.100666665625 0.701 0.11066666562500001 0.692 0.116333334375 0.6805 0.11066666562500001 0.682 0.119333334375 0.71425 0.149 0.7175 0.159 0.72575 0.161333334375 0.7422500000000001 0.15133333437500002 0.7455 0.141333334375 0.73625 0.140333334375 0.729 0.128333334375
0 0.6945 0.07666666562499999 0.68875 0.071333334375 0.68125 0.081 0.68625 0.094333334375 0.70925 0.105333334375 0.70425 0.07766666562499999 0.7075 0.072333334375 0.705 0.06333333437500001 0.69675 0.06999999999999999 0.6945 0.07666666562499999
0 0.7725 0.068 0.7577499999999999 0.060333334375000006 0.74875 0.053666665625 0.7445 0.06333333437500001 0.7585 0.074333334375 0.766 0.07766666562499999 0.77925 0.083333334375 0.78075 0.07766666562499999 0.7725 0.068
0 0.78 0.059 0.775 0.057999999999999996 0.77 0.061333334375000007 0.77 0.066666665625 0.77925 0.073333334375 0.7965 0.06899999999999999 0.78 0.059
0 0.8310000000000001 0.056999999999999995 0.81775 0.038333334375 0.8119999999999999 0.034999999999999996 0.8022500000000001 0.054666665625 0.8172499999999999 0.07566666562499999 0.8310000000000001 0.056999999999999995
0 0.7965 0.08199999999999999 0.78825 0.106333334375 0.77 0.093 0.76675 0.108666665625 0.77825 0.118333334375 0.77675 0.136 0.78825 0.12266666562499999 0.81125 0.106333334375 0.80475 0.09866666562500001 0.8015000000000001 0.084333334375 0.7965 0.08199999999999999
0 0.73875 0.140333334375 0.77425 0.131666665625 0.7735000000000001 0.125 0.7495 0.131666665625 0.73625 0.136 0.73875 0.140333334375
0 0.748 0.185333334375 0.771 0.16899999999999998 0.7735000000000001 0.15233333437500002 0.76925 0.143666665625 0.77825 0.135 0.77675 0.118333334375 0.76525 0.109666665625 0.76925 0.092 0.747 0.094333334375 0.73475 0.09866666562500001 0.72825 0.079 0.72075 0.064666665625 0.706 0.074333334375 0.7075 0.092 0.71 0.106333334375 0.7422500000000001 0.14266666562500002 0.7445 0.15033333437500002 0.72475 0.162333334375 0.7355 0.176666665625 0.748 0.185333334375