0 0.47874999999999995 0.38966666562499996 0.47225 0.378666665625 0.44925 0.38966666562499996 0.45075000000000004 0.39933333437499996 0.4755 0.39166666562499997 0.47874999999999995 0.38966666562499996
0 0.557 0.379666665625 0.56525 0.376333334375 0.5667500000000001 0.372 0.55525 0.36433333437500004 0.54875 0.36633333437500004 0.5429999999999999 0.372 0.557 0.379666665625
0 0.86725 0.36633333437500004 0.87225 0.374 0.8862500000000001 0.369666665625 0.8845000000000001 0.363333334375 0.8795 0.357666665625 0.8622500000000001 0.357666665625 0.859 0.36633333437500004 0.86725 0.36633333437500004
0 0.9092499999999999 0.7803333343750001 0.9125 0.7803333343750001 0.91325 0.7746666656250001 0.91075 0.771666665625 0.906 0.771666665625 0.906 0.7769999999999999 0.9092499999999999 0.7803333343750001
0 0.24575 0.32599999999999996 0.24825 0.330333334375 0.25725 0.323666665625 0.255 0.318 0.24575 0.32599999999999996
0 0.61875 0.285333334375 0.6295 0.27633333437499996 0.6367499999999999 0.265333334375 0.6295 0.254333334375 0.617 0.273 0.61375 0.284 0.61875 0.285333334375
0 0.6212500000000001 0.40366666562500003 0.61375 0.39733333437499996 0.60375 0.40833333437499997 0.6094999999999999 0.41600000000000004 0.6212500000000001 0.42233333437500004 0.627 0.432333334375 0.63525 0.42699999999999994 0.6375 0.410333334375 0.63175 0.401666665625 0.6212500000000001 0.40366666562500003
0 0.65325 0.27633333437499996 0.65825 0.27966666562500003 0.65325 0.29500000000000004 0.6475 0.310333334375 0.66725 0.297333334375 0.678 0.288666665625 0.68275 0.27633333437499996 0.6795 0.26666666562499997 0.6755 0.263333334375 0.6679999999999999 0.262333334375 0.6639999999999999 0.261 0.659 0.254333334375 0.65825 0.261 0.65 0.262333334375 0.64425 0.264333334375 0.65 0.273 0.65325 0.27633333437499996
0 0.64925 0.323666665625 0.64825 0.318 0.641 0.313666665625 0.626 0.313666665625 0.6252500000000001 0.323666665625 0.64175 0.32599999999999996 0.64925 0.323666665625
0 0.63925 0.363333334375 0.63025 0.369666665625 0.641 0.379666665625 0.64925 0.376333334375 0.63925 0.363333334375
0 0.64175 0.355333334375 0.65 0.376333334375 0.655 0.375333334375 0.66225 0.373 0.655 0.353333334375 0.64925 0.35 0.64325 0.351 0.64175 0.355333334375