0 0.1355 0.53 0.13874999999999998 0.545333334375 0.1685 0.535666665625 0.16599999999999998 0.525666665625 0.1355 0.53
0 0.40725 0.376333334375 0.39325 0.38166666562499996 0.3865 0.40599999999999997 0.39225 0.413666665625 0.39975 0.40499999999999997 0.40049999999999997 0.385 0.422 0.378666665625 0.43925000000000003 0.351 0.43674999999999997 0.341333334375 0.42774999999999996 0.334666665625 0.41775 0.343333334375 0.40725 0.376333334375
0 0.40049999999999997 0.385 0.40049999999999997 0.41900000000000004 0.40374999999999994 0.45199999999999996 0.41200000000000003 0.475 0.43525 0.475 0.48274999999999996 0.45766666562499997 0.46224999999999994 0.387333334375 0.45899999999999996 0.386333334375 0.45824999999999994 0.377333334375 0.45325 0.369666665625 0.445 0.372 0.40049999999999997 0.385
0 0.5980000000000001 0.670666665625 0.60225 0.6759999999999999 0.61125 0.670666665625 0.60625 0.663 0.5980000000000001 0.670666665625
0 0 0.804333334375 0.04825 0.735333334375 0.052500000000000005 0.723333334375 0.054000000000000006 0.718666665625 0.051500000000000004 0.713333334375 0.052500000000000005 0.704666665625 0.05725 0.697 0.06225000000000001 0.694666665625 0.0655 0.686 0.045 0.678333334375 0.036 0.682666665625 0.0245 0.682666665625 0.010499999999999999 0.684666665625 0.008749999999999999 0.695666665625 0 0.706666665625 0 0.804333334375
0 0.13799999999999998 0.926333334375 0.143 0.924 0.14550000000000002 0.906666665625 0.148 0.8833333343750001 0.14225000000000002 0.875666665625 0.12825 0.8923333343750001 0.129 0.9119999999999999 0.13799999999999998 0.926333334375
0 0.882 0.529 0.8779999999999999 0.52 0.86725 0.517 0.85725 0.519 0.8647500000000001 0.525666665625 0.8705 0.545333334375 0.882 0.529
0 0.9380000000000001 0.492666665625 0.9412499999999999 0.5046666656250001 0.9545 0.5036666656250001 0.9494999999999999 0.49066666562499994 0.9380000000000001 0.492666665625
0 0.6295 0.549666665625 0.631 0.541 0.6195 0.54 0.60875 0.557333334375 0.6212500000000001 0.567333334375 0.62275 0.555333334375 0.6295 0.549666665625
0 0.59225 0.544333334375 0.5980000000000001 0.544333334375 0.6014999999999999 0.529 0.59575 0.519 0.5915 0.527666665625 0.5865 0.5309999999999999 0.584 0.538666665625 0.59225 0.544333334375
0 0.5405 0.22033333437499997 0.5265 0.24033333437499999 0.51425 0.21833333437500002 0.50675 0.221666665625 0.5002500000000001 0.217333334375 0.49524999999999997 0.211666665625 0.48949999999999994 0.211666665625 0.48375 0.211666665625 0.48624999999999996 0.229333334375 0.48525 0.238 0.5042500000000001 0.290666665625 0.51075 0.304 0.52725 0.311666665625 0.562 0.297333334375 0.5667500000000001 0.28300000000000003 0.5585 0.234666665625 0.561 0.223666665625 0.548 0.223666665625 0.5405 0.22033333437499997
0 0.6094999999999999 0.008666665625 0.5965 0.006333334375000001 0.59075 0.027333334375 0.5972500000000001 0.032666665625 0.61125 0.020666665625 0.6094999999999999 0.008666665625
0 0.7405 0.059 0.73725 0.061333334375000007 0.7355 0.055666665625 0.72825 0.055666665625 0.71825 0.061333334375000007 0.7150000000000001 0.056999999999999995 0.70925 0.06233333437500001 0.7125 0.06899999999999999 0.72475 0.07566666562499999 0.7355 0.085333334375 0.74375 0.07566666562499999 0.75125 0.084333334375 0.7595 0.079 0.7462500000000001 0.066666665625 0.748 0.057999999999999996 0.7405 0.059
0 0.6245 0.06233333437500001 0.645 0.07566666562499999 0.6515 0.065666665625 0.65325 0.059 0.655 0.049333334374999996 0.64325 0.046 0.63425 0.043666665625000003 0.627 0.045 0.6245 0.06233333437500001
0 0.6705 0 0.66475 0.007666665625000001 0.67375 0.013000000000000001 0.673 0.025 0.67875 0.034 0.678 0.016333334375 0.67625 0 0.6705 0
0 0.613 0.021666665625 0.6285000000000001 0.014000000000000002 0.627 0.003 0.60725 0.014000000000000002 0.613 0.021666665625
0 0.65 0.010666665625 0.64675 0 0.6195 0.002 0.62775 0.018333334375 0.65 0.010666665625