0 0.19475 0.21066666562499997 0.1865 0.199666665625 0.17350000000000002 0.20733333437499998 0.17825 0.217333334375 0.1875 0.21833333437500002 0.19475 0.21066666562499997
0 0.362 0.32599999999999996 0.36675 0.321333334375 0.361 0.304 0.35375 0.305 0.35025 0.316 0.35625 0.324666665625 0.362 0.32599999999999996
0 0.66725 0.45766666562499997 0.65575 0.434666665625 0.64175 0.45433333437499995 0.6515 0.484 0.66725 0.45766666562499997
0 0.5495 0.410333334375 0.5725 0.42466666562500005 0.59075 0.390666665625 0.55025 0.363333334375 0.5347500000000001 0.388333334375 0.5495 0.410333334375
0 0.492 0.44000000000000006 0.44175000000000003 0.43666666562499995 0.4375 0.441 0.45 0.455333334375 0.49024999999999996 0.45433333437499995 0.492 0.44000000000000006
0 0.403 0.434666665625 0.41550000000000004 0.43666666562499995 0.417 0.420333334375 0.38075000000000003 0.39166666562499997 0.371 0.39166666562499997 0.37174999999999997 0.409333334375 0.403 0.434666665625
0 0.3225 0.492666665625 0.32725 0.493666665625 0.3355 0.481666665625 0.34125 0.443333334375 0.3315 0.443333334375 0.32325 0.47966666562500004 0.3225 0.492666665625
0 0.38 0.462 0.39475 0.44233333437500005 0.39725 0.43 0.38975 0.42466666562500005 0.3825 0.425666665625 0.362 0.45099999999999996 0.362 0.465333334375 0.37174999999999997 0.469666665625 0.38 0.462
0 0.3875 0.42466666562500005 0.39649999999999996 0.417 0.39975 0.409333334375 0.413 0.417 0.4245 0.41900000000000004 0.43425 0.402666665625 0.43099999999999994 0.396 0.43274999999999997 0.384 0.41624999999999995 0.386333334375 0.40875000000000006 0.390666665625 0.40049999999999997 0.38966666562499996 0.394 0.388333334375 0.38825 0.395 0.37425 0.401666665625 0.37675000000000003 0.41600000000000004 0.3875 0.42466666562500005
0 0.27625 0.47066666562500004 0.26975 0.462 0.2615 0.46633333437499996 0.26075 0.475 0.269 0.478333334375 0.27625 0.47066666562500004
0 0.6679999999999999 0.755 0.6639999999999999 0.783666665625 0.67475 0.795666665625 0.678 0.7923333343750001 0.6895 0.8 0.69775 0.769333334375 0.68525 0.758333334375 0.678 0.755 0.6679999999999999 0.755
0 0.71575 0.778 0.70675 0.787 0.70925 0.799 0.7315 0.813333334375 0.743 0.805666665625 0.73875 0.782333334375 0.71575 0.778
0 0.55125 0.748333334375 0.54375 0.714333334375 0.5315000000000001 0.702333334375 0.5207499999999999 0.706666665625 0.52325 0.732 0.538 0.753 0.55125 0.748333334375
0 0.52325 0.681666665625 0.5215 0.679333334375 0.5117499999999999 0.671666665625 0.5075000000000001 0.6759999999999999 0.491 0.714333334375 0.48200000000000004 0.723333334375 0.48274999999999996 0.732 0.49349999999999994 0.7453333343749999 0.5035000000000001 0.729666665625 0.524 0.683666665625 0.52325 0.681666665625
0 0.5042500000000001 0.623333334375 0.49675 0.6343333343750001 0.49675 0.642 0.524 0.682666665625 0.52975 0.683666665625 0.53975 0.694666665625 0.54375 0.684666665625 0.538 0.6759999999999999 0.538 0.668333334375 0.5042500000000001 0.623333334375