0 0.28525 0.589333334375 0.28375 0.603666665625 0.2935 0.604666665625 0.3075 0.6003333343749999 0.3085 0.596 0.301 0.596 0.2895 0.587 0.28525 0.589333334375
0 0.3825 0.21400000000000002 0.385 0.229333334375 0.39075000000000004 0.241333334375 0.39575 0.23700000000000002 0.38975 0.20933333437499999 0.385 0.21066666562499997 0.3825 0.21400000000000002
0 0.45149999999999996 0.33799999999999997 0.44825 0.341333334375 0.44325000000000003 0.339 0.43674999999999997 0.353333334375 0.4385 0.361 0.44425 0.358666665625 0.44825 0.35433333437500003 0.4565 0.355333334375 0.46075 0.356666665625 0.46299999999999997 0.347666665625 0.45899999999999996 0.345666665625 0.45575 0.34900000000000003 0.45725 0.341333334375 0.45149999999999996 0.33799999999999997
0 0.50675 0.394 0.50925 0.43666666562499995 0.524 0.437666665625 0.5215 0.401666665625 0.50675 0.394
0 0.55775 0.324666665625 0.5660000000000001 0.334666665625 0.5700000000000001 0.33566666562499997 0.576 0.330333334375 0.5742499999999999 0.321333334375 0.56025 0.316 0.55775 0.320333334375 0.55775 0.324666665625
0 0.50275 0.395 0.5627500000000001 0.418 0.5667500000000001 0.421333334375 0.5832499999999999 0.421333334375 0.59575 0.42233333437500004 0.6144999999999999 0.421333334375 0.626 0.413666665625 0.6285000000000001 0.40499999999999997 0.636 0.40366666562500003 0.6525000000000001 0.388333334375 0.6475 0.353333334375 0.6475 0.33366666562499997 0.641 0.33666666562500003 0.6335 0.330333334375 0.59975 0.339 0.5875 0.33566666562499997 0.55775 0.33366666562499997 0.50675 0.373 0.505 0.387333334375 0.5002500000000001 0.388333334375 0.50275 0.395
0 0.6985 0.282 0.6795 0.299666665625 0.687 0.307333334375 0.7035 0.285333334375 0.6985 0.282
0 0.65725 0.28633333437499997 0.66075 0.27766666562500003 0.6705 0.229333334375 0.66975 0.206333334375 0.6665 0.206333334375 0.654 0.227 0.645 0.281 0.65725 0.28633333437499997
0 0.6795 0.604666665625 0.68125 0.585 0.67125 0.585 0.66975 0.589333334375 0.67375 0.604666665625 0.6795 0.604666665625
0 0.5265 0.566333334375 0.51425 0.575 0.5215 0.583666665625 0.5247499999999999 0.583666665625 0.52825 0.592666665625 0.53975 0.5980000000000001 0.548 0.591333334375 0.55025 0.585 0.5545 0.5740000000000001 0.53225 0.576 0.5265 0.566333334375
0 0.5685 0.646333334375 0.5627500000000001 0.653 0.55025 0.636333334375 0.5445 0.633333334375 0.5387500000000001 0.638666665625 0.5355000000000001 0.636333334375 0.5347500000000001 0.646333334375 0.53625 0.655 0.5469999999999999 0.6639999999999999 0.5635 0.6673333343750001 0.575 0.6519999999999999 0.5685 0.646333334375