0 0.101 0.248 0.059750000000000004 0.234666665625 0.027000000000000003 0.21833333437500002 0.027750000000000004 0.234666665625 0.08375 0.261 0.101 0.248
0 0.022 0.38166666562499996 0.028499999999999998 0.379666665625 0.042499999999999996 0.384 0.05 0.390666665625 0.07875 0.39733333437499996 0.08875 0.390666665625 0.1075 0.32599999999999996 0.01875 0.291666665625 0.012 0.309333334375 0.010499999999999999 0.321333334375 0 0.33666666562500003 0.0055 0.34900000000000003 0.00475 0.35433333437500003 0.0155 0.362 0.02025 0.377333334375 0.022 0.38166666562499996
0 0.10600000000000001 0.176666665625 0.11074999999999999 0.184333334375 0.11574999999999999 0.183 0.12325 0.184333334375 0.124 0.181 0.12 0.16999999999999998 0.1085 0.163333334375 0.10600000000000001 0.176666665625
0 0.20475 0.085333334375 0.20375000000000001 0.09 0.20475 0.095333334375 0.21200000000000002 0.092 0.231 0.07666666562499999 0.22774999999999998 0.06899999999999999 0.22200000000000003 0.071333334375 0.20475 0.085333334375
0 0.213 0.16566666562500001 0.20475 0.161333334375 0.19575 0.16566666562500001 0.19475 0.172333334375 0.20475 0.175333334375 0.213 0.16566666562500001
0 0.25825 0.147 0.255 0.131666665625 0.24500000000000002 0.141333334375 0.25825 0.147
0 0.39475 0.132666665625 0.38825 0.127 0.366 0.125 0.35775 0.118333334375 0.35625 0.127 0.361 0.147 0.36675 0.156666665625 0.39475 0.132666665625
0 0.35775 0.032666665625 0.35625 0.050333334375000004 0.37 0.054666665625 0.3915 0.066666665625 0.3875 0.041666665625 0.38175 0.040333334375 0.37425 0.040333334375 0.36675 0.031666665625 0.35775 0.032666665625
0 0.5667500000000001 0.305 0.5865 0.33799999999999997 0.59575 0.334666665625 0.6014999999999999 0.330333334375 0.603 0.321333334375 0.5832499999999999 0.29300000000000004 0.5660000000000001 0.29500000000000004 0.5667500000000001 0.305
0 0.622 0.099666665625 0.6245 0.09766666562500001 0.6245 0.088666665625 0.6105 0.057999999999999996 0.60225 0.064666665625 0.617 0.095333334375 0.622 0.099666665625
0 0.9577500000000001 0.35233333437500003 0.9455 0.357666665625 0.9494999999999999 0.377333334375 0.96675 0.365333334375 0.9577500000000001 0.35233333437500003
0 0.78975 0.362 0.80625 0.362 0.80375 0.355333334375 0.79225 0.34666666562500004 0.78975 0.362
0 0.45975 0.443333334375 0.46725000000000005 0.444333334375 0.47050000000000003 0.402666665625 0.46799999999999997 0.39166666562499997 0.46299999999999997 0.388333334375 0.46224999999999994 0.396 0.45899999999999996 0.39933333437499996 0.45725 0.42466666562500005 0.45975 0.443333334375
0 0.4655 0.29500000000000004 0.4615 0.284 0.45499999999999996 0.291666665625 0.45325 0.29500000000000004 0.4565 0.304 0.4655 0.29500000000000004
0 0.37 0.691333334375 0.3685 0.72 0.37675000000000003 0.718666665625 0.3865 0.693666665625 0.39325 0.654 0.38075000000000003 0.654 0.37 0.691333334375
0 0.65075 0.495 0.6525000000000001 0.48600000000000004 0.6597500000000001 0.481666665625 0.6665 0.480666665625 0.673 0.47300000000000003 0.65725 0.45 0.6425 0.43666666562499995 0.62275 0.42699999999999994 0.6144999999999999 0.418 0.608 0.42233333437500004 0.60375 0.431333334375 0.5915 0.43666666562499995 0.5865 0.48833333437500004 0.6005 0.48833333437500004 0.599 0.502666665625 0.60875 0.513666665625 0.62025 0.49166666562500005 0.6327499999999999 0.48600000000000004 0.6457499999999999 0.497 0.65075 0.495