0 0.30025 0.119333334375 0.305 0.11499999999999999 0.3035 0.11066666562500001 0.29100000000000004 0.10200000000000001 0.29100000000000004 0.109666665625 0.30025 0.119333334375
0 0.36924999999999997 0.143666665625 0.389 0.155666665625 0.394 0.15133333437500002 0.39225 0.141333334375 0.3735 0.13366666562500001 0.36275 0.135 0.36924999999999997 0.143666665625
0 0.529 0.206333334375 0.51825 0.20933333437499999 0.5207499999999999 0.22599999999999998 0.5315000000000001 0.223666665625 0.54475 0.21600000000000003 0.55125 0.208333334375 0.55025 0.201666665625 0.54625 0.193 0.54125 0.194 0.529 0.206333334375
0 0.56025 0.27966666562500003 0.55625 0.271 0.55275 0.272 0.5445 0.265333334375 0.5387500000000001 0.267666665625 0.53225 0.27433333437499996 0.5265 0.275333334375 0.52325 0.302666665625 0.52825 0.307333334375 0.5347500000000001 0.301666665625 0.538 0.310333334375 0.548 0.306 0.5455 0.299666665625 0.55275 0.289666665625 0.56025 0.27966666562500003
0 0.35525 0.331333334375 0.33799999999999997 0.365333334375 0.35625 0.383 0.3735 0.34666666562500004 0.35525 0.331333334375
0 0.49349999999999994 0.248 0.48375 0.26 0.4805 0.26866666562499997 0.48949999999999994 0.275333334375 0.49450000000000005 0.27 0.49450000000000005 0.278666665625 0.49675 0.281 0.50275 0.272 0.5002500000000001 0.261 0.49675 0.257666665625 0.49675 0.251333334375 0.49349999999999994 0.248
0 0.6014999999999999 0.290666665625 0.59325 0.284 0.584 0.28633333437499997 0.58 0.296333334375 0.58075 0.307333334375 0.5875 0.312666665625 0.5980000000000001 0.307333334375 0.60225 0.299666665625 0.6014999999999999 0.290666665625
0 0.496 0.38166666562499996 0.50175 0.385 0.50675 0.384 0.51 0.378666665625 0.51075 0.371 0.5035000000000001 0.365333334375 0.49775 0.373 0.496 0.38166666562499996
0 0.63025 0.468666665625 0.63525 0.468666665625 0.65 0.459666665625 0.64925 0.45433333437499995 0.64325 0.45099999999999996 0.64425 0.44233333437500005 0.6367499999999999 0.434666665625 0.6155 0.432333334375 0.6105 0.443333334375 0.59575 0.43666666562499995 0.58975 0.43899999999999995 0.5875 0.44866666562499996 0.58175 0.45 0.58825 0.469666665625 0.5940000000000001 0.47300000000000003 0.5940000000000001 0.478333334375 0.61125 0.496 0.617 0.496 0.62775 0.487333334375 0.63175 0.47733333437500003 0.63025 0.468666665625
0 0.67475 0.45199999999999996 0.6755 0.472 0.68875 0.478333334375 0.70275 0.46299999999999997 0.69675 0.45199999999999996 0.687 0.45099999999999996 0.67475 0.45199999999999996
0 0.69675 0.599333334375 0.67375 0.631 0.68125 0.641 0.69025 0.645333334375 0.71175 0.6146666656249999 0.71075 0.605666665625 0.7175 0.590333334375 0.71325 0.587 0.69675 0.599333334375
0 0.55025 0.8320000000000001 0.56425 0.8230000000000001 0.5700000000000001 0.807666665625 0.56775 0.781333334375 0.548 0.744 0.538 0.736333334375 0.52975 0.735333334375 0.52325 0.7396666656249999 0.51 0.729666665625 0.505 0.716666665625 0.496 0.7156666656249999 0.5002500000000001 0.729666665625 0.50275 0.7453333343749999 0.51825 0.756 0.515 0.769333334375 0.529 0.8153333343750001 0.5387500000000001 0.829666665625 0.55025 0.8320000000000001
0 0.4845 0.8416666656249999 0.4845 0.8473333343749999 0.5075000000000001 0.8789999999999999 0.5315000000000001 0.875666665625 0.53625 0.866 0.52975 0.860333334375 0.5157499999999999 0.863666665625 0.496 0.845 0.48875 0.8416666656249999 0.4845 0.8416666656249999
0 0.487 0.697 0.496 0.673666665625 0.49275 0.643 0.48200000000000004 0.6343333343750001 0.45975 0.663 0.46900000000000003 0.671666665625 0.46475 0.684666665625 0.487 0.697
0 0.491 0.601333334375 0.4795 0.63 0.49275 0.639666665625 0.50275 0.609 0.491 0.601333334375
0 0.30175 0.760666665625 0.29775 0.758333334375 0.28375 0.8119999999999999 0.28775 0.819666665625 0.29275 0.8166666656249999 0.30175 0.760666665625
0 0.27475 0.695666665625 0.269 0.6990000000000001 0.268 0.687 0.27475 0.684666665625 0.2705 0.6769999999999999 0.2615 0.6769999999999999 0.25575000000000003 0.679333334375 0.25425 0.691333334375 0.2475 0.7 0.25325000000000003 0.72 0.2615 0.718666665625 0.2665 0.721 0.268 0.714333334375 0.27475 0.7156666656249999 0.27125 0.721 0.27799999999999997 0.734333334375 0.28450000000000003 0.732 0.28450000000000003 0.713333334375 0.27475 0.706666665625 0.27475 0.695666665625
0 0.12250000000000001 0.657333334375 0.1125 0.681666665625 0.11074999999999999 0.6980000000000001 0.11425 0.723333334375 0.12075 0.7253333343749999 0.12 0.7156666656249999 0.11750000000000001 0.6980000000000001 0.11750000000000001 0.689333334375 0.1265 0.661666665625 0.14550000000000002 0.6243333343749999 0.14450000000000002 0.621 0.1405 0.619 0.12250000000000001 0.657333334375