0 0.84825 0.09 0.8327500000000001 0.099666665625 0.8375 0.10733333437499999 0.84925 0.10733333437499999 0.8805 0.099666665625 0.891 0.093 0.8869999999999999 0.085333334375 0.86975 0.084333334375 0.84825 0.09
0 0.9125 0.282 0.91325 0.290666665625 0.9404999999999999 0.275333334375 0.933 0.27 0.9125 0.282
0 0.8869999999999999 0.117333334375 0.868 0.108666665625 0.8425 0.11166666562500001 0.8385 0.11066666562500001 0.836 0.116333334375 0.84275 0.125 0.8787499999999999 0.137 0.8869999999999999 0.117333334375
0 0.42125 0.196333334375 0.41624999999999995 0.186333334375 0.39725 0.185333334375 0.39575 0.201666665625 0.41375 0.20400000000000001 0.42125 0.196333334375
0 0.76525 0.32599999999999996 0.7735000000000001 0.330333334375 0.77925 0.318 0.766 0.300666665625 0.7595 0.304 0.75275 0.309333334375 0.76525 0.32599999999999996
0 0.66725 0.183 0.663 0.173333334375 0.63925 0.177666665625 0.63025 0.181 0.63175 0.193 0.63925 0.194 0.6655 0.190666665625 0.66725 0.183
0 0.45975 0.705666665625 0.4525 0.708 0.44000000000000006 0.6980000000000001 0.422 0.702333334375 0.42275 0.7276666656249999 0.43174999999999997 0.736333334375 0.44825 0.734333334375 0.44425 0.7396666656249999 0.44675000000000004 0.7453333343749999 0.45575 0.7506666656250001 0.45975 0.744 0.46224999999999994 0.716666665625 0.45975 0.705666665625
0 0.41875 0.650666665625 0.40549999999999997 0.684666665625 0.40549999999999997 0.690333334375 0.41375 0.6980000000000001 0.41950000000000004 0.694666665625 0.42525 0.665 0.441 0.673666665625 0.44425 0.648666665625 0.4295 0.644333334375 0.41875 0.650666665625
0 0.738 0.22266666562499998 0.7462500000000001 0.227 0.75125 0.221666665625 0.7595 0.186333334375 0.75625 0.16899999999999998 0.75275 0.16999999999999998 0.7455 0.181 0.738 0.22266666562499998
0 0.5700000000000001 0.722 0.56425 0.708 0.5315000000000001 0.722 0.534 0.736333334375 0.55025 0.733 0.5700000000000001 0.722
0 0.8295 0.472 0.8252499999999999 0.465333334375 0.79325 0.472 0.7965 0.495 0.83025 0.49166666562500005 0.8295 0.472
0 0.7165 0.16666666562500002 0.7215 0.158 0.7150000000000001 0.15233333437500002 0.6985 0.158 0.6992499999999999 0.164333334375 0.706 0.17099999999999999 0.7165 0.16666666562500002
0 0.985 0.34900000000000003 0.98575 0.343333334375 0.976 0.339 0.9775 0.345666665625 0.97425 0.353333334375 0.9817500000000001 0.353333334375 0.985 0.34900000000000003
0 0.7825 0.390666665625 0.784 0.385 0.76425 0.377333334375 0.76025 0.380666665625 0.7825 0.390666665625
0 0.952 0.53 0.9545 0.537666665625 0.9570000000000001 0.543333334375 0.9635 0.548666665625 0.9710000000000001 0.548666665625 0.96275 0.537666665625 0.9595 0.529 0.9602499999999999 0.5223333343750001 0.96425 0.513666665625 0.9595 0.509 0.95525 0.518 0.952 0.53
0 0.8162499999999999 0.40366666562500003 0.826 0.413666665625 0.826 0.40499999999999997 0.8295 0.39733333437499996 0.8162499999999999 0.40366666562500003
0 0.1915 0.833 0.1915 0.827333334375 0.1865 0.825333334375 0.18175 0.833 0.1865 0.839666665625 0.1915 0.833
0 0.66225 0.36633333437500004 0.659 0.36433333437500004 0.63425 0.376333334375 0.6367499999999999 0.386333334375 0.663 0.374 0.66225 0.36633333437500004
0 0.2145 0.827333334375 0.2105 0.826333334375 0.20049999999999998 0.835333334375 0.20375000000000001 0.8416666656249999 0.21200000000000002 0.836333334375 0.2145 0.827333334375
0 0.7545 0.496 0.75625 0.523333334375 0.76025 0.536666665625 0.766 0.535666665625 0.76675 0.5223333343750001 0.761 0.495 0.757 0.492666665625 0.7545 0.496
0 0.48375 0.689333334375 0.48274999999999996 0.695666665625 0.492 0.6990000000000001 0.49275 0.718666665625 0.49775 0.726666665625 0.51325 0.723333334375 0.5315000000000001 0.702333334375 0.52 0.688 0.52325 0.6759999999999999 0.5125 0.669333334375 0.501 0.672666665625 0.49275 0.671666665625 0.48875 0.684666665625 0.48375 0.689333334375
0 0.394 0.63 0.3875 0.6343333343750001 0.38175 0.6473333343750001 0.39225 0.6496666656250001 0.398 0.638666665625 0.394 0.63
0 0.673 0.358666665625 0.67375 0.351 0.66475 0.345666665625 0.6515 0.35 0.64325 0.355333334375 0.66075 0.358666665625 0.673 0.358666665625
0 0.5940000000000001 0.372 0.6094999999999999 0.367666665625 0.61875 0.36633333437500004 0.61375 0.357666665625 0.6054999999999999 0.353333334375 0.5915 0.363333334375 0.5940000000000001 0.372
0 0.5545 0.461 0.56775 0.445333334375 0.5545 0.425666665625 0.5429999999999999 0.434666665625 0.54225 0.462 0.5545 0.461
0 0.64175 0.356666665625 0.64325 0.347666665625 0.6235 0.341333334375 0.6054999999999999 0.35233333437500003 0.6155 0.363333334375 0.59225 0.378666665625 0.58575 0.375333334375 0.58 0.385 0.58175 0.398333334375 0.59975 0.396 0.6212500000000001 0.383 0.6295 0.377333334375 0.6327499999999999 0.367666665625 0.64175 0.356666665625
0 0.524 0.396 0.51425 0.401666665625 0.519 0.40599999999999997 0.5265 0.40499999999999997 0.524 0.396
0 0.5085 0.435666665625 0.5117499999999999 0.43899999999999995 0.5157499999999999 0.43899999999999995 0.52 0.432333334375 0.51325 0.421333334375 0.51 0.41900000000000004 0.5075000000000001 0.41900000000000004 0.5042500000000001 0.42466666562500005 0.5085 0.435666665625
0 0.48775 0.526666665625 0.5035000000000001 0.514666665625 0.49775 0.501333334375 0.49275 0.5036666656250001 0.48274999999999996 0.519 0.48775 0.526666665625
0 0.6615 0.365333334375 0.663 0.372 0.67375 0.380666665625 0.68125 0.36633333437500004 0.6655 0.361 0.6615 0.365333334375
0 0.53225 0.456333334375 0.52725 0.47066666562500004 0.54125 0.480666665625 0.54725 0.469666665625 0.53225 0.456333334375
0 0.65825 0.45099999999999996 0.65325 0.45099999999999996 0.6375 0.462 0.641 0.47066666562500004 0.645 0.47400000000000003 0.6597500000000001 0.46399999999999997 0.66075 0.45766666562499997 0.6679999999999999 0.44866666562499996 0.6665 0.446666665625 0.65825 0.45099999999999996
0 0.63525 0.42699999999999994 0.63925 0.417 0.62775 0.40599999999999997 0.62275 0.39933333437499996 0.61625 0.398333334375 0.612 0.401666665625 0.61625 0.40833333437499997 0.622 0.413666665625 0.63525 0.42699999999999994
0 0.627 0.45766666562499997 0.61775 0.45766666562499997 0.6144999999999999 0.45099999999999996 0.60225 0.453333334375 0.60625 0.469666665625 0.6105 0.47400000000000003 0.6144999999999999 0.47633333437500003 0.61625 0.478333334375 0.63175 0.47400000000000003 0.627 0.45766666562499997
0 0.6597500000000001 0.432333334375 0.6665 0.41600000000000004 0.65725 0.413666665625 0.6515 0.429 0.65575 0.42699999999999994 0.6597500000000001 0.432333334375
0 0.608 0.396 0.60225 0.38966666562499996 0.59975 0.392666665625 0.6 0.40499999999999997 0.61475 0.431333334375 0.6245 0.42233333437500004 0.608 0.396
0 0.6385 0.472 0.6385 0.468666665625 0.6375 0.46299999999999997 0.6335 0.462 0.6285000000000001 0.46633333437499996 0.631 0.47400000000000003 0.6367499999999999 0.47633333437500003 0.6385 0.472
0 0.631 0.384 0.6195 0.383 0.6195 0.40033333437499996 0.6327499999999999 0.41133333437499997 0.6425 0.40499999999999997 0.641 0.39166666562499997 0.631 0.384
0 0.71 0.423666665625 0.71325 0.418 0.6985 0.410333334375 0.69675 0.40700000000000003 0.69275 0.40833333437499997 0.6895 0.414666665625 0.6755 0.417 0.68125 0.434666665625 0.6877500000000001 0.432333334375 0.6992499999999999 0.429 0.70175 0.42466666562500005 0.701 0.421333334375 0.71 0.423666665625
0 0.655 0.38966666562499996 0.65325 0.384 0.6475 0.379666665625 0.64425 0.390666665625 0.64925 0.395 0.655 0.38966666562499996
0 0.5875 0.435666665625 0.58175 0.42800000000000005 0.575 0.421333334375 0.5667500000000001 0.42699999999999994 0.5735 0.43666666562499995 0.5685 0.43666666562499995 0.5660000000000001 0.44866666562499996 0.57175 0.45766666562499997 0.5825 0.456333334375 0.59475 0.467333334375 0.5965 0.453333334375 0.59475 0.43666666562499995 0.5875 0.435666665625
0 0.5405 0.501333334375 0.5347500000000001 0.508 0.538 0.521333334375 0.54225 0.526666665625 0.5519999999999999 0.519 0.5405 0.501333334375
0 0.63425 0.441 0.6245 0.44233333437500005 0.58825 0.420333334375 0.584 0.42699999999999994 0.6005 0.441 0.6252500000000001 0.453333334375 0.6457499999999999 0.455333334375 0.64925 0.45099999999999996 0.63425 0.441
0 0.70275 0.437666665625 0.69775 0.444333334375 0.682 0.472 0.68275 0.47966666562500004 0.69775 0.487333334375 0.705 0.485 0.7175 0.45433333437499995 0.72075 0.447666665625 0.70275 0.437666665625
0 0.64675 0.445333334375 0.6705 0.453333334375 0.6755 0.437666665625 0.66225 0.433333334375 0.65 0.43666666562499995 0.64675 0.445333334375
0 0.6615 0.462 0.66075 0.469666665625 0.669 0.469666665625 0.67225 0.461 0.6679999999999999 0.456333334375 0.6615 0.462
0 0.66975 0.47400000000000003 0.6565000000000001 0.487333334375 0.66075 0.496 0.67375 0.48266666562499994 0.66975 0.47400000000000003
0 0.659 0.549666665625 0.6655 0.5519999999999999 0.67375 0.547666665625 0.67625 0.538666665625 0.6755 0.53 0.6679999999999999 0.525666665625 0.6597500000000001 0.527666665625 0.655 0.533333334375 0.654 0.543333334375 0.659 0.549666665625
0 0.67625 0.497 0.6845 0.48266666562499994 0.67475 0.480666665625 0.66725 0.49066666562499994 0.67625 0.497
0 0.5700000000000001 0.368666665625 0.56525 0.376333334375 0.5782499999999999 0.375333334375 0.57925 0.36433333437500004 0.5700000000000001 0.368666665625
0 0.687 0.495 0.68125 0.495 0.67475 0.506 0.66725 0.509 0.66725 0.517 0.68125 0.513666665625 0.687 0.495
0 0.72475 0.444333334375 0.7215 0.458666665625 0.74875 0.501333334375 0.7889999999999999 0.5036666656250001 0.79325 0.49066666562499994 0.784 0.478333334375 0.7577499999999999 0.480666665625 0.7502500000000001 0.478333334375 0.73975 0.46299999999999997 0.7315 0.443333334375 0.72475 0.444333334375
0 0.72 0.492666665625 0.71075 0.487333334375 0.7075 0.495 0.6935 0.495 0.69675 0.506 0.71075 0.5036666656250001 0.7175 0.506 0.7215 0.5003333343749999 0.7315 0.502666665625 0.73975 0.496 0.7224999999999999 0.48933333437500004 0.72 0.492666665625
0 0.76425 0.45433333437499995 0.7577499999999999 0.44233333437500005 0.75125 0.429 0.7502500000000001 0.41900000000000004 0.73975 0.40499999999999997 0.74125 0.414666665625 0.73975 0.423666665625 0.7455 0.44866666562499996 0.7422500000000001 0.458666665625 0.75275 0.46299999999999997 0.75625 0.455333334375 0.76425 0.45433333437499995
0 0.613 0.581666665625 0.626 0.581666665625 0.64 0.567333334375 0.63925 0.558666665625 0.63025 0.560666665625 0.612 0.575 0.613 0.581666665625
0 0.613 0.581666665625 0.6144999999999999 0.605666665625 0.6212500000000001 0.621 0.6252500000000001 0.613333334375 0.636 0.605666665625 0.6335 0.592666665625 0.626 0.581666665625 0.6212500000000001 0.570666665625 0.61375 0.575 0.613 0.581666665625
0 0.54125 0.495 0.53975 0.48933333437500004 0.5347500000000001 0.481666665625 0.52575 0.484 0.5157499999999999 0.496 0.501 0.502666665625 0.5035000000000001 0.513666665625 0.51075 0.512333334375 0.519 0.508 0.53225 0.498333334375 0.54125 0.495
0 0.48525 0.5509999999999999 0.50275 0.566333334375 0.51825 0.576 0.519 0.571666665625 0.5117499999999999 0.562 0.49275 0.543333334375 0.48624999999999996 0.546333334375 0.48525 0.5509999999999999
0 0.55525 0.478333334375 0.55125 0.47633333437500003 0.51075 0.538666665625 0.51325 0.541 0.5469999999999999 0.49066666562499994 0.55525 0.478333334375
0 0.5915 0.519 0.58825 0.507 0.59225 0.506 0.5940000000000001 0.5036666656250001 0.59075 0.492666665625 0.575 0.49166666562500005 0.5685 0.497 0.5667500000000001 0.501333334375 0.5685 0.507 0.56525 0.511333334375 0.5627500000000001 0.5223333343750001 0.56525 0.529 0.5667500000000001 0.54 0.5735 0.546333334375 0.584 0.537666665625 0.58 0.5343333343750001 0.58075 0.5343333343750001 0.5825 0.527666665625 0.585 0.527666665625 0.58975 0.525666665625 0.5915 0.519
0 0.56025 0.47966666562500004 0.55125 0.48833333437500004 0.5519999999999999 0.496 0.55025 0.509 0.55525 0.507 0.562 0.508 0.56425 0.485 0.56025 0.47966666562500004
0 0.57675 0.592666665625 0.58 0.568333334375 0.5347500000000001 0.567333334375 0.5215 0.579333334375 0.51825 0.592666665625 0.52975 0.62 0.55375 0.6353333343750001 0.5700000000000001 0.6353333343750001 0.58075 0.63 0.5865 0.6123333343749999 0.5915 0.585 0.57675 0.592666665625
0 0.77825 0.558666665625 0.7865 0.560666665625 0.799 0.560666665625 0.808 0.568333334375 0.8162499999999999 0.581666665625 0.8234999999999999 0.593666665625 0.8375 0.604666665625 0.86075 0.6123333343749999 0.87375 0.613333334375 0.88375 0.611333334375 0.891 0.6003333343749999 0.891 0.587 0.8877499999999999 0.577333334375 0.88375 0.5650000000000001 0.8630000000000001 0.549666665625 0.8375 0.5519999999999999 0.8227499999999999 0.553 0.80475 0.557333334375 0.79325 0.5519999999999999 0.784 0.5509999999999999 0.77675 0.544333334375 0.7725 0.547666665625 0.7775000000000001 0.5509999999999999 0.761 0.5519999999999999 0.74375 0.555333334375 0.7190000000000001 0.554333334375 0.70175 0.554333334375 0.68875 0.5509999999999999 0.67475 0.555333334375 0.66475 0.5650000000000001 0.65725 0.579333334375 0.64 0.579333334375 0.61875 0.583666665625 0.60725 0.593666665625 0.603 0.605666665625 0.6054999999999999 0.6343333343750001 0.612 0.648666665625 0.6235 0.660666665625 0.6327499999999999 0.6639999999999999 0.64175 0.659666665625 0.64925 0.6519999999999999 0.6665 0.643 0.6837500000000001 0.644333334375 0.69775 0.6519999999999999 0.7085 0.6519999999999999 0.72575 0.659666665625 0.7595 0.653 0.78175 0.657333334375 0.79225 0.6519999999999999 0.79075 0.639666665625 0.80625 0.6256666656250001 0.8234999999999999 0.616666665625 0.8335000000000001 0.6146666656249999 0.8550000000000001 0.618 0.87475 0.626666665625 0.891 0.6286666656250001 0.9075 0.6343333343750001 0.9289999999999999 0.6376666656250001 0.9397500000000001 0.6343333343750001 0.95275 0.632 0.962 0.622333334375 0.96675 0.609 0.96275 0.585 0.9602499999999999 0.581666665625 0.95525 0.5826666656249999 0.9595 0.5980000000000001 0.9595 0.609 0.9545 0.619 0.9480000000000001 0.6256666656250001 0.9339999999999999 0.63 0.9075 0.627666665625 0.88275 0.622333334375 0.86725 0.619 0.85725 0.613333334375 0.8432499999999999 0.61 0.827 0.608 0.8095000000000001 0.619 0.79575 0.627666665625 0.7875 0.633333334375 0.784 0.650666665625 0.776 0.653 0.76525 0.6496666656250001 0.7462500000000001 0.650666665625 0.7304999999999999 0.653 0.71425 0.6473333343750001 0.701 0.645333334375 0.6877500000000001 0.639666665625 0.6705 0.6376666656250001 0.659 0.639666665625 0.64425 0.648666665625 0.63425 0.657333334375 0.626 0.655 0.6155 0.643 0.613 0.633333334375 0.60875 0.622333334375 0.60875 0.611333334375 0.6094999999999999 0.5980000000000001 0.627 0.5860000000000001 0.64 0.587 0.654 0.5860000000000001 0.66225 0.580666665625 0.6655 0.569666665625 0.67475 0.558666665625 0.68625 0.556333334375 0.70175 0.560666665625 0.729 0.560666665625 0.77175 0.559666665625 0.77825 0.558666665625
0 0.60225 0.497 0.60625 0.509 0.6235 0.515666665625 0.6375 0.5036666656250001 0.641 0.487333334375 0.63425 0.480666665625 0.6245 0.481666665625 0.5965 0.469666665625 0.5735 0.461 0.561 0.465333334375 0.5660000000000001 0.47400000000000003 0.5725 0.478333334375 0.5685 0.49066666562499994 0.5742499999999999 0.49066666562499994 0.5825 0.48600000000000004 0.58975 0.49166666562500005 0.60225 0.497
0 0.60375 0.857 0.6155 0.851666665625 0.61125 0.8406666656249999 0.6054999999999999 0.8416666656249999 0.60375 0.857