0 0.49850000000000005 0.007666665625000001 0.5175 0.008666665625 0.529 0.010666665625 0.53975 0.001 0.48525 0 0.49850000000000005 0.007666665625000001
0 0.29775 0.960333334375 0.2985 0.9733333343749999 0.292 0.998666665625 0.3215 0.998666665625 0.3225 0.9723333343749999 0.32 0.963666665625 0.31325 0.964666665625 0.31175 0.950333334375 0.3035 0.953666665625 0.29775 0.960333334375
0 0.6014999999999999 0.465333334375 0.6054999999999999 0.478333334375 0.62275 0.480666665625 0.64 0.47633333437500003 0.6375 0.462 0.63425 0.45 0.62775 0.45199999999999996 0.61375 0.46399999999999997 0.6014999999999999 0.465333334375
0 0.515 0.356666665625 0.49924999999999997 0.35 0.49349999999999994 0.33999999999999997 0.48949999999999994 0.35233333437500003 0.48949999999999994 0.365333334375 0.5215 0.386333334375 0.52825 0.373 0.534 0.362 0.52725 0.357666665625 0.52575 0.36 0.519 0.356666665625 0.515 0.356666665625
0 0.66475 0.26866666562499997 0.6665 0.297333334375 0.673 0.297333334375 0.67475 0.305 0.6805 0.308333334375 0.6910000000000001 0.305 0.68525 0.26 0.6805 0.26 0.67875 0.252333334375 0.6705 0.252333334375 0.66475 0.26866666562499997
0 0.7455 0.332333334375 0.7495 0.321333334375 0.743 0.318 0.7355 0.322666665625 0.72975 0.33566666562499997 0.7165 0.327 0.70675 0.341333334375 0.701 0.35233333437500003 0.70025 0.358666665625 0.7075 0.372 0.7264999999999999 0.34900000000000003 0.72825 0.358666665625 0.73625 0.351 0.7455 0.332333334375
0 0.575 0.532333334375 0.58575 0.543333334375 0.59225 0.527666665625 0.5965 0.5246666656250001 0.5972500000000001 0.519 0.5915 0.513666665625 0.5832499999999999 0.518 0.57925 0.512333334375 0.57175 0.515666665625 0.575 0.532333334375
0 0.4795 0.478333334375 0.47625 0.47400000000000003 0.46900000000000003 0.47633333437500003 0.4615 0.49166666562500005 0.46475 0.501333334375 0.46900000000000003 0.501333334375 0.47225 0.495 0.48775 0.49066666562499994 0.49275 0.47633333437500003 0.4795 0.478333334375
0 0.7085 0.261 0.71075 0.245666665625 0.70175 0.241333334375 0.68525 0.267666665625 0.69675 0.278666665625 0.7085 0.261
0 0.48775 0.38966666562499996 0.4845 0.39733333437499996 0.48775 0.39933333437499996 0.477 0.40599999999999997 0.48775 0.42233333437500004 0.49349999999999994 0.444333334375 0.50175 0.45099999999999996 0.5247499999999999 0.444333334375 0.5347500000000001 0.42699999999999994 0.52 0.413666665625 0.5035000000000001 0.38966666562499996 0.48775 0.38966666562499996
0 0.743 0.248 0.74125 0.241333334375 0.734 0.238 0.7304999999999999 0.242333334375 0.72075 0.23033333437499998 0.70925 0.248 0.71175 0.257666665625 0.72825 0.273 0.73725 0.271 0.73975 0.261 0.73875 0.255666665625 0.743 0.248
0 0.7175 0.313666665625 0.72 0.317 0.7304999999999999 0.319333334375 0.73225 0.324666665625 0.7455 0.316 0.75525 0.302666665625 0.7405 0.301666665625 0.748 0.28633333437499997 0.73975 0.27966666562500003 0.72075 0.281 0.71425 0.285333334375 0.7150000000000001 0.291666665625 0.7215 0.298333334375 0.7175 0.298333334375 0.7165 0.307333334375 0.72325 0.309333334375 0.7175 0.313666665625
0 0.48624999999999996 0.538666665625 0.5035000000000001 0.526666665625 0.49275 0.511333334375 0.477 0.507 0.47300000000000003 0.518 0.46975 0.5309999999999999 0.48624999999999996 0.538666665625
0 0.5315000000000001 0.580666665625 0.53625 0.585 0.5469999999999999 0.5826666656249999 0.5519999999999999 0.5946666656249999 0.5627500000000001 0.589333334375 0.55275 0.569666665625 0.534 0.570666665625 0.5315000000000001 0.580666665625