0 0.348039215625 0.6401143796875 0.3507965703125 0.639297384375 0.3535539203125 0.63521241875 0.35539215625 0.63684640625 0.359681371875 0.63521241875 0.3599877453125 0.6315359468749999 0.3615196078125 0.6315359468749999 0.3642769609375 0.6282679734375 0.367340684375 0.626225490625 0.369791665625 0.6266339875 0.3734681375 0.6258169921875 0.3756127453125 0.6233660125 0.377757353125 0.6217320265625 0.379289215625 0.6196895437500001 0.3808210796875 0.616830065625 0.381740196875 0.6139705890625 0.382659315625 0.6111111109375 0.3832720578125 0.609068628125 0.3844975484375 0.609068628125 0.38817401875 0.6062091515625 0.3887867640625 0.6045751640625 0.38817401875 0.6021241828125 0.3875612734375 0.5996732015624999 0.386335784375 0.597222221875 0.384191175 0.5943627453125 0.380208334375 0.596405228125 0.37837009843749997 0.5959967328125 0.3765318625 0.5959967328125 0.3740808828125 0.597222221875 0.37162990156250003 0.5968137265625 0.3688725484375 0.59763071875 0.367034315625 0.5984477109374999 0.365808825 0.6000816999999999 0.35539215625 0.60702614375 0.352634803125 0.608251634375 0.350183825 0.6111111109375 0.34773284375 0.614379084375 0.344975490625 0.614379084375 0.3443627453125 0.615604575 0.3428308828125 0.616013071875 0.34007352812499997 0.6172385625000001 0.337316175 0.6184640531250001 0.3354779421875 0.6200980390625 0.33149509843749997 0.6229575171875 0.328125 0.625 0.3259803921875 0.6290849656249999 0.32567401875 0.6323529421874999 0.3265931375 0.634395425 0.326899509375 0.6376633984375 0.328125 0.639297384375 0.328431371875 0.640522875 0.3299632359375 0.640931371875 0.348039215625 0.6401143796875
0 0.9708946078125 0.6940359468749999 0.9702818625 0.6895424828125 0.9678308828125 0.6866830078125 0.9604779421874999 0.687091503125 0.9512867640625 0.6866830078125 0.945465684375 0.68504901875 0.9396446078125 0.6834150343750001 0.9368872546875 0.6834150343750001 0.93504901875 0.683823528125 0.92585784375 0.683823528125 0.9289215703125 0.6903594765625 0.929534315625 0.6948529421874999 0.9286151968749999 0.6997549015625 0.9307598031250001 0.7013888890625 0.9341299015625 0.703431371875 0.9365808828125 0.7046568625 0.937806371875 0.7046568625 0.9442401968749999 0.703431371875 0.9485294109375 0.701797384375 0.9525122546875 0.698937909375 0.95863970625 0.6973039203125 0.9626225484375001 0.696895425 0.9672181375 0.6960784296875 0.969975490625 0.6960784296875 0.9708946078125 0.6940359468749999
0 0.523284315625 0.7287581703125 0.524816175 0.726715684375 0.5254289203125 0.7250816999999999 0.52726715625 0.7250816999999999 0.528492646875 0.726307190625 0.5321691171875 0.7254901968749999 0.5333946078125 0.7246732015624999 0.5343137265625 0.723039215625 0.5386029421874999 0.723039215625 0.539215684375 0.7209967328125 0.539215684375 0.7181372546875 0.538909315625 0.713643790625 0.53523284375 0.7128267984375001 0.5333946078125 0.7128267984375001 0.532475490625 0.711192809375 0.52879901875 0.711192809375 0.5263480390625 0.7116013078125001 0.524816175 0.7120098031250001 0.523284315625 0.7087418296875 0.5202205890625 0.7062908484375 0.5174632359375 0.7062908484375 0.514399509375 0.70710784375 0.50398284375 0.7075163390625 0.500306371875 0.708333334375 0.4990808828125 0.7075163390625 0.4981617640625 0.706699346875 0.49662990156250003 0.705882353125 0.49356617500000005 0.7075163390625 0.49203431562500005 0.709558825 0.49111519687499994 0.71323529375 0.49111519687499994 0.718545753125 0.49111519687499994 0.723856209375 0.49234068437499995 0.7287581703125 0.49417892031250005 0.73202614375 0.49571078437500005 0.7328431375 0.497242646875 0.73202614375 0.4990808828125 0.73202614375 0.5021446078125 0.7312091515625 0.506433825 0.73039215625 0.511948528125 0.730800653125 0.5165441171875 0.73039215625 0.519301471875 0.7312091515625 0.5217524515624999 0.730800653125 0.523284315625 0.7287581703125
0 0.451899509375 0.5959967328125 0.44975490156250003 0.5996732015624999 0.4500612734375 0.6008986921874999 0.4681372546875 0.621323528125 0.47365196093749995 0.614379084375 0.4718137265625 0.6127450984375 0.4708946078125 0.6111111109375 0.4705882359375 0.606617646875 0.45741421562499995 0.5919117640625 0.4552696078125 0.5923202625 0.451899509375 0.5959967328125
0 0.8575367640625 0.511437909375 0.8544730390625 0.5085784296875 0.8520220578125001 0.5073529421874999 0.8486519609375 0.5077614374999999 0.8455882359375 0.5085784296875 0.842524509375 0.511437909375 0.840992646875 0.5147058828125 0.8403799015625 0.51960784375 0.840992646875 0.523284315625 0.8428308828125 0.526960784375 0.8446691171875 0.5294117640625 0.84773284375 0.531045753125 0.8511029421874999 0.531045753125 0.8532475484375001 0.5306372546875 0.8563112734375 0.5290032671875 0.8587622546875 0.5249183000000001 0.8599877453125 0.520833334375 0.8599877453125 0.515522875 0.8575367640625 0.511437909375
0 0.675551471875 0.51184640625 0.6767769609375 0.514297384375 0.6789215703125 0.516748365625 0.6804534296875 0.515931371875 0.6816789203125 0.5151143796875 0.683823528125 0.5122549015625 0.683210784375 0.509395425 0.6825980390625 0.5069444453124999 0.679534315625 0.5053104562499999 0.67738970625 0.5049019609375 0.676164215625 0.5077614374999999 0.675551471875 0.51184640625
0 0.29442401875 0.0698529421875 0.3109681375 0.071895425 0.311274509375 0.066584965625 0.31004901875 0.0616830078125 0.304840684375 0.0592320265625 0.297181371875 0.066176471875 0.296875 0.0682189546875 0.29442401875 0.0698529421875
0 0.5517769609375 0.09354575312499999 0.5490196078125 0.090277778125 0.546568628125 0.089460784375 0.5453431375 0.084558825 0.5370710796875 0.088643790625 0.53676470625 0.09272875781249999 0.5517769609375 0.09354575312499999
0 0.4672181375 0.812908496875 0.4696691171875 0.81004901875 0.4718137265625 0.8039215703125 0.468443628125 0.8018790843750001 0.4672181375 0.8067810453125001 0.4656862734375 0.811274509375 0.4672181375 0.812908496875
0 0.4984681375 0.7671568625 0.5006127453125 0.76797385625 0.5033700984375 0.76797385625 0.506433825 0.7663398703125 0.50398284375 0.7634803921875 0.5015318625 0.7622549015625 0.499693628125 0.7610294109375 0.4978553921875 0.7647058828125 0.4984681375 0.7671568625
0 0.018382353125 0.8006535937500001 0.0214460796875 0.7977941171875 0.02573529375 0.7949346390625001 0.023284315625 0.7908496734375 0.018382353125 0.7900326796875 0.015625 0.7900326796875 0.012867646875 0.7896241828125 0.008884803125 0.7900326796875 0.005208334375 0.791666665625 0.001225490625 0.8006535937500001 0.00245098125 0.812091503125 0.00551470625 0.8096405234375 0.010416665625 0.8063725484375001 0.015625 0.8026960796875 0.018382353125 0.8006535937500001
0 0.249693628125 0.794117646875 0.24632352812499997 0.786356209375 0.242340684375 0.776960784375 0.2401960796875 0.773692809375 0.23835784375000002 0.773692809375 0.226715684375 0.783905228125 0.2205882359375 0.7896241828125 0.2129289203125 0.7953431375 0.204350490625 0.8002450984375 0.198835784375 0.8031045750000001 0.188725490625 0.8084150343750001 0.1688112734375 0.8178104562499999 0.1660539203125 0.8198529421874999 0.17003676406249998 0.8390522890625001 0.259191175 0.8296568625 0.2570465703125 0.8247549015625 0.255208334375 0.8210784296875 0.2549019609375 0.8157679734375 0.25337009843749997 0.8080065359375 0.2515318625 0.8010620906250001 0.249693628125 0.794117646875
0 0.1568627453125 0.816176471875 0.16145833437499998 0.8141339875 0.167585784375 0.8125 0.17432598125 0.8096405234375 0.180759803125 0.8063725484375001 0.18596813750000002 0.8035130718750001 0.188725490625 0.8026960796875 0.188725490625 0.8010620906250001 0.18995098125 0.7994281062499999 0.1881127453125 0.7961601296875 0.184742646875 0.7883986921874999 0.179840684375 0.7920751640625 0.1749387265625 0.793300653125 0.170649509375 0.7961601296875 0.167585784375 0.7998366015625 0.16176470625 0.8031045750000001 0.159926471875 0.8047385625000001 0.1583946078125 0.8047385625000001 0.1541053921875 0.8084150343750001 0.148590684375 0.8157679734375 0.1412377453125 0.8251633984375 0.1375612734375 0.8300653609375 0.133884803125 0.8341503265625001 0.1323529421875 0.8370098031250001 0.13051470625 0.8374183000000001 0.127757353125 0.83823529375 0.126225490625 0.83986928125 0.1256127453125 0.8427287578125 0.14154411718749998 0.8415032671875 0.1439950984375 0.8366013078125001 0.1452205890625 0.833333334375 0.14613970625 0.829248365625 0.148284315625 0.8239379093749999 0.149509803125 0.8198529421874999 0.1513480390625 0.8174019609375 0.1568627453125 0.816176471875
0 0.5775122546875 0.0539215703125 0.578431371875 0.0424836609375 0.575367646875 0.0408496734375 0.5707720578125001 0.0396241828125 0.56801470625 0.0359477109375 0.5640318625 0.0318627453125 0.561274509375 0.028594771875 0.558823528125 0.0298202625 0.554534315625 0.030637254687499997 0.5499387265625 0.033905228125 0.549632353125 0.0371732015625 0.5477941171875 0.0396241828125 0.5499387265625 0.041258170312499995 0.5526960796875 0.0400326796875 0.55238970625 0.0437091515625 0.5554534296875 0.045751634375 0.55698529375 0.04289215625 0.55851715625 0.039215684375 0.561274509375 0.0396241828125 0.5615808828125 0.04289215625 0.5609681375 0.045751634375 0.559742646875 0.0490196078125 0.558823528125 0.051879084374999995 0.558823528125 0.0539215703125 0.559742646875 0.05718954375 0.5618872546875 0.058006535937500006 0.5625 0.0592320265625 0.56495098125 0.062091503125 0.566789215625 0.0633169921875 0.5719975484375001 0.057598039062499995 0.5765931375 0.058823528125 0.5787377453125 0.0604575171875 0.5799632359375 0.0596405234375 0.5790441171875 0.057598039062499995 0.577818628125 0.0567810453125 0.5775122546875 0.0539215703125
0 0.3979779421875 0.516748365625 0.391850490625 0.516748365625 0.3915441171875 0.5175653609374999 0.3915441171875 0.522058825 0.3924632359375 0.5224673203125 0.3936887265625 0.5224673203125 0.39613970625 0.522058825 0.3979779421875 0.5212418296875 0.3992034296875 0.51960784375 0.3992034296875 0.51797385625 0.3979779421875 0.516748365625
0 0.0634191171875 0.7622549015625 0.063725490625 0.758169934375 0.067708334375 0.7622549015625 0.07506127343749999 0.7663398703125 0.07659313749999999 0.768382353125 0.0814950984375 0.769199346875 0.078431371875 0.7765522890625001 0.080882353125 0.7790032671875 0.086090684375 0.7806372546875 0.08823529375 0.7798202625 0.0943627453125 0.764297384375 0.0888480390625 0.760620915625 0.0879289203125 0.759395425 0.08118872656250001 0.7532679734375 0.0747549015625 0.7483660125 0.067708334375 0.7446895437500001 0.05361519687500001 0.7352941171875 0.0398284296875 0.7630718937500001 0.046875 0.76797385625 0.049632353125 0.7712418296875 0.059742646875000006 0.7765522890625001 0.0686274515625 0.7806372546875 0.070159315625 0.77736928125 0.0646446078125 0.7687908484375 0.0634191171875 0.7622549015625
0 0 0.8157679734375 0.000306371875 0.8521241828124999 0.048100490625 0.848039215625 0.045649509375 0.8353758171875001 0.039215684375 0.8235294109375 0.036458334375 0.8165849656249999 0.032475490625 0.8014705890625 0.029718137500000002 0.8014705890625 0.026960784375 0.794117646875 0.00551470625 0.8108660125 0 0.8157679734375
0 0.488051471875 0.713643790625 0.48682598125 0.713643790625 0.4852941171875 0.7140522890625001 0.5110294109375 0.7977941171875 0.512867646875 0.795751634375 0.488051471875 0.713643790625
0 0.25337009843749997 0.8075980390625 0.254289215625 0.813725490625 0.255208334375 0.816176471875 0.255208334375 0.8206699343749999 0.25551470625 0.8223039203125 0.2665441171875 0.8288398703125001 0.276041665625 0.8280228749999999 0.28492647187500003 0.8280228749999999 0.2910539203125 0.8259803921875 0.296875 0.8239379093749999 0.30055147187500003 0.813725490625 0.30055147187500003 0.811274509375 0.301164215625 0.8096405234375 0.299632353125 0.8039215703125 0.299632353125 0.8018790843750001 0.2984068625 0.7990196078125 0.288909315625 0.785539215625 0.280943628125 0.7790032671875 0.2726715703125 0.7822712421875 0.2686887265625 0.7830882359375 0.26164215625 0.781454246875 0.2610294109375 0.77736928125 0.261335784375 0.7745098031250001 0.2610294109375 0.772058825 0.2598039203125 0.7700163390625 0.257965684375 0.7724673203125 0.257659315625 0.770833334375 0.2585784296875 0.7687908484375 0.257965684375 0.7671568625 0.2570465703125 0.7687908484375 0.2549019609375 0.7716503265625 0.2545955890625 0.773692809375 0.2530637265625 0.773692809375 0.2518382359375 0.770833334375 0.24846813750000002 0.7745098031250001 0.24662990156250003 0.7745098031250001 0.24632352812499997 0.773692809375 0.24693627343750002 0.7716503265625 0.245710784375 0.7700163390625 0.2450980390625 0.7675653609374999 0.2450980390625 0.765931371875 0.24662990156250003 0.7663398703125 0.24754901875000002 0.766748365625 0.24785539218750002 0.765931371875 0.24693627343750002 0.7647058828125 0.24632352812499997 0.7634803921875 0.244791665625 0.7626633984375 0.242034315625 0.7638888890625 0.2417279421875 0.7622549015625 0.239583334375 0.7651143796875 0.23835784375000002 0.7647058828125 0.23529411718749998 0.766748365625 0.2337622546875 0.7634803921875 0.23590686249999998 0.7598039203125 0.23682598124999998 0.7569444453124999 0.2426470578125 0.7561274515624999 0.2405024515625 0.7520424828125 0.2349877453125 0.750408496875 0.23682598124999998 0.7479575171875 0.22977941093749998 0.7442810453125001 0.2236519609375 0.7430555546875001 0.2129289203125 0.7377450984375 0.2080269609375 0.741830065625 0.2049632359375 0.748774509375 0.204350490625 0.758986928125 0.20618872656249998 0.765931371875 0.210784315625 0.778594771875 0.213541665625 0.78513071875 0.217524509375 0.7912581703125 0.23835784375000002 0.773284315625 0.2401960796875 0.773692809375 0.2429534296875 0.777777778125 0.24662990156250003 0.78676470625 0.24908088281250002 0.79289215625 0.251225490625 0.7998366015625 0.25337009843749997 0.8075980390625