0 0.3169934640625 0.5134803921875 0.32516339843750003 0.5162377453125 0.333333334375 0.516850490625 0.339460784375 0.515625 0.343954246875 0.511948528125 0.3521241828125 0.5098039203125 0.366013071875 0.510416665625 0.3758169921875 0.5122549015625 0.3835784296875 0.5147058828125 0.3954248359375 0.5140931375 0.3966503265625 0.5098039203125 0.39419934687499997 0.5088848031250001 0.3925653609375 0.5061274515624999 0.398692809375 0.5049019609375 0.3991013078125 0.5021446078125 0.397058825 0.500306371875 0.3925653609375 0.4981617640625 0.38725490156250003 0.49662990156250003 0.37785947656249996 0.4969362734375 0.3741830078125 0.4981617640625 0.36846405312499997 0.497242646875 0.36315359375 0.496323528125 0.3468137265625 0.49540441093750004 0.3337418296875 0.49509803906250005 0.32557189375 0.49571078437500005 0.3186274515625 0.4990808828125 0.313725490625 0.5015318625 0.3047385625 0.5015318625 0.303104575 0.50398284375 0.301062090625 0.506433825 0.303513071875 0.5094975484375001 0.31045751718750003 0.5094975484375001 0.3141339875 0.5110294109375 0.3169934640625 0.5134803921875
0 0.58047385625 0.373774509375 0.5825163390625 0.375 0.583333334375 0.3765318625 0.5853758171875 0.37837009843749997 0.5870098031250001 0.3795955890625 0.58986928125 0.3771446078125 0.5951797375 0.3771446078125 0.598039215625 0.3795955890625 0.6021241828125 0.3835784296875 0.606617646875 0.386335784375 0.6188725484375001 0.3887867640625 0.6258169921875 0.3897058828125 0.6303104562499999 0.3887867640625 0.634395425 0.38511029375 0.63521241875 0.381740196875 0.6348039203125 0.37837009843749997 0.6315359468749999 0.3759191171875 0.6258169921875 0.3740808828125 0.616013071875 0.3719362734375 0.6098856203125 0.370710784375 0.6078431375 0.3691789203125 0.601715684375 0.3679534296875 0.5947712421875 0.3667279421875 0.590277778125 0.367340684375 0.586192809375 0.368566175 0.5837418296875 0.368566175 0.5812908484375 0.368259803125 0.579248365625 0.3679534296875 0.578022875 0.3691789203125 0.5776143796875 0.370710784375 0.578431371875 0.3731617640625 0.58047385625 0.373774509375
0 0.5437091515625 0.320159315625 0.5383986921874999 0.3174019609375 0.533905228125 0.31495098125 0.5298202625 0.31648284375 0.528594771875 0.31801470625 0.5281862734375 0.319240196875 0.531454246875 0.3219975484375 0.5359477109374999 0.32444852812499997 0.538807190625 0.3262867640625 0.5420751640625 0.3265931375 0.545751634375 0.326899509375 0.546977125 0.32475490156250003 0.5449346390625001 0.32261029375 0.5437091515625 0.320159315625
0 0.3325163390625 0.40073529375000005 0.33210784375 0.3955269609375 0.33047385625 0.39399509843749997 0.3288398703125 0.3924632359375 0.3272058828125 0.389399509375 0.32516339843750003 0.38817401875 0.321895425 0.390625 0.320669934375 0.3921568625 0.3174019609375 0.39430147187500003 0.31617647187500003 0.3976715703125 0.31454248281249997 0.41145833437499996 0.31576797343749996 0.41299019687499994 0.3194444453125 0.41390931562500005 0.3235294109375 0.41636029375000005 0.328022875 0.41513480312500006 0.330882353125 0.41084558906249996 0.3312908484375 0.4044117640625 0.3325163390625 0.40073529375000005
0 0.024918299999999997 0.47273284374999996 0.0204248359375 0.47579657031249994 0.023284315625 0.47886029375000005 0.0294117640625 0.47855392031250005 0.037990196875 0.47579657031249994 0.0449346390625 0.4693627453125 0.04289215625 0.467524509375 0.0294117640625 0.4678308828125 0.024918299999999997 0.47273284374999996
0 0.41258169999999994 0.4702818625 0.41421568437499995 0.469975490625 0.41339869218749997 0.4672181375 0.4068627453125 0.465992646875 0.40277777812500004 0.46415441093750004 0.40114379062500005 0.46292892031250005 0.398692809375 0.46384803906250005 0.3978758171875 0.4656862734375 0.3962418296875 0.468443628125 0.4003267984375 0.47120098125 0.40277777812500004 0.47212009843749997 0.4056372546875 0.47273284374999996 0.4076797375 0.4705882359375 0.4084967328125 0.47120098125 0.41176470624999995 0.4705882359375 0.41258169999999994 0.4702818625
0 0.46160130781250003 0.4390318625 0.4587418296875 0.43995098125 0.45833333437499996 0.44240196093749995 0.4599673203125 0.44454657031249994 0.46119280937499996 0.44607842968750006 0.4693627453125 0.44301470624999995 0.4709967328125 0.441176471875 0.4697712421875 0.43995098125 0.46160130781250003 0.4390318625
0 0.8999183000000001 0.1945465703125 0.8843954249999999 0.195465684375 0.8831699343749999 0.196691175 0.8876633984375 0.198835784375 0.8913398703125001 0.1985294109375 0.8950163390625001 0.1969975484375 0.8978758171875001 0.1969975484375 0.90073529375 0.199448528125 0.9048202625 0.2012867640625 0.8999183000000001 0.1945465703125
0 0.3676470578125 0.270833334375 0.3741830078125 0.2726715703125 0.375408496875 0.269914215625 0.3741830078125 0.26930147187500003 0.3688725484375 0.2686887265625 0.366013071875 0.2686887265625 0.3676470578125 0.270833334375
0 0.639297384375 0.47120098125 0.6425653609374999 0.468443628125 0.6454248359375 0.465992646875 0.6491013078125001 0.46323529375000005 0.6491013078125001 0.46047794218749993 0.648692809375 0.45863970624999995 0.6466503265625 0.456801471875 0.643382353125 0.45557598125 0.640522875 0.45557598125 0.6270424828125 0.45894607968749995 0.624591503125 0.46078431562500005 0.6209150343750001 0.46446078437500005 0.6209150343750001 0.4678308828125 0.62254901875 0.47120098125 0.625 0.47273284374999996 0.6335784296875 0.47395833437499996 0.639297384375 0.47120098125
0 0.4587418296875 0.4405637265625 0.4575163390625 0.438725490625 0.451797384375 0.438725490625 0.4513888890625 0.44087009843749997 0.44526143749999997 0.43995098125 0.44199346406249995 0.44362745156249994 0.44281045625 0.44393382499999995 0.44730392031250005 0.44424019687499994 0.45057189375 0.44485294218749993 0.4513888890625 0.44638480312500006 0.45547385625 0.44761029375000005 0.4599673203125 0.44852941093750004 0.4599673203125 0.44546568437499995 0.45833333437499996 0.44209558906249996 0.4587418296875 0.4405637265625
0 0.583333334375 0.2763480390625 0.580882353125 0.2827818625 0.5825163390625 0.2858455890625 0.586192809375 0.2858455890625 0.588643790625 0.284007353125 0.590277778125 0.27726715625 0.5878267984375001 0.27573529375 0.5849673203125 0.2751225484375 0.583333334375 0.2763480390625