0 0.091666665625 0.29375 0.09375 0.31015625 0.12083333437499999 0.32265625 0.128125 0.30234375 0.109375 0.29609375 0.1125 0.28828125 0.10208333437499999 0.28203125 0.091666665625 0.29375
0 0.15625 0.41015625 0.140625 0.41015625 0.122916665625 0.42890625 0.147916665625 0.440625 0.17083333437499998 0.41875 0.15625 0.41015625
0 0.109375 0.45078125 0.1125 0.434375 0.073958334375 0.43125 0.073958334375 0.45078125 0.097916665625 0.45390625 0.109375 0.45078125
0 0.159375 0.56953125 0.163541665625 0.59140625 0.17083333437499998 0.58984375 0.167708334375 0.56796875 0.159375 0.56953125
0 0.448958334375 0.28828125 0.438541665625 0.29921875 0.448958334375 0.3015625 0.45833333437499996 0.2890625 0.448958334375 0.28828125
0 0.13541666562500002 0.6375 0.134375 0.65078125 0.142708334375 0.65078125 0.142708334375 0.6375 0.13541666562500002 0.6375
0 0.202083334375 0.47734375 0.202083334375 0.4828125 0.223958334375 0.48125 0.219791665625 0.47578125 0.202083334375 0.47734375
0 0.209375 0.41328125 0.20729166562499998 0.41796875 0.228125 0.415625 0.229166665625 0.4125 0.209375 0.41328125
0 0.184375 0.57734375 0.17708333437499998 0.57734375 0.169791665625 0.59140625 0.175 0.59453125 0.184375 0.57734375
0 0.283333334375 0.55625 0.283333334375 0.5640625 0.304166665625 0.56484375 0.305208334375 0.55390625 0.283333334375 0.55625
0 0.254166665625 0.4046875 0.261458334375 0.39921875 0.246875 0.3890625 0.242708334375 0.39296875 0.254166665625 0.4046875
0 0.15625 0.34765625 0.163541665625 0.34609375 0.173958334375 0.32890625 0.16666666562500002 0.32890625 0.15625 0.34765625
0 0.3375 0.63984375 0.346875 0.63828125 0.355208334375 0.61953125 0.346875 0.615625 0.3375 0.63984375
0 0.15625 0.87109375 0.153125 0.87578125 0.178125 0.884375 0.18125 0.87578125 0.15625 0.87109375
0 0.10208333437499999 0.9796875 0.098958334375 0.96796875 0.0875 0.9765625 0.090625 0.990625 0.10833333437499999 0.98671875 0.10208333437499999 0.9796875
0 0.06875 0.8875 0.071875 0.89296875 0.094791665625 0.88984375 0.094791665625 0.8796875 0.06875 0.8875
0 0.11875 0.7265625 0.12604166562500002 0.72734375 0.13020833437499998 0.70625 0.122916665625 0.70546875 0.11875 0.7265625
0 0.28229166562499997 0.78125 0.292708334375 0.784375 0.29583333437500003 0.76875 0.286458334375 0.76875 0.28229166562499997 0.78125
0 0.3875 0.60859375 0.379166665625 0.60546875 0.352083334375 0.621875 0.359375 0.62734375 0.3875 0.60859375
0 0.366666665625 0.70546875 0.364583334375 0.71328125 0.390625 0.71640625 0.397916665625 0.71015625 0.366666665625 0.70546875
0 0.31145833437500003 0.765625 0.308333334375 0.7875 0.321875 0.7890625 0.321875 0.765625 0.31145833437500003 0.765625
0 0.46666666562500003 0.5421875 0.440625 0.5421875 0.452083334375 0.5515625 0.46666666562500003 0.5421875
0 0.235416665625 0.46171875 0.223958334375 0.46171875 0.211458334375 0.4734375 0.217708334375 0.47578125 0.235416665625 0.46171875