0 0.059375 0.889583334375 0.065625 0.896875 0.0796875 0.8822916656249999 0.09609375 0.885416665625 0.1375 0.828125 0.115625 0.8041666656249999 0.0796875 0.8458333343750001 0.059375 0.889583334375
0 0.25234375 0.522916665625 0.240625 0.538541665625 0.2078125 0.61875 0.22578125 0.615625 0.24765625 0.601041665625 0.2734375 0.546875 0.271875 0.5322916656250001 0.28359375 0.498958334375 0.2671875 0.49479166562500004 0.25234375 0.522916665625
0 0.421875 0.696875 0.42421875 0.745833334375 0.48125 0.73125 0.475 0.683333334375 0.421875 0.696875
0 0.51875 0.7979166656250001 0.50703125 0.78125 0.496875 0.772916665625 0.4546875 0.779166665625 0.453125 0.8322916656249999 0.46640625 0.85 0.4859375 0.8729166656249999 0.5140625 0.875 0.5109375 0.8572916656249999 0.51640625 0.829166665625 0.51875 0.7979166656250001
0 0.99609375 0.464583334375 0.88359375 0.495833334375 0.88828125 0.513541665625 0.99765625 0.480208334375 0.99609375 0.464583334375
0 0.946875 0.4125 0.94375 0.41666666562500004 0.94375 0.422916665625 0.94921875 0.42708333437499996 0.95234375 0.42708333437499996 0.95859375 0.42916666562500005 0.959375 0.420833334375 0.95703125 0.41666666562500004 0.95234375 0.4125 0.946875 0.4125
0 0.93984375 0.091666665625 0.93046875 0.13541666562500002 0.93671875 0.147916665625 0.97734375 0.115625 0.99765625 0.064583334375 0.9984375 0.011458334375 0.98046875 0.014583334375000001 0.93984375 0.091666665625
0 0.890625 0.572916665625 0.88203125 0.572916665625 0.87109375 0.558333334375 0.86171875 0.559375 0.853125 0.56875 0.85859375 0.584375 0.86796875 0.5875 0.88203125 0.601041665625 0.890625 0.597916665625 0.89140625 0.590625 0.896875 0.584375 0.890625 0.572916665625
0 0.94453125 0.8208333343750001 0.95 0.813541665625 0.95 0.796875 0.9453125 0.786458334375 0.94609375 0.770833334375 0.95078125 0.769791665625 0.95 0.74375 0.94453125 0.721875 0.9296875 0.698958334375 0.90703125 0.68125 0.89296875 0.696875 0.8890625 0.745833334375 0.91171875 0.75 0.91171875 0.763541665625 0.9140625 0.777083334375 0.93359375 0.785416665625 0.9421875 0.788541665625 0.93984375 0.8145833343750001 0.94453125 0.8208333343750001
0 0.92265625 0.86875 0.86953125 0.8416666656249999 0.8578125 0.878125 0.8640625 0.889583334375 0.91171875 0.920833334375 0.921875 0.9104166656249999 0.93984375 0.915625 0.94453125 0.90625 0.92734375 0.89375 0.92265625 0.86875
0 0.8703125 0.590625 0.8578125 0.588541665625 0.85078125 0.588541665625 0.8359375 0.644791665625 0.84140625 0.68125 0.83515625 0.70625 0.84921875 0.7125 0.86171875 0.6875 0.86953125 0.667708334375 0.8796875 0.604166665625 0.8703125 0.590625
0 0.92265625 0.8833333343750001 0.93125 0.890625 0.9484375 0.865625 0.9453125 0.858333334375 0.93203125 0.865625 0.92265625 0.8833333343750001