0 0.1265625 0.5859375 0.125 0.5984375 0.1296875 0.6 0.1390625 0.5921875 0.1390625 0.5859375 0.1265625 0.5859375
0 0.1921875 0.4 0.1875 0.4046875 0.1890625 0.41875 0.1984375 0.4125 0.1921875 0.4
0 0.278125 0.7921875 0.275 0.8109375 0.28125 0.8125 0.2828125 0.7984375 0.278125 0.7921875
0 0.403125 0.5171875 0.4 0.53125 0.40625 0.5359375 0.4109375 0.5234375 0.403125 0.5171875
0 0.1375 0.98125 0.1359375 0.9921875 0.1453125 0.99375 0.146875 0.984375 0.1375 0.98125
0 0.1484375 0.6203125 0.146875 0.6328125 0.153125 0.6359375 0.15625 0.63125 0.1484375 0.625 0.15625 0.6171875 0.153125 0.6140625 0.1484375 0.6203125
0 0.3328125 0.5046875 0.33125 0.5125 0.34375 0.5171875 0.34375 0.50625 0.3328125 0.5046875
0 0.0078125 0.5765625 0.00625 0.59375 0.0171875 0.6 0.0234375 0.58125 0.0171875 0.571875 0.0078125 0.5765625
0 0.45 0.7078125 0.44375 0.725 0.4484375 0.7296875 0.465625 0.725 0.4671875 0.7125 0.4625 0.7078125 0.45 0.7078125
0 0.446875 0.7171875 0.44375 0.725 0.45625 0.7296875 0.45625 0.71875 0.446875 0.7171875
0 0.4671875 0.9671875 0.4625 0.971875 0.465625 0.984375 0.4734375 0.9796875 0.4734375 0.96875 0.4671875 0.9671875