0 0.55625 0.7171875 0.55625 0.725 0.5609375 0.7171875 0.5734375 0.7234375 0.56875 0.7140625 0.55625 0.7171875
0 0.8640625 0.7453125 0.8671875 0.7546875 0.8859375 0.7484375 0.88125 0.7421875 0.8640625 0.7453125
0 0.003125 0.7984375 0 0.8109375 0.00625 0.8078125 0.0078125 0.8 0.003125 0.7984375
0 0.35625 0.8171875 0.3546875 0.8234375 0.36875 0.8234375 0.3734375 0.81875 0.36875 0.8125 0.35625 0.8171875
0 0.5578125 0.7140625 0.55625 0.725 0.5828125 0.725 0.571875 0.7125 0.5578125 0.7140625
0 0.8578125 0.753125 0.85 0.753125 0.85 0.7609375 0.8578125 0.7609375 0.8578125 0.753125
0 0.4703125 0.9546875 0.46875 0.9640625 0.4890625 0.9578125 0.4859375 0.9515625 0.4703125 0.9546875
0 0.1859375 0.9421875 0.1796875 0.9484375 0.18125 0.9546875 0.2 0.95 0.2 0.94375 0.1859375 0.9421875
0 0.025 0.81875 0.01875 0.8234375 0.0234375 0.83125 0.0359375 0.825 0.025 0.81875
0 0.946875 0.6765625 0.940625 0.6875 0.95625 0.6875 0.95625 0.6765625 0.946875 0.6765625
0 0.728125 0.8859375 0.725 0.8984375 0.734375 0.8984375 0.7359375 0.8890625 0.728125 0.8859375