0 0.540625 0.7296875 0.5375 0.7453125 0.5453125 0.75 0.5484375 0.7390625 0.540625 0.7296875
0 0.6875 0.5890625 0.6828125 0.59375 0.6828125 0.6046875 0.69375 0.609375 0.6984375 0.6046875 0.6984375 0.59375 0.6953125 0.5875 0.6875 0.5890625
0 0.8390625 0.6125 0.8375 0.615625 0.846875 0.61875 0.8375 0.628125 0.84375 0.6296875 0.8484375 0.6171875 0.8390625 0.6125
0 0.8359375 0.8 0.8328125 0.8125 0.8375 0.8234375 0.8453125 0.8265625 0.8484375 0.8125 0.8359375 0.8
0 0.03984375 0.534375 0.0046875 0.00625
0 0.6296875 0.7625 0.6296875 0.7734375 0.6359375 0.775 0.6359375 0.7609375 0.6296875 0.7625
0 0.359375 0.66875 0.3546875 0.66875 0.3546875 0.6828125 0.3625 0.6875 0.3640625 0.6765625 0.359375 0.66875
0 0.4 0.53125 0.4 0.540625 0.4109375 0.5421875 0.4109375 0.534375 0.4 0.53125
0 0.5046875 0.5421875 0.5046875 0.5546875 0.5109375 0.5546875 0.5109375 0.54375 0.5046875 0.5421875
0 0.4265625 0.6828125 0.425 0.69375 0.4359375 0.6984375 0.4375 0.690625 0.4265625 0.6828125
0 0.359375 0.5203125 0.35625 0.5296875 0.3640625 0.5421875 0.36875 0.53125 0.3625 0.51875 0.359375 0.5203125
0 0.3546875 0.59375 0.3484375 0.59375 0.3484375 0.6015625 0.3578125 0.6046875 0.359375 0.596875 0.3546875 0.59375
0 0.9171875 0.5859375 0.9125 0.5859375 0.9125 0.59375 0.921875 0.603125 0.9234375 0.596875 0.9171875 0.5859375
0 0.95625 0.8546875 0.9546875 0.8671875 0.9625 0.8671875 0.9671875 0.859375 0.9625 0.853125 0.95625 0.8546875
0 0.9421875 0.66875 0.9359375 0.66875 0.940625 0.68125 0.9421875 0.66875
0 0.878125 0.85 0.878125 0.8625 0.8875 0.8671875 0.8890625 0.85625 0.878125 0.85
0 0.7296875 0.790625 0.73125 0.8046875 0.7390625 0.7921875 0.7375 0.7859375 0.7296875 0.790625
0 0.5734375 0.5625 0.571875 0.58125 0.5765625 0.5828125 0.58125 0.5671875 0.5796875 0.5625 0.5734375 0.5625
0 0.825 0.73125 0.825 0.746875 0.83125 0.7484375 0.8328125 0.7328125 0.825 0.73125