0 0.9515625 0.3734375 0.9515625 0.3796875 0.9671875 0.38125 0.965625 0.3734375 0.9515625 0.3734375
0 0.7546875 0.40625 0.7421875 0.40625 0.74375 0.415625 0.7546875 0.415625 0.7546875 0.40625
0 0.8859375 0.8328125 0.88125 0.8359375 0.8859375 0.84375 0.9046875 0.846875 0.909375 0.8421875 0.9046875 0.8359375 0.8859375 0.8328125
0 0.0078125 0.7421875 0.009375 0.75 0.025 0.75 0.021875 0.7421875 0.0078125 0.7421875
0 0.10625 0.4484375 0.10625 0.4609375 0.115625 0.4609375 0.115625 0.4484375 0.10625 0.4484375
0 0.3625 0.753125 0.3625 0.7640625 0.371875 0.7625 0.3734375 0.75625 0.3625 0.753125
0 0.5765625 0.85625 0.5625 0.85625 0.5625 0.8640625 0.5765625 0.8671875 0.58125 0.8625 0.5765625 0.85625
0 0.35 0.434375 0.3453125 0.4421875 0.3484375 0.44375 0.353125 0.4359375 0.3578125 0.44375 0.359375 0.4375 0.35 0.434375
0 0.18125 0.6171875 0.175 0.625 0.1953125 0.625 0.19375 0.6171875 0.18125 0.6171875
0 0.35 0.43125 0.3421875 0.43125 0.34375 0.440625 0.359375 0.44375 0.359375 0.4375 0.35 0.43125
0 0.628125 0.978125 0.625 0.9859375 0.634375 0.9875 0.6359375 0.9796875 0.628125 0.978125
0 0.490625 0.6125 0.475 0.6140625 0.4859375 0.6203125 0.4921875 0.6140625 0.4953125 0.6203125 0.490625 0.6125
0 0.7421875 0.6828125 0.7375 0.6875 0.7390625 0.69375 0.75 0.69375 0.7484375 0.6828125 0.7421875 0.6828125
0 0.5171875 0.4 0.5140625 0.40625 0.51875 0.4109375 0.53125 0.4078125 0.5296875 0.4 0.5171875 0.4