0 0.34375 0.3140625 0.3328125 0.3171875 0.3359375 0.3234375 0.3484375 0.325 0.34375 0.3140625
0 0.103125 0.4484375 0.0859375 0.4484375 0.0875 0.4625 0.1046875 0.45625 0.103125 0.4484375
0 0.2609375 0.0375 0.25625 0.05 0.265625 0.05625 0.25625 0.0625 0.2609375 0.065625 0.26875 0.0546875 0.2703125 0.03125 0.2609375 0.0375
0 0.3125 0.0421875 0.30625 0.04375 0.30625 0.0625 0.3234375 0.0546875 0.3234375 0.046875 0.3125 0.0421875
0 0.5140625 0 0.4984375 0 0.5 0.0140625 0.5109375 0.0125 0.5140625 0
0 0.2359375 0.4140625 0.2359375 0.4265625 0.2546875 0.425 0.2515625 0.4125 0.2359375 0.4140625
0 0.1890625 0.3796875 0.1875 0.3921875 0.1921875 0.3984375 0.209375 0.39375 0.209375 0.3859375 0.2015625 0.3796875 0.1890625 0.3796875
0 0.1671875 0.4578125 0.1640625 0.475 0.171875 0.478125 0.18125 0.4734375 0.18125 0.4625 0.1703125 0.4625 0.1671875 0.4578125
0 0.6453125 0.525 0.6359375 0.5625 0.6484375 0.58125 0.6609375 0.5890625 0.6671875 0.56875 0.66875 0.5375 0.65625 0.5203125 0.6453125 0.525
0 0.2734375 0.1 0.2703125 0.115625 0.2859375 0.115625 0.2875 0.1015625 0.2734375 0.1
0 0.0453125 0.584375 0.0421875 0.6015625 0.0609375 0.6046875 0.0609375 0.5828125 0.0453125 0.584375
0 0.7484375 0.6859375 0.7453125 0.7 0.75 0.7078125 0.75625 0.7078125 0.759375 0.696875 0.7546875 0.6875 0.7484375 0.6859375
0 0.4375 0.8 0.4359375 0.815625 0.4421875 0.821875 0.4484375 0.815625 0.4484375 0.8046875 0.4375 0.8
0 0.3625 0.1734375 0.3609375 0.1921875 0.36875 0.2015625 0.3609375 0.203125 0.3671875 0.2078125 0.365625 0.2125 0.3734375 0.1921875 0.375 0.1578125 0.384375 0.1359375 0.3859375 0.0609375 0.3796875 0.0625 0.371875 0.1359375 0.3625 0.1734375