0 0.4921875 0 0.4890625 0.01875 0.4921875 0.028125 0.4984375 0.0296875 0.5 0 0.4921875 0
0 0.3765625 0.4609375 0.375 0.4734375 0.39375 0.4734375 0.3921875 0.4609375 0.3765625 0.4609375
0 0.71875 0.975 0.71875 0.9984375 0.75 0.9984375 0.753125 0.9796875 0.74375 0.95625 0.7296875 0.9578125 0.71875 0.975
0 0.34375 0.51875 0.34375 0.53125 0.359375 0.5296875 0.3609375 0.5234375 0.35625 0.51875 0.34375 0.51875
0 0.7140625 0.6921875 0.70625 0.6984375 0.7078125 0.71875 0.7171875 0.728125 0.7140625 0.759375 0.725 0.78125 0.7375 0.7921875 0.7421875 0.8046875 0.7375 0.8296875 0.7484375 0.8390625 0.759375 0.8234375 0.7609375 0.8046875 0.7484375 0.7765625 0.7375 0.775 0.73125 0.7671875 0.728125 0.721875 0.71875 0.69375 0.7140625 0.6921875
0 0.36875 0.2109375 0.3640625 0.215625 0.3671875 0.2265625 0.3796875 0.225 0.3859375 0.21875 0.384375 0.2109375 0.36875 0.2109375
0 0.1546875 0.875 0.15 0.8796875 0.153125 0.89375 0.16875 0.89375 0.171875 0.875 0.1546875 0.875
0 0.2359375 0.8890625 0.23125 0.89375 0.234375 0.90625 0.25 0.90625 0.2546875 0.8953125 0.2484375 0.8890625 0.2359375 0.8890625
0 0.3546875 0.284375 0.353125 0.303125 0.3609375 0.3046875 0.36875 0.2921875 0.36875 0.275 0.3625 0.275 0.3546875 0.284375
0 0.4703125 0.4 0.4609375 0.41875 0.465625 0.43125 0.4734375 0.415625 0.4875 0.4109375 0.4859375 0.4 0.4703125 0.4
0 0.3265625 0.4625 0.325 0.475 0.33125 0.4796875 0.3421875 0.4625 0.3421875 0.4484375 0.3375 0.4484375 0.3265625 0.4625
0 0.5234375 0.1203125 0.51875 0.1296875 0.5203125 0.14375 0.53125 0.1359375 0.5359375 0.125 0.5328125 0.115625 0.5234375 0.1203125
0 0.425 0.009375 0.415625 0.0203125 0.4171875 0.034375 0.4296875 0.0296875 0.4359375 0.0140625 0.434375 0.00625 0.425 0.009375
0 0.9109375 0.36875 0.90625 0.3734375 0.90625 0.384375 0.9171875 0.3859375 0.91875 0.375 0.9109375 0.36875
0 0.4375 0.5734375 0.4359375 0.634375 0.4421875 0.625 0.4484375 0.5734375 0.45625 0.55 0.4609375 0.49375 0.4578125 0.475 0.4515625 0.478125 0.45 0.4875 0.4578125 0.496875 0.4484375 0.5015625 0.4421875 0.565625 0.4375 0.5734375
0 0.2609375 0.80625 0.259375 0.8234375 0.275 0.8234375 0.275 0.8078125 0.2609375 0.80625
0 0.30625 0.84375 0.30625 0.8625 0.3234375 0.859375 0.321875 0.846875 0.30625 0.84375
0 0.4734375 0.3984375 0.4703125 0.4078125 0.475 0.4125 0.4875 0.4109375 0.4875 0.4 0.4734375 0.3984375
0 0.34375 0.3890625 0.34375 0.4109375 0.3625 0.403125 0.359375 0.3890625 0.34375 0.3890625