0 0.6390625 0.21875 0.6375 0.2328125 0.6453125 0.2375 0.6484375 0.215625 0.6390625 0.21875
0 0.003125 0.1640625 0 0.2296875 0.00625 0.25 0.0125 0.25 0.0359375 0.234375 0.0546875 0.2 0.0578125 0.18125 0.04375 0.165625 0.040625 0.15 0.0296875 0.1359375 0.0125 0.14375 0.003125 0.1640625
0 0.7765625 0.4546875 0.775 0.471875 0.7828125 0.475 0.784375 0.45625 0.78125 0.4515625 0.7765625 0.4546875
0 0.3453125 0.0234375 0.34375 0.0375 0.3546875 0.0359375 0.3546875 0.025 0.35 0.0203125 0.3453125 0.0234375
0 0.5609375 0.3296875 0.5546875 0.3328125 0.5640625 0.3421875 0.5546875 0.3453125 0.55625 0.3484375 0.5671875 0.340625 0.5671875 0.33125 0.5609375 0.3296875
0 0.728125 0.575 0.725 0.5921875 0.7328125 0.6 0.734375 0.5765625 0.728125 0.575
0 0.69375 0.5296875 0.7015625 0.5390625 0.6921875 0.5421875 0.69375 0.5484375 0.7015625 0.55 0.7046875 0.5421875 0.69375 0.5296875
0 0.725 0.371875 0.71875 0.371875 0.71875 0.3859375 0.725 0.3921875 0.7296875 0.3875 0.725 0.371875
0 0.75625 0.5296875 0.75625 0.5421875 0.7609375 0.546875 0.7609375 0.53125 0.75625 0.5296875
0 0.60625 0.421875 0.60625 0.4359375 0.615625 0.4359375 0.6171875 0.425 0.6125 0.4171875 0.60625 0.421875
0 0.5734375 0.10625 0.571875 0.1171875 0.5765625 0.1234375 0.58125 0.109375 0.5734375 0.10625
0 0.4671875 0.1875 0.4625 0.1921875 0.4625 0.2046875 0.4671875 0.2125 0.4734375 0.2125 0.4796875 0.2 0.478125 0.19375 0.4671875 0.1875