0 0.7626953125 0.6467013888888888 0.76220703125 0.6588541666666666 0.763671875 0.6631944444444444 0.77001953125 0.6657986111111112 0.77392578125 0.6614583333333334 0.7744140625 0.6519097222222222 0.77294921875 0.6458333333333334 0.7626953125 0.6467013888888888
0 0.9462890625 0.9487847222222222 0.9453125 0.9522569444444444 0.94775390625 0.9661458333333334 0.95654296875 0.9652777777777778 0.95751953125 0.9557291666666666 0.955078125 0.9479166666666666 0.94970703125 0.9453125 0.9462890625 0.9487847222222222
0 0.501953125 0.9201388888888888 0.5009765625 0.9253472222222222 0.50390625 0.9296875 0.5068359375 0.9296875 0.5078125 0.921875 0.5048828125 0.9184027777777778 0.501953125 0.9201388888888888
0 0.390625 0.6015625 0.390625 0.6128472222222222 0.39306640625 0.6163194444444444 0.40087890625 0.6137152777777778 0.40380859375 0.6085069444444444 0.4033203125 0.6041666666666666 0.3974609375 0.5998263888888888 0.390625 0.6015625
0 0.32568359375 0.328125 0.32568359375 0.3550347222222222 0.32763671875 0.3585069444444444 0.3330078125 0.3576388888888889 0.3330078125 0.3315972222222222 0.32958984375 0.3272569444444444 0.32568359375 0.328125
0 0.91064453125 0.7439236111111112 0.91064453125 0.7534722222222222 0.91357421875 0.7578125 0.91796875 0.7595486111111112 0.92138671875 0.7560763888888888 0.9208984375 0.7421875 0.91357421875 0.7395833333333334 0.91064453125 0.7439236111111112
0 0.59228515625 0.6276041666666666 0.591796875 0.6380208333333334 0.59521484375 0.6458333333333334 0.60009765625 0.6475694444444444 0.60302734375 0.6432291666666666 0.603515625 0.6310763888888888 0.6015625 0.6267361111111112 0.5947265625 0.625 0.59228515625 0.6276041666666666
0 0.30908203125 0.5034722222222222 0.3095703125 0.5208333333333334 0.31689453125 0.5277777777777778 0.32421875 0.5277777777777778 0.32421875 0.5147569444444444 0.3134765625 0.5026041666666666 0.30908203125 0.5034722222222222
0 0.4443359375 0.3559027777777778 0.443359375 0.3645833333333333 0.4462890625 0.3645833333333333 0.447265625 0.3602430555555556 0.4443359375 0.3559027777777778
0 0.38134765625 0.3411458333333333 0.3798828125 0.3506944444444444 0.3837890625 0.3532986111111111 0.38525390625 0.3498263888888889 0.384765625 0.3420138888888889 0.38134765625 0.3411458333333333
0 0.6298828125 0.515625 0.62939453125 0.5260416666666666 0.6318359375 0.5329861111111112 0.63720703125 0.5364583333333334 0.64306640625 0.5286458333333334 0.6435546875 0.5147569444444444 0.64013671875 0.5078125 0.63525390625 0.5078125 0.6298828125 0.515625
0 0.39599609375 0.15364583333333334 0.3955078125 0.1623263888888889 0.3994140625 0.17447916666666666 0.404296875 0.1753472222222222 0.40625 0.1675347222222222 0.40478515625 0.15364583333333334 0.4013671875 0.14930555555555555 0.39599609375 0.15364583333333334
0 0.646484375 0.3993055555555556 0.646484375 0.4071180555555556 0.650390625 0.4166666666666667 0.654296875 0.4166666666666667 0.6630859375 0.4079861111111111 0.6630859375 0.3993055555555556 0.65869140625 0.3897569444444444 0.65380859375 0.3897569444444444 0.646484375 0.3993055555555556
0 0.779296875 0.5381944444444444 0.77880859375 0.5494791666666666 0.783203125 0.5581597222222222 0.7890625 0.5555555555555556 0.79296875 0.5460069444444444 0.79150390625 0.5373263888888888 0.7890625 0.5329861111111112 0.7822265625 0.5329861111111112 0.779296875 0.5381944444444444