0 0.64306640625 0.4123263888888889 0.64306640625 0.4253472222222222 0.64599609375 0.4305555555555556 0.6513671875 0.4305555555555556 0.654296875 0.4253472222222222 0.65478515625 0.4123263888888889 0.6513671875 0.4071180555555556 0.64501953125 0.4079861111111111 0.64306640625 0.4123263888888889
0 0.30810546875 0.7638888888888888 0.30712890625 0.7725694444444444 0.30908203125 0.7786458333333334 0.3134765625 0.7786458333333334 0.31982421875 0.7699652777777778 0.31982421875 0.7638888888888888 0.31787109375 0.7612847222222222 0.30810546875 0.7638888888888888
0 0.654296875 0.5234375 0.654296875 0.5347222222222222 0.6572265625 0.5390625 0.66259765625 0.5381944444444444 0.66552734375 0.5329861111111112 0.6650390625 0.5251736111111112 0.66259765625 0.5190972222222222 0.658203125 0.5190972222222222 0.654296875 0.5234375
0 0.3076171875 0.9140625 0.30322265625 0.9140625 0.30322265625 0.9175347222222222 0.30712890625 0.9244791666666666 0.30859375 0.921875 0.3076171875 0.9140625
0 0.88232421875 0.6579861111111112 0.8818359375 0.6657986111111112 0.884765625 0.671875 0.8896484375 0.6727430555555556 0.89208984375 0.6701388888888888 0.892578125 0.6631944444444444 0.8896484375 0.65625 0.8857421875 0.6545138888888888 0.88232421875 0.6579861111111112
0 0.5009765625 0.6284722222222222 0.49853515625 0.6319444444444444 0.4990234375 0.6440972222222222 0.50390625 0.6493055555555556 0.5078125 0.6484375 0.51025390625 0.640625 0.50927734375 0.6310763888888888 0.50439453125 0.6267361111111112 0.5009765625 0.6284722222222222
0 0.20947265625 0.7413194444444444 0.20849609375 0.7508680555555556 0.21142578125 0.7552083333333334 0.22216796875 0.7552083333333334 0.2265625 0.7517361111111112 0.2265625 0.7439236111111112 0.22509765625 0.7421875 0.21435546875 0.7387152777777778 0.20947265625 0.7413194444444444
0 0.2060546875 0.3472222222222222 0.2060546875 0.3576388888888889 0.2119140625 0.3663194444444444 0.21728515625 0.3680555555555556 0.21923828125 0.3645833333333333 0.21923828125 0.3559027777777778 0.21728515625 0.3515625 0.21142578125 0.3454861111111111 0.2060546875 0.3472222222222222
0 0.29931640625 0.5 0.29736328125 0.5017361111111112 0.29736328125 0.5069444444444444 0.30029296875 0.5095486111111112 0.30224609375 0.5069444444444444 0.30224609375 0.5017361111111112 0.29931640625 0.5
0 0.2373046875 0.5338541666666666 0.2373046875 0.5451388888888888 0.24072265625 0.5451388888888888 0.24267578125 0.5416666666666666 0.24267578125 0.5373263888888888 0.2412109375 0.5338541666666666 0.2373046875 0.5338541666666666
0 0.18212890625 0.5642361111111112 0.1806640625 0.5694444444444444 0.1865234375 0.5885416666666666 0.1884765625 0.5911458333333334 0.1943359375 0.5894097222222222 0.1962890625 0.5833333333333334 0.19140625 0.5703125 0.1875 0.5642361111111112 0.18212890625 0.5642361111111112
0 0.30517578125 0.046875 0.30517578125 0.0546875 0.31103515625 0.0625 0.31591796875 0.050347222222222224 0.31640625 0.034722222222222224 0.31396484375 0.03211805555555555 0.3095703125 0.033854166666666664 0.30517578125 0.046875
0 0.26513671875 0.027777777777777776 0.26513671875 0.044270833333333336 0.26806640625 0.05555555555555555 0.2734375 0.05555555555555555 0.27392578125 0.04513888888888889 0.27099609375 0.03125 0.2685546875 0.027777777777777776 0.26513671875 0.027777777777777776
0 0.5068359375 0.4982638888888889 0.5068359375 0.5147569444444444 0.51025390625 0.5199652777777778 0.515625 0.5199652777777778 0.52001953125 0.5104166666666666 0.5185546875 0.4982638888888889 0.51513671875 0.4930555555555556 0.5107421875 0.4930555555555556 0.5068359375 0.4982638888888889
0 0.484375 0.9696180555555556 0.484375 0.9756944444444444 0.48974609375 0.9748263888888888 0.48974609375 0.9704861111111112 0.48779296875 0.9670138888888888 0.484375 0.9696180555555556
0 0.49560546875 0.3819444444444444 0.4931640625 0.3940972222222222 0.50048828125 0.4027777777777778 0.50390625 0.4010416666666667 0.509765625 0.3845486111111111 0.5078125 0.3784722222222222 0.50244140625 0.3723958333333333 0.50048828125 0.3723958333333333 0.49560546875 0.3819444444444444
0 0.8076171875 0.4973958333333333 0.80517578125 0.5017361111111112 0.80517578125 0.5095486111111112 0.80810546875 0.5138888888888888 0.81103515625 0.5138888888888888 0.8154296875 0.5069444444444444 0.8154296875 0.5017361111111112 0.8134765625 0.4973958333333333 0.8076171875 0.4973958333333333