0 0.9859375 0.41875 0.9875 0.4734375 0.9984375 0.484375 0.9984375 0.425 0.9859375 0.41875
0 0.9875 0.41875 0.9875 0.4484375 0.9984375 0.4484375 0.9984375 0.4234375 0.9921875 0.425 0.9875 0.41875
0 0.6921875 0.2234375 0.6875 0.2234375 0.690625 0.2515625 0.6921875 0.2234375
0 0.9890625 0.4515625 0.9875 0.4734375 0.9984375 0.484375 0.9984375 0.4484375 0.9890625 0.4515625
0 0.5296875 0.6046875 0.5109375 0.6046875 0.5109375 0.6171875 0.53125 0.6171875 0.5296875 0.6046875
0 0.93125 0.55 0.925 0.55625 0.925 0.5921875 0.93125 0.603125 0.9375 0.603125 0.9484375 0.596875 0.9484375 0.5734375 0.94375 0.55625 0.93125 0.55
0 0.384375 0.98125 0.3859375 0.9859375 0.3796875 0.9859375 0.3796875 0.9984375 0.3921875 0.9984375 0.384375 0.98125
0 0.371875 0.6671875 0.36875 0.6765625 0.3765625 0.690625 0.3859375 0.69375 0.3859375 0.6796875 0.371875 0.6671875
0 0.3625 0.8046875 0.3609375 0.840625 0.3625 0.8484375 0.3671875 0.8484375 0.36875 0.8046875 0.3625 0.8046875
0 0.7234375 0.9203125 0.721875 0.9265625 0.7265625 0.93125 0.7375 0.9234375 0.7375 0.9125 0.7296875 0.9109375 0.7234375 0.9203125
0 0.9921875 0.5109375 0.9859375 0.5234375 0.9984375 0.53125 0.9984375 0.5229171874999999 0.990625 0.515625 0.9984375 0.5145828125 0.9984375 0.50625 0.9921875 0.5109375
0 0.203125 0.91875 0.2015625 0.9296875 0.2125 0.9296875 0.2234375 0.9109375 0.21875 0.90625 0.203125 0.91875
0 0.6359375 0.30625 0.63125 0.3125 0.634375 0.31875 0.6484375 0.309375 0.6515625 0.29375 0.6359375 0.30625
0 0.65 0.4625 0.6484375 0.4734375 0.6625 0.4734375 0.671875 0.4671875 0.671875 0.45625 0.65 0.4625
0 0.4265625 0.59375 0.4265625 0.609375 0.4421875 0.6203125 0.4421875 0.6046875 0.4265625 0.59375
0 0.2796875 0.7015625 0.275 0.7015625 0.2859375 0.7140625 0.275 0.7140625 0.2828125 0.7296875 0.290625 0.7296875 0.2796875 0.7015625
0 0.496875 0.8671875 0.4875 0.8671875 0.4875 0.884375 0.50625 0.8921875 0.509375 0.8796875 0.496875 0.8671875