0 0.2333984375 0.3784722222222222 0.232421875 0.3819444444444444 0.234375 0.3854166666666667 0.2373046875 0.3854166666666667 0.2392578125 0.3819444444444444 0.23779296875 0.3767361111111111 0.2333984375 0.3784722222222222
0 0.04296875 0.8532986111111112 0.0390625 0.8532986111111112 0.0390625 0.8628472222222222 0.04345703125 0.8637152777777778 0.04296875 0.8532986111111112
0 0.197265625 0.2873263888888889 0.197265625 0.2951388888888889 0.2021484375 0.2960069444444444 0.20263671875 0.2864583333333333 0.19921875 0.2847222222222222 0.197265625 0.2873263888888889
0 0.0791015625 0.3133680555555556 0.078125 0.3229166666666667 0.08056640625 0.3428819444444444 0.0859375 0.3446180555555556 0.08740234375 0.3411458333333333 0.0869140625 0.3151041666666667 0.0791015625 0.3133680555555556
0 0.38818359375 0.9539930555555556 0.384765625 0.9600694444444444 0.38525390625 0.9739583333333334 0.38818359375 0.9782986111111112 0.39306640625 0.9782986111111112 0.39697265625 0.9704861111111112 0.39794921875 0.9618055555555556 0.3935546875 0.953125 0.38818359375 0.9539930555555556
0 0.2177734375 0.7751736111111112 0.216796875 0.7864583333333334 0.21923828125 0.7916666666666666 0.2255859375 0.7916666666666666 0.23046875 0.7829861111111112 0.23046875 0.7769097222222222 0.2265625 0.7690972222222222 0.22021484375 0.7699652777777778 0.2177734375 0.7751736111111112
0 0.291015625 0.7465277777777778 0.291015625 0.7578125 0.294921875 0.7647569444444444 0.30126953125 0.7638888888888888 0.30517578125 0.7560763888888888 0.30517578125 0.7439236111111112 0.30126953125 0.7387152777777778 0.29443359375 0.7395833333333334 0.291015625 0.7465277777777778
0 0.1572265625 0.2204861111111111 0.1572265625 0.22916666666666666 0.16015625 0.234375 0.1630859375 0.234375 0.1708984375 0.21180555555555555 0.16796875 0.2065972222222222 0.1640625 0.2065972222222222 0.1572265625 0.2204861111111111
0 0.0185546875 0.5286458333333334 0.01708984375 0.5381944444444444 0.01806640625 0.5407986111111112 0.017578125 0.5355902777777778 0.02099609375 0.5364583333333334 0.021484375 0.5329861111111112 0.021484375 0.5286458333333334 0.0185546875 0.5286458333333334
0 0.48486328125 0.2300347222222222 0.484375 0.23958333333333334 0.486328125 0.24305555555555555 0.49609375 0.2465277777777778 0.50048828125 0.24305555555555555 0.5009765625 0.234375 0.498046875 0.2300347222222222 0.4873046875 0.22569444444444445 0.48486328125 0.2300347222222222
0 0.09228515625 0.4895833333333333 0.0927734375 0.4965277777777778 0.09814453125 0.5052083333333334 0.103515625 0.5060763888888888 0.10546875 0.5017361111111112 0.09814453125 0.484375 0.0947265625 0.484375 0.09228515625 0.4895833333333333
0 0.283203125 0.171875 0.283203125 0.1892361111111111 0.28466796875 0.19270833333333334 0.2900390625 0.1935763888888889 0.2939453125 0.18836805555555555 0.2939453125 0.18055555555555555 0.29150390625 0.1753472222222222 0.28759765625 0.17100694444444445 0.283203125 0.171875
0 0.3564453125 0.6770833333333334 0.35400390625 0.6892361111111112 0.3544921875 0.6953125 0.36572265625 0.7022569444444444 0.36865234375 0.7013888888888888 0.37109375 0.6814236111111112 0.36328125 0.6762152777777778 0.3564453125 0.6770833333333334
0 0.47607421875 0.16145833333333334 0.4755859375 0.171875 0.4814453125 0.171875 0.48974609375 0.1579861111111111 0.490234375 0.1501736111111111 0.486328125 0.14583333333333334 0.47607421875 0.16145833333333334