0 0.41015625 0.46875 0.4072265625 0.4696180555555556 0.4072265625 0.4756944444444444 0.412109375 0.4748263888888889 0.412109375 0.4704861111111111 0.41015625 0.46875
0 0.646484375 0.2664930555555556 0.64501953125 0.2760416666666667 0.646484375 0.28125 0.6484375 0.28125 0.66064453125 0.2682291666666667 0.66015625 0.2578125 0.65234375 0.2560763888888889 0.646484375 0.2664930555555556
0 0.3876953125 0.8541666666666666 0.38720703125 0.8654513888888888 0.38818359375 0.8697916666666666 0.39111328125 0.8723958333333334 0.39599609375 0.8715277777777778 0.40087890625 0.8628472222222222 0.40087890625 0.8541666666666666 0.39599609375 0.8463541666666666 0.39111328125 0.8472222222222222 0.3876953125 0.8541666666666666
0 0.52197265625 0.7699652777777778 0.521484375 0.7864583333333334 0.53466796875 0.7907986111111112 0.53759765625 0.7786458333333334 0.53759765625 0.7743055555555556 0.53564453125 0.7708333333333334 0.52587890625 0.7647569444444444 0.52197265625 0.7699652777777778
0 0.2685546875 0.5685763888888888 0.26806640625 0.5729166666666666 0.27099609375 0.5815972222222222 0.27587890625 0.5868055555555556 0.2802734375 0.5859375 0.28125 0.5807291666666666 0.27978515625 0.5772569444444444 0.279296875 0.5659722222222222 0.27197265625 0.5642361111111112 0.2685546875 0.5685763888888888
0 0.654296875 0.3411458333333333 0.654296875 0.3498263888888889 0.6611328125 0.3541666666666667 0.66845703125 0.3541666666666667 0.669921875 0.3489583333333333 0.66943359375 0.3411458333333333 0.6630859375 0.3368055555555556 0.65673828125 0.3359375 0.654296875 0.3411458333333333
0 0.3330078125 0.3072916666666667 0.3330078125 0.3203125 0.33935546875 0.3229166666666667 0.34375 0.3142361111111111 0.3466796875 0.3012152777777778 0.341796875 0.2951388888888889 0.3369140625 0.2994791666666667 0.3330078125 0.3072916666666667
0 0.25439453125 0.3958333333333333 0.25390625 0.40625 0.25634765625 0.4253472222222222 0.2646484375 0.4253472222222222 0.263671875 0.3975694444444444 0.25439453125 0.3958333333333333
0 0.21728515625 0.9157986111111112 0.216796875 0.9262152777777778 0.2197265625 0.9262152777777778 0.2197265625 0.9166666666666666 0.21728515625 0.9157986111111112
0 0.46142578125 0.828125 0.45947265625 0.8324652777777778 0.46044921875 0.8446180555555556 0.46533203125 0.8498263888888888 0.4716796875 0.8489583333333334 0.474609375 0.8368055555555556 0.47265625 0.8272569444444444 0.46630859375 0.8229166666666666 0.46142578125 0.828125
0 0.45849609375 0.2743055555555556 0.4580078125 0.2899305555555556 0.46240234375 0.2916666666666667 0.46630859375 0.2864583333333333 0.466796875 0.2751736111111111 0.46337890625 0.2699652777777778 0.45849609375 0.2743055555555556