0 0.659375 0.0421875 0.65625 0.0515625 0.6625 0.0625 0.6671875 0.0625 0.665625 0.04375 0.659375 0.0421875
0 0.503125 0.3453125 0.5 0.3671875 0.50625 0.3671875 0.503125 0.3453125
0 0.425 0.5109375 0.425 0.53125 0.43125 0.53125 0.434375 0.5171875 0.425 0.5109375
0 0.4578125 0.5890625 0.45625 0.6015625 0.4625 0.603125 0.45625 0.609375 0.4609375 0.609375 0.4671875 0.5890625 0.4578125 0.5890625
0 0.48125 0.0359375 0.48125 0.0484375 0.496875 0.0421875 0.4921875 0.03125 0.48125 0.0359375
0 0.5140625 0.875 0.50625 0.875 0.50625 0.89375 0.51875 0.8859375 0.5140625 0.875
0 0.6140625 0.5046875 0.6125 0.525 0.6171875 0.525 0.6203125 0.50625 0.6140625 0.5046875
0 0.60625 0.2125 0.6046875 0.2171875 0.6125 0.225 0.6046875 0.228125 0.6125 0.23125 0.6140625 0.215625 0.60625 0.2125
0 0.46875 0.1328125 0.46875 0.1578125 0.4734375 0.1578125 0.475 0.1390625 0.4734375 0.1328125 0.46875 0.1328125
0 0.63125 0.784375 0.6296875 0.7875 0.6375 0.7890625 0.6296875 0.796875 0.634375 0.7984375 0.6390625 0.7859375 0.6359375 0.7796875 0.63125 0.784375
0 0.5734375 0 0.56875 0.0140625 0.578125 0.0203125 0.58125 0.00625 0.5734375 0
0 0.3546875 0.6921875 0.35 0.6921875 0.35 0.7078125 0.3578125 0.7125 0.359375 0.7015625 0.3546875 0.6921875
0 0.421875 0.4515625 0.4171875 0.4546875 0.4171875 0.465625 0.428125 0.46875 0.4296875 0.45625 0.421875 0.4515625