0 0.6767578125 0.0642361111111111 0.67724609375 0.0763888888888889 0.6884765625 0.078125 0.69140625 0.07291666666666667 0.69091796875 0.0642361111111111 0.6826171875 0.059895833333333336 0.67822265625 0.059895833333333336 0.6767578125 0.0642361111111111
0 0.2998046875 0.2829861111111111 0.2998046875 0.2934027777777778 0.30322265625 0.2994791666666667 0.30810546875 0.3012152777777778 0.31005859375 0.2960069444444444 0.30517578125 0.2795138888888889 0.30322265625 0.2786458333333333 0.2998046875 0.2829861111111111
0 0.2861328125 0.11805555555555555 0.28564453125 0.1267361111111111 0.28857421875 0.1440972222222222 0.2939453125 0.1449652777777778 0.294921875 0.1310763888888889 0.29345703125 0.11458333333333333 0.2880859375 0.11458333333333333 0.2861328125 0.11805555555555555
0 0.67626953125 0 0.666015625 0.001736111111111111 0.66845703125 0.006076388888888889 0.671875 0.006944444444444444 0.67626953125 0
0 0.51513671875 0.7829861111111112 0.5126953125 0.7873263888888888 0.51318359375 0.7960069444444444 0.51708984375 0.8020833333333334 0.521484375 0.8003472222222222 0.52392578125 0.7960069444444444 0.52392578125 0.7873263888888888 0.5185546875 0.78125 0.51513671875 0.7829861111111112
0 0.24755859375 0.6180555555555556 0.24609375 0.6206597222222222 0.24609375 0.6267361111111112 0.24951171875 0.6284722222222222 0.2509765625 0.6267361111111112 0.25048828125 0.6189236111111112 0.24755859375 0.6180555555555556
0 0.416015625 0.5564236111111112 0.4140625 0.5659722222222222 0.416015625 0.5729166666666666 0.421875 0.5746527777777778 0.42626953125 0.5685763888888888 0.42626953125 0.5598958333333334 0.421875 0.5520833333333334 0.416015625 0.5564236111111112
0 0.43408203125 0.18836805555555555 0.43310546875 0.19444444444444445 0.43798828125 0.1935763888888889 0.43798828125 0.1892361111111111 0.43408203125 0.18836805555555555
0 0.36474609375 0.025173611111111112 0.36181640625 0.03298611111111111 0.36181640625 0.03993055555555555 0.365234375 0.04600694444444445 0.36767578125 0.04600694444444445 0.37060546875 0.041666666666666664 0.375 0.022569444444444444 0.36962890625 0.016493055555555556 0.36474609375 0.025173611111111112
0 0.56884765625 0.7395833333333334 0.568359375 0.75 0.56982421875 0.7552083333333334 0.57763671875 0.7560763888888888 0.580078125 0.7508680555555556 0.580078125 0.7395833333333334 0.5771484375 0.734375 0.5712890625 0.734375 0.56884765625 0.7395833333333334
0 0.484375 0.5364583333333334 0.48388671875 0.546875 0.4873046875 0.5546875 0.49462890625 0.5538194444444444 0.498046875 0.5460069444444444 0.498046875 0.5373263888888888 0.4921875 0.5295138888888888 0.48974609375 0.5295138888888888 0.484375 0.5364583333333334
0 0.484375 0 0.484375 0.014756944444444444 0.48974609375 0.014756944444444444 0.49267578125 0.009548611111111112 0.49267578125 0 0.484375 0
0 0.5439453125 0.4817708333333333 0.54443359375 0.4973958333333333 0.55322265625 0.5026041666666666 0.55712890625 0.5 0.55810546875 0.4835069444444444 0.548828125 0.4782986111111111 0.544921875 0.4791666666666667 0.5439453125 0.4817708333333333