0 0.25 0.51875 0.2484375 0.5296875 0.2546875 0.534375 0.259375 0.5234375 0.25 0.51875
0 0.4625 0.01875 0.45625 0.0203125 0.45625 0.0328125 0.465625 0.0375 0.46875 0.0203125 0.4625 0.01875
0 0.2375 0.1125 0.2375 0.1234375 0.24375 0.1234375 0.25 0.1171875 0.25 0.10625 0.2375 0.1125
0 0.628125 0.9375 0.625 0.9484375 0.634375 0.9515625 0.6359375 0.940625 0.628125 0.9375
0 0.1125 0.1 0.1109375 0.1171875 0.1203125 0.125 0.125 0.1203125 0.125 0.1015625 0.1203125 0.09375 0.1125 0.1
0 0.1390625 0.740625 0.1375 0.75625 0.1421875 0.7609375 0.146875 0.75625 0.146875 0.7421875 0.1390625 0.740625
0 0.59375 0.503125 0.5921875 0.509375 0.6 0.51875 0.6046875 0.5140625 0.6046875 0.503125 0.59375 0.503125
0 0.2640625 0.1359375 0.2609375 0.15625 0.26875 0.1578125 0.2703125 0.140625 0.2640625 0.1359375
0 0.634375 0.6875 0.63125 0.690625 0.6375 0.690625 0.6390625 0.6953125 0.63125 0.7 0.6375 0.7109375 0.6421875 0.6984375 0.634375 0.6875
0 0.3953125 0.325 0.3953125 0.3375 0.4046875 0.3453125 0.40625 0.3375 0.3953125 0.3296875 0.40625 0.325 0.3953125 0.325
0 0.403125 0.64375 0.4 0.665625 0.40625 0.6671875 0.4109375 0.6609375 0.4109375 0.64375 0.403125 0.64375
0 0.5265625 0.034375 0.525 0.05 0.5359375 0.0546875 0.5359375 0.0421875 0.5265625 0.034375
0 0.5796875 0.24375 0.5734375 0.2546875 0.5859375 0.25625 0.5859375 0.246875 0.5796875 0.24375
0 0.3265625 0.9296875 0.3234375 0.93125 0.334375 0.9375 0.3234375 0.9453125 0.334375 0.9484375 0.3359375 0.9375 0.3265625 0.9296875