0 0.4265625 0.60625 0.425 0.625 0.43125 0.628125 0.434375 0.6109375 0.4265625 0.60625
0 0.54375 0.353125 0.5421875 0.365625 0.55 0.36875 0.55 0.3546875 0.54375 0.353125
0 0.43125 0.9046875 0.4296875 0.921875 0.4359375 0.921875 0.4375 0.8984375 0.43125 0.9046875
0 0.2859375 0.4171875 0.2828125 0.43125 0.296875 0.4234375 0.2953125 0.415625 0.2859375 0.4171875
0 0.30625 0.44375 0.3046875 0.459375 0.309375 0.4625 0.3125 0.4578125 0.30625 0.4546875 0.3125 0.446875 0.30625 0.44375
0 0.34375 0.2484375 0.3421875 0.2578125 0.3484375 0.2609375 0.35 0.25625 0.34375 0.25 0.35 0.24375 0.34375 0.2484375
0 0.19375 0.984375 0.1921875 0.996875 0.2015625 0.9984375 0.2 0.984375 0.19375 0.984375
0 0.29375 0.7890625 0.2921875 0.796875 0.3015625 0.8 0.3046875 0.790625 0.29375 0.7890625
0 0.6453125 0.94375 0.6390625 0.94375 0.6421875 0.9625 0.6484375 0.9609375 0.6453125 0.94375
0 0.59375 0.5375 0.5859375 0.5375 0.5875 0.55 0.596875 0.5484375 0.59375 0.5375
0 0.609375 0.76875 0.6046875 0.7703125 0.6140625 0.771875 0.6140625 0.7796875 0.6125 0.784375 0.6046875 0.7828125 0.60625 0.7875 0.6125 0.7875 0.6171875 0.7765625 0.609375 0.76875
0 0.48125 0.340625 0.4796875 0.35 0.4875 0.353125 0.4890625 0.34375 0.48125 0.340625