0 0.61875 0.5625 0.6171875 0.5796875 0.625 0.5859375 0.6296875 0.575 0.61875 0.5625
0 0.6515625 0.353125 0.65 0.365625 0.65625 0.36875 0.6625 0.3625 0.6625 0.3546875 0.65625 0.35 0.6515625 0.353125
0 0.7296875 0.0921875 0.7296875 0.1 0.734375 0.1 0.734375 0.09375 0.7296875 0.0921875
0 0.59375 0.3921875 0.59375 0.4109375 0.6125 0.4109375 0.609375 0.39375 0.6046875 0.3890625 0.59375 0.3921875
0 0.75625 0.4625 0.7609375 0.471875 0.7546875 0.478125 0.7609375 0.484375 0.7609375 0.4625 0.75625 0.4625
0 0.7296875 0.8921875 0.728125 0.9078125 0.7375 0.9125 0.7421875 0.8984375 0.7296875 0.8921875
0 0.86875 0.6671875 0.875 0.6765625 0.8671875 0.6796875 0.86875 0.6875 0.8765625 0.6875 0.875 0.66875 0.86875 0.6671875
0 0.5890625 0.475 0.5875 0.4875 0.5921875 0.4875 0.6 0.478125 0.6 0.4671875 0.5890625 0.475
0 0.15 0.2921875 0.1484375 0.30625 0.1546875 0.30625 0.15625 0.296875 0.15 0.2921875
0 0.984375 0.84375 0.9796875 0.84375 0.9796875 0.8640625 0.9875 0.8625 0.984375 0.84375
0 0.728125 0.28125 0.728125 0.2921875 0.7390625 0.2921875 0.7390625 0.28125 0.728125 0.28125
0 0.7 0.859375 0.7015625 0.8703125 0.7109375 0.86875 0.7109375 0.8546875 0.7 0.859375
0 0.5859375 0.184375 0.5828125 0.1875 0.5921875 0.19375 0.5828125 0.2 0.5875 0.2046875 0.59375 0.1875 0.5859375 0.184375
0 0.5890625 0.475 0.5875 0.4859375 0.5921875 0.4875 0.6046875 0.46875 0.6046875 0.45625 0.5890625 0.475
0 0.5828125 0.0796875 0.58125 0.0859375 0.5859375 0.0890625 0.5859375 0.078125 0.59375 0.08125 0.59375 0.075 0.5828125 0.0796875
0 0.1609375 0.3453125 0.1578125 0.3546875 0.165625 0.35625 0.1671875 0.3453125 0.1609375 0.3453125
0 0.7875 0.909375 0.7859375 0.928125 0.7921875 0.9359375 0.7921875 0.9125 0.7875 0.909375
0 0.603125 0.39375 0.59375 0.39375 0.59375 0.4078125 0.5984375 0.4109375 0.6046875 0.4078125 0.603125 0.39375
0 0.7296875 0.6828125 0.725 0.69375 0.73125 0.70625 0.7359375 0.70625 0.7296875 0.7 0.7375 0.69375 0.7296875 0.6828125
0 0.59375 0.3921875 0.59375 0.415625 0.6109375 0.4265625 0.6171875 0.4171875 0.6125 0.4 0.6046875 0.3875 0.59375 0.3921875
0 0.1546875 0.325 0.153125 0.334375 0.1578125 0.3359375 0.1609375 0.3234375 0.1546875 0.325