0 0.04375 0.4421875 0.03125 0.45 0.0375 0.4625 0.0546875 0.46875 0.0546875 0.4515625 0.04375 0.4421875
0 0.1921875 0.515625 0.1890625 0.53125 0.1953125 0.534375 0.2046875 0.5171875 0.1953125 0.5125 0.2046875 0.5046875 0.1921875 0.515625
0 0.6859375 0.45625 0.6796875 0.45625 0.6796875 0.46875 0.6859375 0.46875 0.6859375 0.45625
0 0.15625 0.0875 0.15 0.09375 0.15 0.1015625 0.1609375 0.1 0.1609375 0.0890625 0.15625 0.0875
0 0.19375 0.04375 0.19375 0.08125 0.2 0.0734375 0.2 0.04375 0.19375 0.04375
0 0.1875 0.359375 0.1890625 0.3734375 0.1953125 0.3671875 0.1953125 0.359375 0.1921875 0.3546875 0.1875 0.359375
0 0.003125 0.475 0 0.4703125 0 0.49375 0.003125 0.475
0 0.15625 0.6375 0.15625 0.65625 0.1609375 0.65625 0.15625 0.64375 0.1625 0.6421875 0.1609375 0.6359375 0.15625 0.6375
0 0.1890625 0.15625 0.18125 0.18125 0.1890625 0.178125 0.2 0.1609375 0.1984375 0.15 0.1890625 0.15625
0 0.1484375 0.40625 0.15 0.4296875 0.1625 0.43125 0.171875 0.4234375 0.16875 0.4078125 0.1484375 0.40625
0 0.2046875 0 0.1921875 0.0015625 0.2 0.0078125 0.2046875 0
0 0.65 0.4125 0.65 0.4234375 0.659375 0.4234375 0.6609375 0.415625 0.65625 0.4109375 0.65 0.4125
0 0.1984375 0.8234375 0.1921875 0.83125 0.1953125 0.8359375 0.2171875 0.8359375 0.215625 0.81875 0.1984375 0.8234375