0 0.7671875 0 0.759375 0 0.7609375 0.01875 0.76875 0.0140625 0.7671875 0
0 0.5625 0.4484375 0.5625 0.4625 0.571875 0.46875 0.571875 0.45625 0.5625 0.4484375
0 0.63359375 0.8671875 0.0046875 0.00625
0 0.7171875 0.45 0.7109375 0.4578125 0.7140625 0.4671875 0.725 0.45625 0.7234375 0.4484375 0.7171875 0.45
0 0.6828125 0.7046875 0.6796875 0.709375 0.6859375 0.7109375 0.6875 0.70625 0.6828125 0.7046875
0 0.5921875 0.6765625 0.5875 0.6859375 0.59375 0.696875 0.6 0.696875 0.5984375 0.6765625 0.5921875 0.6765625
0 0.4875 0.575 0.48125 0.58125 0.484375 0.5921875 0.49375 0.5875 0.49375 0.5765625 0.4875 0.575
0 0.38125 0.76875 0.3765625 0.78125 0.384375 0.784375 0.3875 0.7703125 0.38125 0.76875
0 0.6484375 0.9109375 0.6484375 0.9328125 0.65625 0.9359375 0.65625 0.91875 0.6484375 0.9109375
0 0.61875 0.2125 0.6171875 0.2296875 0.621875 0.23125 0.625 0.2171875 0.61875 0.2125
0 0.3140625 0.9375 0.3125 0.953125 0.31875 0.95625 0.3234375 0.9421875 0.321875 0.9375 0.3140625 0.9375
0 0.71875 0.3375 0.7078125 0.3375 0.7078125 0.3484375 0.7140625 0.3546875 0.71875 0.35 0.71875 0.3375
0 0.7125 0.025 0.7109375 0.0328125 0.71875 0.0375 0.7234375 0.0203125 0.71875 0.01875 0.7125 0.025