0 0.7875 0.0734375 0.7875 0.0921875 0.7921875 0.0875 0.7921875 0.075 0.7875 0.0734375
0 0.6046875 0.296875 0.6046875 0.3109375 0.6125 0.3109375 0.6125 0.2984375 0.6046875 0.296875
0 0.80625 0.6 0.8046875 0.6125 0.8125 0.6125 0.815625 0.596875 0.8125 0.59375 0.80625 0.6
0 0.54375 0.5140625 0.5421875 0.534375 0.5484375 0.5359375 0.5484375 0.51875 0.54375 0.5140625
0 0.6453125 0.41875 0.6421875 0.428125 0.6484375 0.4328125 0.64375 0.4421875 0.65 0.43125 0.64375 0.4265625 0.65 0.421875 0.6453125 0.41875
0 0.6125 0.3484375 0.6140625 0.353125 0.6046875 0.35625 0.6046875 0.3625 0.615625 0.36875 0.6171875 0.3546875 0.6125 0.3484375
0 0.6875 0.19375 0.6859375 0.2109375 0.6921875 0.215625 0.69375 0.2 0.6875 0.19375
0 0.6921875 0.6828125 0.6921875 0.6953125 0.7 0.696875 0.7 0.6828125 0.6921875 0.6828125
0 0.6515625 0.003125 0.65 0.021875 0.6578125 0.025 0.659375 0.003125 0.6515625 0.003125
0 0.3109375 0.9375 0.309375 0.9765625 0.3171875 0.9796875 0.3171875 0.940625 0.3109375 0.9375
0 0.7953125 0.3421875 0.79375 0.3640625 0.8 0.3546875 0.8 0.34375 0.7953125 0.3421875