0 0.3421875 0.56875 0.3375 0.5859375 0.3421875 0.59375 0.3484375 0.59375 0.35 0.5734375 0.3484375 0.56875 0.3421875 0.56875
0 0.509375 0.025 0.503125 0.0296875 0.50625 0.0421875 0.5140625 0.0375 0.5140625 0.025 0.509375 0.025
0 0.26875 0.8234375 0.2671875 0.8453125 0.2734375 0.8484375 0.2796875 0.84375 0.2796875 0.8359375 0.26875 0.8234375
0 0.4390625 0.278125 0.44375 0.290625 0.4484375 0.2703125 0.4390625 0.278125
0 0.253125 0.9796875 0.2546875 0.9890625 0.2640625 0.9875 0.2671875 0.98125 0.253125 0.9796875
0 0.125 0.80625 0.1234375 0.8203125 0.13125 0.8234375 0.1359375 0.8046875 0.13125 0.8 0.125 0.80625
0 0.4 0.38125 0.3984375 0.384375 0.4046875 0.384375 0.4078125 0.390625 0.3984375 0.39375 0.4 0.4 0.40625 0.403125 0.4109375 0.39375 0.4 0.38125
0 0.3890625 0.0859375 0.3875 0.0953125 0.39375 0.1015625 0.4 0.0921875 0.3984375 0.0796875 0.3953125 0.0765625 0.3890625 0.0859375
0 0.2703125 0.4046875 0.26875 0.41875 0.278125 0.41875 0.2796875 0.40625 0.2703125 0.4046875
0 0.21875 0.5671875 0.2234375 0.571875 0.2171875 0.58125 0.21875 0.5875 0.2234375 0.5875 0.225 0.5734375 0.2234375 0.5671875 0.21875 0.5671875
0 0.1625 0.753125 0.1609375 0.76875 0.171875 0.76875 0.178125 0.7609375 0.178125 0.7484375 0.1734375 0.7453125 0.1625 0.753125
0 0.2125 0.75625 0.20625 0.7671875 0.209375 0.7734375 0.21875 0.76875 0.209375 0.7640625 0.21875 0.7546875 0.2125 0.75625
0 0.3234375 0.2546875 0.3171875 0.2609375 0.3171875 0.26875 0.33125 0.2734375 0.33125 0.2546875 0.3234375 0.2546875
0 0.0953125 0.9390625 0.09375 0.95625 0.1 0.95625 0.1046875 0.94375 0.1 0.9375 0.0953125 0.9390625
0 0.2046875 0.9796875 0.2 0.9984375 0.20625 0.9984375 0.2109375 0.9890625 0.209375 0.9796875 0.2046875 0.9796875
0 0.484375 0.0984375 0.48125 0.1171875 0.4890625 0.1171875 0.49375 0.1109375 0.49375 0.0921875 0.484375 0.0984375
0 0.47265625 0.0015625 0.0046875 0.003125