0 0.69482421875 0.4036458333333333 0.6943359375 0.4157986111111111 0.69580078125 0.4210069444444444 0.69921875 0.4244791666666667 0.705078125 0.4210069444444444 0.70751953125 0.4079861111111111 0.70458984375 0.3993055555555556 0.697265625 0.3993055555555556 0.69482421875 0.4036458333333333
0 0.34814453125 0.7482638888888888 0.34765625 0.7604166666666666 0.349609375 0.7647569444444444 0.35498046875 0.7647569444444444 0.36181640625 0.7569444444444444 0.36083984375 0.7473958333333334 0.34814453125 0.7482638888888888
0 0.70458984375 0.5208333333333334 0.70361328125 0.5286458333333334 0.70556640625 0.5338541666666666 0.712890625 0.5338541666666666 0.71630859375 0.5286458333333334 0.71630859375 0.5208333333333334 0.7138671875 0.5147569444444444 0.70849609375 0.5147569444444444 0.70458984375 0.5208333333333334
0 0.552734375 0.4904513888888889 0.552734375 0.5008680555555556 0.55712890625 0.5095486111111112 0.56298828125 0.5095486111111112 0.56591796875 0.5052083333333334 0.56640625 0.4887152777777778 0.56298828125 0.4835069444444444 0.55712890625 0.4835069444444444 0.552734375 0.4904513888888889
0 0.9365234375 0.6631944444444444 0.93603515625 0.671875 0.9384765625 0.6788194444444444 0.9443359375 0.6805555555555556 0.94677734375 0.6770833333333334 0.947265625 0.6710069444444444 0.9443359375 0.6623263888888888 0.9365234375 0.6631944444444444
0 0.24853515625 0.7239583333333334 0.24853515625 0.734375 0.25048828125 0.7378472222222222 0.26416015625 0.7378472222222222 0.26611328125 0.7326388888888888 0.26513671875 0.7248263888888888 0.25439453125 0.7213541666666666 0.24853515625 0.7239583333333334
0 0.2490234375 0.3229166666666667 0.2490234375 0.3315972222222222 0.2548828125 0.3411458333333333 0.2578125 0.34375 0.26171875 0.3411458333333333 0.26220703125 0.3315972222222222 0.2607421875 0.3255208333333333 0.25439453125 0.3194444444444444 0.2490234375 0.3229166666666667
0 0.3447265625 0.4800347222222222 0.341796875 0.4800347222222222 0.341796875 0.4895833333333333 0.3447265625 0.4887152777777778 0.3447265625 0.4800347222222222
0 0.34423828125 0.9027777777777778 0.3427734375 0.90625 0.3447265625 0.9123263888888888 0.34814453125 0.9123263888888888 0.34765625 0.9045138888888888 0.34423828125 0.9027777777777778
0 0.2216796875 0.5434027777777778 0.220703125 0.546875 0.2265625 0.5659722222222222 0.23193359375 0.5685763888888888 0.23583984375 0.5642361111111112 0.23583984375 0.5564236111111112 0.22802734375 0.5407986111111112 0.2216796875 0.5434027777777778
0 0.353515625 0.014756944444444444 0.3525390625 0.027777777777777776 0.35595703125 0.033854166666666664 0.35888671875 0.034722222222222224 0.36474609375 0.019097222222222224 0.3642578125 0.0078125 0.359375 0.003472222222222222 0.353515625 0.014756944444444444
0 0.85888671875 0.5008680555555556 0.8583984375 0.5095486111111112 0.861328125 0.5147569444444444 0.86572265625 0.5147569444444444 0.86962890625 0.5078125 0.8671875 0.4973958333333333 0.86083984375 0.4973958333333333 0.85888671875 0.5008680555555556
0 0.54443359375 0.6223958333333334 0.5439453125 0.6336805555555556 0.546875 0.6397569444444444 0.5546875 0.6397569444444444 0.5556640625 0.6267361111111112 0.55419921875 0.6206597222222222 0.54736328125 0.6189236111111112 0.54443359375 0.6223958333333334
0 0.3134765625 0 0.31103515625 0.003472222222222222 0.31103515625 0.009548611111111112 0.31396484375 0.0234375 0.31787109375 0.027777777777777776 0.3203125 0.024305555555555556 0.3212890625 0.018229166666666668 0.31884765625 0.006076388888888889 0.3134765625 0
0 0.541015625 0.375 0.54150390625 0.3854166666666667 0.5498046875 0.3897569444444444 0.55712890625 0.3723958333333333 0.55712890625 0.3680555555555556 0.55126953125 0.359375 0.54638671875 0.359375 0.541015625 0.375
0 0.52685546875 0.9661458333333334 0.52685546875 0.9739583333333334 0.53173828125 0.9739583333333334 0.53173828125 0.9661458333333334 0.52685546875 0.9661458333333334