0 0.2875 0.9109375 0.2859375 0.9234375 0.29375 0.925 0.3 0.90625 0.29375 0.9015625 0.2875 0.9109375
0 0.1859375 0.9796875 0.184375 0.996875 0.1921875 0.9984375 0.1921875 0.9796875 0.1859375 0.9796875
0 0.3484375 0.375 0.3453125 0.384375 0.359375 0.3859375 0.359375 0.3765625 0.3484375 0.375
0 0.3453125 0.6796875 0.34375 0.696875 0.35 0.7 0.353125 0.68125 0.3453125 0.6796875
0 0.50625 0.10625 0.5 0.10625 0.5 0.1171875 0.5109375 0.115625 0.50625 0.10625
0 0.2671875 0.81875 0.2625 0.8234375 0.2640625 0.84375 0.2734375 0.8390625 0.2734375 0.8265625 0.2671875 0.81875
0 0.434375 0.371875 0.43125 0.38125 0.4390625 0.3859375 0.4421875 0.3796875 0.434375 0.371875
0 0.5125 0.41875 0.5203125 0.428125 0.5109375 0.43125 0.51875 0.4390625 0.5234375 0.43125 0.5125 0.41875
0 0.3796875 0.3265625 0.3765625 0.3546875 0.3796875 0.36875 0.3859375 0.3734375 0.3921875 0.3671875 0.3921875 0.3359375 0.3859375 0.325 0.3796875 0.3265625
0 0.3296875 0.46875 0.3265625 0.4796875 0.3328125 0.4921875 0.3375 0.4875 0.328125 0.4734375 0.3375 0.4734375 0.334375 0.4671875 0.3296875 0.46875
0 0.2625 0.7625 0.2609375 0.775 0.2703125 0.7796875 0.275 0.7703125 0.2625 0.7625
0 0.38125 0.325 0.3890625 0.3375 0.3796875 0.340625 0.3890625 0.3453125 0.3921875 0.340625 0.3859375 0.325 0.38125 0.325
0 0.0484375 0.14375 0.04375 0.1609375 0.05 0.171875 0.0578125 0.171875 0.065625 0.15625 0.0578125 0.14375 0.0484375 0.14375
0 0.4546875 0.575 0.4515625 0.5859375 0.45625 0.5890625 0.4609375 0.5859375 0.4625 0.5734375 0.4546875 0.575
0 0.4421875 0.85625 0.4390625 0.8703125 0.4453125 0.875 0.45 0.85625 0.4421875 0.85625
0 0.4578125 0.178125 0.45625 0.1921875 0.4625 0.1921875 0.465625 0.18125 0.4578125 0.178125
0 0.5921875 0.2984375 0.5890625 0.3046875 0.5953125 0.3125 0.5921875 0.30625 0.596875 0.3015625 0.5921875 0.2984375