0 0.740625 0.06875 0.728125 0.06875 0.7296875 0.078125 0.74375 0.0796875 0.7484375 0.0734375 0.740625 0.06875
0 0.3640625 0.415625 0.3609375 0.425 0.3734375 0.425 0.3734375 0.4171875 0.3640625 0.415625
0 0.8421875 0.3453125 0.8328125 0.35 0.8328125 0.3546875 0.8546875 0.3546875 0.85 0.34375 0.8421875 0.3453125
0 0.1734375 0.4515625 0.1640625 0.4578125 0.1671875 0.4625 0.1875 0.4609375 0.1875 0.45 0.1734375 0.4515625
0 0.31875 0.2234375 0.30625 0.2234375 0.30625 0.2296875 0.321875 0.2359375 0.31875 0.2234375
0 0.23125 0.21875 0.2015625 0.21875 0.2015625 0.2234375 0.228125 0.23125 0.23125 0.21875
0 0.26875 0.35625 0.2625 0.359375 0.275 0.3625 0.26875 0.35625
0 0.7640625 0.0421875 0.7625 0.0546875 0.7734375 0.0609375 0.784375 0.0578125 0.771875 0.040625 0.7640625 0.0421875
0 0.6265625 0.396875 0.625 0.4078125 0.6296875 0.4109375 0.6359375 0.40625 0.6359375 0.3984375 0.6265625 0.396875
0 0.34375 0.0625 0.340625 0.071875 0.3484375 0.075 0.35 0.0625 0.34375 0.0625
0 0.9625 0.1171875 0.9609375 0.1265625 0.971875 0.1296875 0.9734375 0.1171875 0.9625 0.1171875
0 0.675 0.98125 0.675 0.9921875 0.690625 0.9890625 0.6875 0.98125 0.675 0.98125
0 0.5375 0.2125 0.5359375 0.2234375 0.5546875 0.2234375 0.5578125 0.21875 0.5546875 0.2125 0.5375 0.2125
0 0.859375 0.275 0.85625 0.28125 0.8703125 0.28125 0.8671875 0.2703125 0.859375 0.275