0 0.56875 0 0.55625 0 0.5578125 0.01875 0.5625 0.0234375 0.571875 0.0203125 0.56875 0
0 0.44375 0.5546875 0.4421875 0.5625 0.45 0.5640625 0.4421875 0.5734375 0.4484375 0.5734375 0.45625 0.5515625 0.4484375 0.5484375 0.45625 0.5421875 0.4515625 0.5375 0.44375 0.5546875
0 0.2328125 0.2890625 0.2296875 0.2984375 0.23125 0.3046875 0.2359375 0.3046875 0.24375 0.2984375 0.2328125 0.290625 0.24375 0.2859375 0.240625 0.2828125 0.2328125 0.2890625
0 0.2921875 0.875 0.2859375 0.875 0.2859375 0.9046875 0.29375 0.9125 0.296875 0.8890625 0.2921875 0.875
0 0.1734375 0.671875 0.16875 0.6734375 0.16875 0.7109375 0.1796875 0.7015625 0.1796875 0.675 0.1734375 0.671875
0 0.5984375 0 0.571875 0 0.5765625 0.034375 0.58125 0.0359375 0.5859375 0.0296875 0.5984375 0
0 0.06875 0.81875 0.0625 0.81875 0.0625 0.8359375 0.06875 0.853125 0.0734375 0.853125 0.0765625 0.8421875 0.06875 0.81875
0 0.2265625 0.9421875 0.2265625 0.971875 0.2296875 0.9796875 0.2359375 0.9796875 0.2359375 0.9484375 0.2265625 0.9421875
0 0.1390625 0.921875 0.1375 0.93125 0.15625 0.946875 0.1609375 0.9421875 0.1609375 0.9296875 0.1390625 0.921875
0 0.3171875 0.7359375 0.3140625 0.7609375 0.321875 0.7609375 0.3296875 0.725 0.321875 0.725 0.3171875 0.7359375
0 0.5984375 0 0.55625 0 0.5578125 0.01875 0.5703125 0.0203125 0.58125 0.0375 0.5984375 0
0 0.5203125 0.6375 0.51875 0.640625 0.5265625 0.6453125 0.51875 0.65 0.521875 0.6515625 0.5296875 0.6453125 0.5359375 0.628125 0.5203125 0.6375
0 0.478125 0.05625 0.4734375 0.075 0.49375 0.096875 0.503125 0.06875 0.4875 0.0515625 0.478125 0.05625
0 0.5421875 0 0.5296875 0 0.53125 0.0109375 0.5359375 0.0109375 0.5421875 0