0 0.33447265625 0.2847222222222222 0.3310546875 0.2881944444444444 0.3310546875 0.2934027777777778 0.34521484375 0.2916666666666667 0.345703125 0.2873263888888889 0.34814453125 0.2916666666666667 0.34814453125 0.2881944444444444 0.34423828125 0.2847222222222222 0.33447265625 0.2847222222222222
0 0.17724609375 0.1996527777777778 0.17724609375 0.2152777777777778 0.1826171875 0.2170138888888889 0.18896484375 0.1953125 0.1865234375 0.19010416666666666 0.18115234375 0.18836805555555555 0.17724609375 0.1996527777777778
0 0.12939453125 0.7022569444444444 0.12890625 0.7135416666666666 0.1318359375 0.71875 0.1376953125 0.71875 0.14208984375 0.7144097222222222 0.14208984375 0.6987847222222222 0.1337890625 0.6979166666666666 0.12939453125 0.7022569444444444
0 0.06689453125 0.2986111111111111 0.0673828125 0.3038194444444444 0.0703125 0.3020833333333333 0.07275390625 0.2960069444444444 0.06689453125 0.2986111111111111
0 0.1943359375 0.7604166666666666 0.1943359375 0.7743055555555556 0.1962890625 0.7777777777777778 0.20556640625 0.7786458333333334 0.20751953125 0.7743055555555556 0.20849609375 0.7612847222222222 0.20703125 0.7569444444444444 0.203125 0.7534722222222222 0.1982421875 0.7534722222222222 0.1943359375 0.7604166666666666
0 0.28173828125 0.3993055555555556 0.27685546875 0.3993055555555556 0.27685546875 0.4071180555555556 0.28173828125 0.4079861111111111 0.28173828125 0.3993055555555556
0 0.22900390625 0.6935763888888888 0.22900390625 0.7178819444444444 0.23681640625 0.7196180555555556 0.23779296875 0.6935763888888888 0.234375 0.6901041666666666 0.22900390625 0.6935763888888888
0 0.134765625 0.3411458333333333 0.1357421875 0.359375 0.13818359375 0.3637152777777778 0.14208984375 0.3628472222222222 0.142578125 0.3411458333333333 0.134765625 0.3411458333333333
0 0.27197265625 0.19444444444444445 0.271484375 0.2065972222222222 0.2744140625 0.2109375 0.28759765625 0.1996527777777778 0.28759765625 0.19444444444444445 0.28515625 0.19010416666666666 0.27197265625 0.19444444444444445
0 0.52392578125 0.5512152777777778 0.521484375 0.5555555555555556 0.52197265625 0.5625 0.52978515625 0.5772569444444444 0.533203125 0.5772569444444444 0.53564453125 0.5694444444444444 0.53173828125 0.5564236111111112 0.529296875 0.5512152777777778 0.52392578125 0.5512152777777778
0 0.263671875 0.7795138888888888 0.26220703125 0.7829861111111112 0.2626953125 0.7925347222222222 0.26904296875 0.8012152777777778 0.2744140625 0.8012152777777778 0.279296875 0.7951388888888888 0.27978515625 0.7873263888888888 0.27294921875 0.7699652777777778 0.27001953125 0.7708333333333334 0.263671875 0.7795138888888888
0 0.3828125 0.2925347222222222 0.38134765625 0.2977430555555556 0.3818359375 0.3090277777777778 0.39013671875 0.3098958333333333 0.392578125 0.3055555555555556 0.392578125 0.296875 0.38818359375 0.2916666666666667 0.3828125 0.2925347222222222
0 0.53857421875 0.4852430555555556 0.5390625 0.4973958333333333 0.55419921875 0.4973958333333333 0.5556640625 0.4947916666666667 0.55517578125 0.4887152777777778 0.55224609375 0.484375 0.53857421875 0.4852430555555556