0 0.6796875 0.10625 0.675 0.10625 0.675 0.1171875 0.68125 0.1234375 0.6859375 0.1109375 0.6796875 0.10625
0 0.6109375 0.7125 0.6109375 0.7234375 0.61875 0.725 0.6171875 0.7109375 0.6109375 0.7125
0 0.2171875 0.1671875 0.215625 0.1765625 0.2234375 0.1921875 0.2234375 0.1734375 0.2171875 0.1671875
0 0.3 0.6921875 0.296875 0.7 0.3046875 0.7015625 0.30625 0.69375 0.3 0.6921875
0 0.196875 0.4859375 0.1953125 0.50625 0.203125 0.50625 0.2046875 0.4859375 0.196875 0.4859375
0 0.3640625 0.3140625 0.3625 0.33125 0.3734375 0.33125 0.375 0.31875 0.3640625 0.3140625
0 0.4359375 0.571875 0.4375 0.590625 0.4421875 0.5921875 0.4421875 0.575 0.4359375 0.571875
0 0.43125 0.8671875 0.4296875 0.884375 0.434375 0.8859375 0.4359375 0.8671875 0.43125 0.8671875
0 0.59375 0.9484375 0.5921875 0.95625 0.603125 0.9609375 0.6046875 0.95 0.59375 0.9484375
0 0.6140625 0.03125 0.6125 0.0453125 0.6171875 0.0546875 0.6203125 0.0375 0.61875 0.03125 0.6140625 0.03125
0 0.6390625 0.31875 0.6375 0.3265625 0.6484375 0.33125 0.65 0.31875 0.6390625 0.31875
0 0.6453125 0.5421875 0.64375 0.5546875 0.65 0.55625 0.6453125 0.546875 0.6515625 0.5421875 0.6453125 0.5421875