0 0.45 0.2875 0.4484375 0.3078125 0.453125 0.3109375 0.45625 0.2859375 0.45 0.2875
0 0.40625 0.5609375 0.4046875 0.5734375 0.4109375 0.5734375 0.4125 0.5625 0.40625 0.5609375
0 0.728125 0.6671875 0.725 0.6828125 0.734375 0.6765625 0.734375 0.6671875 0.728125 0.6671875
0 0.675 0.75 0.675 0.7734375 0.6796875 0.76875 0.6796875 0.753125 0.675 0.75
0 0.28125 0.7375 0.275 0.75 0.2828125 0.75625 0.275 0.7640625 0.28125 0.7640625 0.2859375 0.753125 0.28125 0.7375
0 0.3046875 0.21875 0.3015625 0.23125 0.3109375 0.23125 0.3109375 0.21875 0.3046875 0.21875
0 0.60625 0.109375 0.60625 0.1171875 0.6171875 0.1171875 0.6171875 0.1015625 0.60625 0.109375
0 0.6734375 0.4796875 0.671875 0.4921875 0.678125 0.49375 0.68125 0.48125 0.6734375 0.4796875
0 0.225 0.4421875 0.2234375 0.4625 0.23125 0.4625 0.23125 0.44375 0.225 0.4421875
0 0.4171875 0.003125 0.41875 0.0234375 0.4234375 0.0203125 0.4234375 0.00625 0.4171875 0.003125
0 0.6640625 0.2609375 0.65625 0.2609375 0.65625 0.275 0.6609375 0.2796875 0.6671875 0.2703125 0.6640625 0.2609375