0 0.8703125 0.51875 0.8671875 0.5296875 0.88125 0.5359375 0.9109375 0.53125 0.9171875 0.5234375 0.915625 0.51875 0.9015625 0.51875 0.8953125 0.5140625 0.8703125 0.51875
0 0.109375 0.1953125 0.1 0.2 0.1015625 0.209375 0.109375 0.215625 0.125 0.2171875 0.1484375 0.2046875 0.1484375 0.2 0.134375 0.1921875 0.109375 0.1953125
0 0.8953125 0.5203125 0.8890625 0.53125 0.9078125 0.53125 0.9125 0.5265625 0.9125 0.51875 0.8953125 0.5203125
0 0.24375 0.43125 0.2421875 0.4375 0.2484375 0.4421875 0.26875 0.4421875 0.2546875 0.43125 0.24375 0.43125
0 0.4046875 0.4015625 0.4046875 0.4109375 0.4171875 0.4046875 0.415625 0.3984375 0.4046875 0.4015625
0 0.153125 0.31875 0.153125 0.3265625 0.1734375 0.3234375 0.1734375 0.3171875 0.153125 0.31875
0 0.8546875 0.58125 0.8546875 0.5921875 0.8625 0.5921875 0.86875 0.5859375 0.865625 0.5796875 0.8546875 0.58125
0 0.025 0.60625 0.01875 0.6140625 0.0375 0.61875 0.0375 0.6140625 0.025 0.60625
0 0.7984375 0.675 0.796875 0.6796875 0.8015625 0.6828125 0.8171875 0.6765625 0.8109375 0.671875 0.7984375 0.675
0 0.3125 0.603125 0.30625 0.60625 0.3125 0.6125 0.33125 0.609375 0.3296875 0.6046875 0.3125 0.603125
0 0.6921875 0.2328125 0.690625 0.240625 0.6984375 0.2546875 0.7046875 0.2546875 0.70625 0.2453125 0.7234375 0.234375 0.7171875 0.2375 0.715625 0.23125 0.70625 0.2296875 0.6921875 0.2328125
0 0.9484375 0.75625 0.9375 0.7625 0.95625 0.7609375 0.9484375 0.75625
0 0.725 0.465625 0.725 0.4734375 0.7484375 0.4734375 0.75 0.46875 0.725 0.465625
0 0.3375 0.403125 0.3328125 0.4078125 0.3359375 0.4125 0.3546875 0.4109375 0.35 0.4 0.3375 0.403125
0 0.625 0.60625 0.625 0.6171875 0.6328125 0.609375 0.6375 0.6109375 0.6375 0.6171875 0.6421875 0.6140625 0.625 0.60625
0 0.5 0.4890625 0.49375 0.4984375 0.5171875 0.496875 0.5109375 0.4890625 0.5 0.4890625
0 0.84375 0.48125 0.8421875 0.4953125 0.8546875 0.496875 0.8546875 0.4875 0.84375 0.48125