0 0.8296875 0.1828125 0.8265625 0.1890625 0.8359375 0.2 0.8375 0.1875 0.8296875 0.1828125
0 0.6046875 0.6125 0.6 0.6171875 0.6 0.628125 0.609375 0.634375 0.6125 0.6203125 0.609375 0.6125 0.6046875 0.6125
0 0.7484375 0.14375 0.7453125 0.153125 0.7546875 0.1609375 0.75625 0.1578125 0.746875 0.153125 0.7484375 0.146875 0.75625 0.14375 0.7484375 0.14375
0 0.6453125 0.2609375 0.64375 0.2796875 0.6515625 0.2828125 0.65625 0.275 0.6546875 0.2609375 0.6453125 0.2609375
0 0.7875 0.6125 0.7859375 0.634375 0.790625 0.6359375 0.79375 0.6171875 0.7875 0.6125
0 0.8 0.875 0.8015625 0.8890625 0.8078125 0.88125 0.80625 0.8703125 0.8 0.875
0 0.6 0.5546875 0.59375 0.5578125 0.59375 0.565625 0.6046875 0.571875 0.609375 0.5625 0.6 0.5546875
0 0.6625 0.1640625 0.659375 0.178125 0.671875 0.178125 0.6734375 0.16875 0.6671875 0.1625 0.6625 0.1640625
0 0.6359375 0.6875 0.634375 0.7046875 0.6390625 0.7078125 0.64375 0.7015625 0.64375 0.6875 0.6359375 0.6875
0 0.534375 0.7765625 0.53125 0.78125 0.5359375 0.7984375 0.5421875 0.7984375 0.540625 0.78125 0.534375 0.7765625
0 0.903125 0.05625 0.8984375 0.05625 0.9015625 0.0671875 0.903125 0.05625
0 0.6921875 0.1125 0.690625 0.125 0.6984375 0.1328125 0.7015625 0.1203125 0.696875 0.1109375 0.6921875 0.1125
0 0.6796875 0.4609375 0.6765625 0.4703125 0.6796875 0.4796875 0.6859375 0.4796875 0.6859375 0.4625 0.6796875 0.4609375
0 0.6828125 0.9578125 0.6828125 0.971875 0.6921875 0.9734375 0.6921875 0.95625 0.6828125 0.9578125
0 0.78125 0.3375 0.7796875 0.3546875 0.7859375 0.35625 0.78125 0.3421875 0.7875 0.340625 0.78125 0.3375