0 0.878125 0.465625 0.875 0.46875 0.88125 0.471875 0.875 0.4796875 0.88125 0.484375 0.884375 0.4734375 0.878125 0.465625
0 0.59375 0.46875 0.5859375 0.46875 0.5859375 0.490625 0.59375 0.496875 0.6046875 0.496875 0.6046875 0.48125 0.59375 0.46875
0 0.7796875 0.4125 0.7734375 0.4234375 0.78125 0.43125 0.7859375 0.4171875 0.7796875 0.4125
0 0.8015625 0.68125 0.8 0.6984375 0.8078125 0.7046875 0.8109375 0.6875 0.8015625 0.68125
0 0.65 0.45 0.6484375 0.465625 0.659375 0.46875 0.659375 0.4515625 0.65 0.45
0 0.5421875 0.43125 0.5375 0.43125 0.540625 0.45 0.546875 0.4484375 0.5421875 0.43125
0 0.55625 0.4796875 0.55625 0.496875 0.5625 0.4984375 0.565625 0.4875 0.55625 0.4796875
0 0.5796875 0.0125 0.5765625 0.0203125 0.5875 0.025 0.5875 0.0140625 0.5796875 0.0125
0 0.9796875 0.7296875 0.978125 0.740625 0.984375 0.7421875 0.9890625 0.725 0.984375 0.7234375 0.9796875 0.7296875
0 0.759375 0.6890625 0.75625 0.7 0.76875 0.6984375 0.76875 0.6875 0.759375 0.6890625
0 0.4265625 0.3984375 0.43125 0.4046875 0.425 0.4109375 0.4328125 0.41875 0.434375 0.4078125 0.4265625 0.3984375
0 0.9171875 0.8015625 0.91875 0.8359375 0.9296875 0.8421875 0.9421875 0.83125 0.940625 0.8125 0.928125 0.8 0.9171875 0.8015625
0 0.5359375 0.34375 0.53125 0.34375 0.53125 0.3546875 0.540625 0.35625 0.5421875 0.3484375 0.5359375 0.34375
0 0.91875 0.7234375 0.9171875 0.7328125 0.925 0.7359375 0.9265625 0.725 0.91875 0.7234375
0 0.4671875 0.09375 0.4625 0.1 0.465625 0.109375 0.4734375 0.10625 0.4734375 0.0921875 0.4671875 0.09375
0 0.98125 0.478125 0.9796875 0.4859375 0.9875 0.4921875 0.9875 0.4796875 0.98125 0.478125
0 0.7109375 0.63125 0.70625 0.63125 0.7171875 0.640625 0.70625 0.64375 0.7125 0.6546875 0.7171875 0.6546875 0.71875 0.6421875 0.7109375 0.63125
0 0.66875 0.209375 0.6671875 0.2234375 0.675 0.2265625 0.6796875 0.215625 0.66875 0.209375
0 0.8359375 0.596875 0.83125 0.5984375 0.8328125 0.6140625 0.8390625 0.6125 0.8359375 0.596875