0 0.4560546875 0.4461805555555556 0.45556640625 0.4574652777777778 0.45947265625 0.4661458333333333 0.46728515625 0.4670138888888889 0.4697265625 0.4644097222222222 0.4716796875 0.4496527777777778 0.46923828125 0.4409722222222222 0.4609375 0.4392361111111111 0.4560546875 0.4461805555555556
0 0.73974609375 0.1987847222222222 0.73974609375 0.2074652777777778 0.74560546875 0.2065972222222222 0.7451171875 0.1987847222222222 0.73974609375 0.1987847222222222
0 0.03173828125 0.5833333333333334 0.03125 0.5902777777777778 0.03564453125 0.5989583333333334 0.0390625 0.5989583333333334 0.0439453125 0.5911458333333334 0.0439453125 0.5824652777777778 0.0400390625 0.5772569444444444 0.03515625 0.5772569444444444 0.03173828125 0.5833333333333334
0 0.86474609375 0.7552083333333334 0.86474609375 0.7647569444444444 0.87353515625 0.7795138888888888 0.8759765625 0.7829861111111112 0.8828125 0.7821180555555556 0.88427734375 0.7743055555555556 0.87841796875 0.7604166666666666 0.8701171875 0.7517361111111112 0.86669921875 0.7517361111111112 0.86474609375 0.7552083333333334
0 0.3134765625 0.3394097222222222 0.3134765625 0.3671875 0.31884765625 0.3680555555555556 0.3203125 0.3454861111111111 0.318359375 0.3394097222222222 0.3134765625 0.3394097222222222
0 0.3330078125 0.6519097222222222 0.33154296875 0.6588541666666666 0.333984375 0.6684027777777778 0.33740234375 0.671875 0.34423828125 0.6692708333333334 0.3466796875 0.6623263888888888 0.3466796875 0.6501736111111112 0.34423828125 0.6458333333333334 0.33642578125 0.6449652777777778 0.3330078125 0.6519097222222222
0 0.29638671875 0.5425347222222222 0.2958984375 0.5503472222222222 0.29931640625 0.5581597222222222 0.30712890625 0.5598958333333334 0.31005859375 0.546875 0.30615234375 0.5373263888888888 0.30029296875 0.5373263888888888 0.29638671875 0.5425347222222222
0 0.8193359375 0.3576388888888889 0.81884765625 0.3671875 0.8232421875 0.375 0.828125 0.3767361111111111 0.83544921875 0.3715277777777778 0.83642578125 0.3619791666666667 0.83349609375 0.3559027777777778 0.822265625 0.3550347222222222 0.8193359375 0.3576388888888889
0 0.7734375 0.11979166666666667 0.77392578125 0.1267361111111111 0.78564453125 0.13541666666666666 0.79052734375 0.1362847222222222 0.79345703125 0.1284722222222222 0.79150390625 0.12239583333333333 0.77978515625 0.11197916666666667 0.77490234375 0.11458333333333333 0.7734375 0.11979166666666667
0 0.6884765625 0.2795138888888889 0.6865234375 0.2829861111111111 0.6865234375 0.2881944444444444 0.6884765625 0.2916666666666667 0.69140625 0.2907986111111111 0.69140625 0.2821180555555556 0.6884765625 0.2795138888888889
0 0.435546875 0.3020833333333333 0.43310546875 0.3064236111111111 0.43359375 0.3177083333333333 0.4375 0.3263888888888889 0.44384765625 0.3272569444444444 0.4462890625 0.3229166666666667 0.44677734375 0.3098958333333333 0.44140625 0.3012152777777778 0.435546875 0.3020833333333333
0 0.8173828125 0.7829861111111112 0.81689453125 0.8090277777777778 0.8193359375 0.8142361111111112 0.82470703125 0.8177083333333334 0.82763671875 0.8142361111111112 0.82763671875 0.7829861111111112 0.8173828125 0.7829861111111112
0 0.5009765625 0.5581597222222222 0.5009765625 0.5850694444444444 0.5126953125 0.5868055555555556 0.51513671875 0.5720486111111112 0.51513671875 0.5598958333333334 0.51220703125 0.5555555555555556 0.501953125 0.5555555555555556 0.5009765625 0.5581597222222222
0 0.59521484375 0.03993055555555555 0.5947265625 0.050347222222222224 0.599609375 0.05381944444444445 0.60595703125 0.04513888888888889 0.6083984375 0.03819444444444445 0.6044921875 0.028645833333333332 0.6005859375 0.028645833333333332 0.59521484375 0.03993055555555555
0 0.140625 0.6953125 0.140625 0.7013888888888888 0.1435546875 0.7039930555555556 0.15478515625 0.7022569444444444 0.1552734375 0.6979166666666666 0.154296875 0.6857638888888888 0.15185546875 0.6848958333333334 0.14599609375 0.6857638888888888 0.140625 0.6953125
0 0.884765625 0.4765625 0.88525390625 0.4835069444444444 0.890625 0.4826388888888889 0.89013671875 0.4765625 0.884765625 0.4765625