0 0.5203125 0.01875 0.51875 0.046875 0.5265625 0.0546875 0.5359375 0.0546875 0.540625 0.025 0.5375 0.0203125 0.5203125 0.01875
0 0.571875 0 0.5625 0 0.5625 0.01875 0.571875 0.0125 0.571875 0
0 0.478125 0.73125 0.475 0.74375 0.48125 0.75 0.478125 0.73125
0 0.375 0.74375 0.36875 0.74375 0.36875 0.7671875 0.375 0.7625 0.375 0.74375
0 0.5578125 0.1296875 0.55625 0.1359375 0.5625 0.146875 0.5671875 0.146875 0.5625 0.1296875 0.5578125 0.1296875
0 0.5296875 0 0.475 0 0.4796875 0.034375 0.484375 0.0359375 0.5078125 0.0203125 0.5234375 0.0171875 0.5296875 0
0 0.56875 0.7859375 0.5625 0.7875 0.565625 0.7984375 0.5734375 0.7953125 0.5734375 0.7859375 0.56875 0.7859375
0 0.5 0.0375 0.496875 0.0546875 0.50625 0.0796875 0.5109375 0.0703125 0.5109375 0.03125 0.5 0.0375
0 0.53125 0 0.475 0 0.4796875 0.03125 0.484375 0.0359375 0.4984375 0.028125 0.503125 0.0359375 0.496875 0.04375 0.496875 0.0546875 0.50625 0.0796875 0.5109375 0.0734375 0.5125 0.046875 0.5359375 0.0546875 0.54375 0.040625 0.5515625 0.0421875 0.55 0.0234375 0.5296875 0.0171875 0.53125 0
0 0.5421875 0.0203125 0.5421875 0.034375 0.5546875 0.0421875 0.5546875 0.03125 0.5421875 0.0203125
0 0.39375 0.9609375 0.3921875 0.9640625 0.3984375 0.965625 0.3921875 0.9734375 0.3984375 0.98125 0.4 0.9671875 0.39375 0.9609375