0 0.5953125 0.3078125 0.59375 0.3171875 0.6046875 0.321875 0.609375 0.3109375 0.6046875 0.3046875 0.5953125 0.3078125
0 0.4890625 0.95 0.4875 0.965625 0.49375 0.96875 0.496875 0.95625 0.4890625 0.95
0 0.5125 0.78125 0.51875 0.790625 0.5109375 0.7921875 0.5125 0.796875 0.5203125 0.8015625 0.51875 0.78125 0.5125 0.78125
0 0.475 0.421875 0.4765625 0.4375 0.4796875 0.421875 0.475 0.421875
0 0.19375 0.15 0.19375 0.190625 0.21875 0.2109375 0.24375 0.2125 0.2546875 0.15 0.2296875 0.1328125 0.2046875 0.1375 0.19375 0.15
0 0.434375 0.5765625 0.43125 0.5859375 0.440625 0.59375 0.434375 0.5875 0.4421875 0.58125 0.434375 0.5765625
0 0.5734375 0.4125 0.56875 0.421875 0.5734375 0.43125 0.5796875 0.43125 0.571875 0.4234375 0.58125 0.41875 0.5734375 0.4125
0 0.89375 0.88125 0.8953125 0.8921875 0.8984375 0.8859375 0.89375 0.88125
0 0.5359375 0.6 0.53125 0.6046875 0.53125 0.625 0.546875 0.625 0.546875 0.6046875 0.5359375 0.6
0 0.49375 0.6140625 0.503125 0.6234375 0.4921875 0.6296875 0.4984375 0.634375 0.5046875 0.625 0.4984375 0.6140625 0.49375 0.6140625
0 0.4046875 0.828125 0.4046875 0.8453125 0.4109375 0.85 0.4109375 0.825 0.4046875 0.828125
0 0.565625 0.540625 0.5625 0.5578125 0.56875 0.55625 0.571875 0.546875 0.571875 0.5421875 0.565625 0.540625
0 0.4265625 0.45 0.425 0.459375 0.434375 0.4609375 0.4375 0.4484375 0.4265625 0.45