0 0.8171875 0.25 0.8125 0.2546875 0.8125 0.2703125 0.81875 0.275 0.8234375 0.26875 0.8234375 0.2546875 0.8171875 0.25
0 0.9890625 0.2109375 0.9890625 0.2234375 0.9984375 0.23125 0.9921875 0.225 0.9984375 0.21875 0.9890625 0.2109375
0 0.790625 0.5203125 0.7875 0.5359375 0.7984375 0.53125 0.7984375 0.525 0.790625 0.5203125
0 0.6671875 0.4875 0.665625 0.496875 0.6703125 0.5 0.675 0.496875 0.6671875 0.4921875 0.675 0.4859375 0.6671875 0.4875
0 0.5765625 0.5 0.5734375 0.5109375 0.584375 0.51875 0.5921875 0.5046875 0.5828125 0.49375 0.5765625 0.5
0 0.8875 0.46875 0.8859375 0.484375 0.89375 0.4875 0.89375 0.46875 0.8875 0.46875
0 0.8078125 0.25625 0.8046875 0.284375 0.8125 0.2859375 0.8234375 0.275 0.8234375 0.25 0.81875 0.2484375 0.8078125 0.25625
0 0.5734375 0.45625 0.5734375 0.4734375 0.5796875 0.475 0.58125 0.4578125 0.5734375 0.45625
0 0.48125 0.8359375 0.4875 0.8421875 0.48125 0.8546875 0.4921875 0.8546875 0.4921875 0.846875 0.48125 0.8359375
0 0.5484375 0.5953125 0.55 0.609375 0.5578125 0.5984375 0.5484375 0.5953125
0 0.84375 0.340625 0.8390625 0.35 0.85 0.35625 0.85 0.34375 0.84375 0.340625
0 0.44375 0.5375 0.4453125 0.55625 0.4484375 0.5359375 0.44375 0.5375
0 0.9265625 0.2203125 0.9265625 0.23125 0.9375 0.234375 0.9375 0.2234375 0.9265625 0.2203125
0 0.9984375 0.4625 0.9921875 0.4625 0.9921875 0.4734375 0.9984375 0.4625
0 0.7796875 0.2546875 0.76875 0.2546875 0.775 0.26875 0.78125 0.26875 0.7796875 0.2546875
0 0.6828125 0.725 0.68125 0.7375 0.6859375 0.7390625 0.69375 0.734375 0.69375 0.725 0.6828125 0.725
0 0.725 0.3015625 0.71875 0.3125 0.721875 0.3234375 0.73125 0.3125 0.725 0.3015625
0 0.6 0.921875 0.59375 0.921875 0.596875 0.9328125 0.6046875 0.93125 0.6 0.921875
0 0.5546875 0.5 0.5515625 0.50625 0.5609375 0.5140625 0.5515625 0.51875 0.5546875 0.5234375 0.5625 0.5125 0.5625 0.5046875 0.5546875 0.5
0 0.9984375 0.4625 0.9921875 0.4625 0.9921875 0.4734375 0.9984375 0.4625