0 0.5234375 0.6546875 0.51875 0.6609375 0.528125 0.665625 0.5203125 0.6734375 0.53125 0.6609375 0.5234375 0.6546875
0 0.8171875 0.140625 0.81875 0.15625 0.825 0.146875 0.81875 0.1390625 0.825 0.1359375 0.8234375 0.13125 0.8171875 0.140625
0 0.746875 0.425 0.7375 0.425 0.7390625 0.4390625 0.7484375 0.4359375 0.746875 0.425
0 0.546875 0.5140625 0.54375 0.5234375 0.5546875 0.534375 0.5546875 0.5171875 0.546875 0.5140625
0 0.91875 0.23125 0.9171875 0.24375 0.925 0.24375 0.9296875 0.2234375 0.91875 0.23125
0 0.9171875 0.059375 0.9125 0.06875 0.9171875 0.0796875 0.9265625 0.06875 0.925 0.0578125 0.9171875 0.059375
0 0.4375 0.43125 0.4359375 0.4484375 0.440625 0.45 0.4421875 0.43125 0.4375 0.43125
0 0.45625 0.7015625 0.4484375 0.7015625 0.4484375 0.7109375 0.4609375 0.7109375 0.45625 0.7015625
0 0.6453125 0.50625 0.64375 0.5171875 0.6546875 0.5234375 0.659375 0.5171875 0.6515625 0.50625 0.6453125 0.50625
0 0.39375 0.76875 0.39375 0.7921875 0.403125 0.7921875 0.403125 0.76875 0.39375 0.76875
0 0.20625 0.1 0.20625 0.1359375 0.21875 0.171875 0.24375 0.1734375 0.25625 0.16875 0.25 0.11875 0.2359375 0.0859375 0.228125 0.0796875 0.2171875 0.0796875 0.20625 0.1
0 0.43125 0.525 0.43125 0.5359375 0.4359375 0.5359375 0.4375 0.5234375 0.43125 0.525
0 0.5109375 0.4125 0.5109375 0.4296875 0.5171875 0.43125 0.51875 0.41875 0.5109375 0.4125
0 0.9578125 0.0234375 0.95625 0.0484375 0.9609375 0.05 0.9671875 0.0421875 0.9671875 0.0234375 0.9578125 0.0234375
0 0.9796875 0.0859375 0.975 0.0984375 0.98125 0.1046875 0.9875 0.1 0.9875 0.0859375 0.9796875 0.0859375
0 0.55 0.5859375 0.546875 0.6046875 0.5546875 0.6140625 0.5609375 0.5859375 0.55625 0.58125 0.55 0.5859375
0 0.753125 0.2046875 0.75 0.2125 0.75625 0.2234375 0.7609375 0.2234375 0.7640625 0.2125 0.75625 0.2015625 0.753125 0.2046875
0 0.6484375 0.3 0.6453125 0.3171875 0.65625 0.3171875 0.6609375 0.3 0.6484375 0.3
0 0.9890625 0.16875 0.9875 0.1734375 0.996875 0.1796875 0.9875 0.1875 0.9984375 0.1796875 0.9890625 0.171875 0.9984375 0.1671875 0.9921875 0.1625 0.9890625 0.16875
0 0.821875 0.340625 0.81875 0.3546875 0.828125 0.3609375 0.8296875 0.3484375 0.821875 0.340625