0 0.353125 0.534375 0.35 0.54375 0.3609375 0.5515625 0.3625 0.54375 0.353125 0.534375
0 0.1 0.284375 0.0984375 0.296875 0.10625 0.2984375 0.109375 0.2875 0.10625 0.2828125 0.1 0.284375
0 0.51875 0.3609375 0.5171875 0.36875 0.5234375 0.375 0.525 0.3640625 0.51875 0.3609375
0 0.9 0.128125 0.8984375 0.1421875 0.9078125 0.1390625 0.9109375 0.1328125 0.9078125 0.125 0.9 0.128125
0 0.7625 0.246875 0.7609375 0.2609375 0.765625 0.2609375 0.7703125 0.246875 0.7625 0.246875
0 0.2796875 0.3546875 0.278125 0.3609375 0.284375 0.36875 0.278125 0.371875 0.28125 0.3734375 0.2859375 0.36875 0.2859375 0.3546875 0.2796875 0.3546875
0 0.38125 0.465625 0.3765625 0.4734375 0.3796875 0.4796875 0.38125 0.4671875 0.3875 0.4734375 0.3859375 0.4625 0.38125 0.465625
0 0.15625 0.0921875 0.153125 0.09375 0.1609375 0.1 0.153125 0.1046875 0.1609375 0.1109375 0.1609375 0.09375 0.15625 0.0921875
0 0.0875 0.5234375 0.0859375 0.5390625 0.09375 0.54375 0.0984375 0.5375 0.0984375 0.5234375 0.0875 0.5234375
0 0.8953125 0.6359375 0.9 0.6421875 0.89375 0.6484375 0.8984375 0.65625 0.9046875 0.65625 0.90625 0.6484375 0.8953125 0.6359375
0 0.55625 0.559375 0.5546875 0.56875 0.5625 0.5734375 0.565625 0.5625 0.5625 0.5578125 0.55625 0.559375
0 0.225 0.50625 0.2234375 0.5203125 0.2328125 0.5203125 0.234375 0.5046875 0.225 0.50625
0 0.240625 0.2515625 0.2359375 0.259375 0.2484375 0.2703125 0.246875 0.25625 0.240625 0.2515625
0 0.1640625 0.3234375 0.1609375 0.3328125 0.171875 0.3328125 0.171875 0.325 0.1640625 0.3234375
0 0.6203125 0.6 0.6171875 0.6171875 0.628125 0.6109375 0.628125 0.603125 0.6203125 0.6
0 0.6671875 0.3421875 0.66875 0.359375 0.675 0.359375 0.675 0.3453125 0.6671875 0.3421875
0 0.7859375 0.4625 0.784375 0.4734375 0.7875 0.48125 0.7921875 0.48125 0.7921875 0.46875 0.7859375 0.4625