0 0.571875 0.5296875 0.5734375 0.55 0.56875 0.5546875 0.5625 0.5921875 0.5796875 0.603125 0.6046875 0.6046875 0.625 0.58125 0.6171875 0.5421875 0.6125 0.534375 0.5953125 0.525 0.571875 0.5296875
0 0.234375 0.3171875 0.23125 0.3328125 0.2359375 0.3359375 0.240625 0.3265625 0.234375 0.3171875
0 0.3328125 0.3109375 0.33125 0.3234375 0.3375 0.3234375 0.340625 0.3125 0.3328125 0.3109375
0 0.2375 0.1890625 0.2375 0.2046875 0.24375 0.2046875 0.2484375 0.1875 0.2421875 0.184375 0.2375 0.1890625
0 0.08125 0.1921875 0.0859375 0.2 0.0796875 0.2015625 0.1 0.21875 0.0984375 0.209375 0.08125 0.1921875
0 0.9328125 0.8921875 0.9296875 0.9046875 0.9375 0.90625 0.9421875 0.89375 0.9328125 0.8921875
0 0.2046875 0.4296875 0.2015625 0.4421875 0.2140625 0.44375 0.215625 0.43125 0.2046875 0.4296875
0 0.2640625 0.125 0.2609375 0.1359375 0.26875 0.14375 0.2796875 0.1296875 0.275 0.1171875 0.2640625 0.125
0 0.378125 0.2828125 0.375 0.2921875 0.38125 0.296875 0.3859375 0.2921875 0.3859375 0.28125 0.378125 0.2828125
0 0.309375 0.109375 0.30625 0.11875 0.3125 0.1265625 0.3171875 0.115625 0.309375 0.109375
0 0.3453125 0.55 0.340625 0.55 0.3421875 0.5578125 0.3453125 0.55
0 0.371875 0.1484375 0.36875 0.1578125 0.375 0.1640625 0.3796875 0.1546875 0.371875 0.1484375