0 0.70625 0.6 0.7 0.6 0.7 0.6046875 0.7109375 0.6203125 0.70625 0.6
0 0.6359375 0.609375 0.63125 0.6171875 0.640625 0.625 0.64375 0.6140625 0.6359375 0.609375
0 0.50625 0.64375 0.5 0.65625 0.503125 0.6828125 0.51875 0.665625 0.51875 0.64375 0.5140625 0.6390625 0.50625 0.64375
0 0.4109375 0.7 0.40625 0.70625 0.415625 0.7140625 0.4109375 0.7203125 0.40625 0.71875 0.4109375 0.721875 0.4171875 0.7125 0.4171875 0.6984375 0.4109375 0.7
0 0.34375 0.2203125 0.3375 0.2296875 0.34375 0.2421875 0.3484375 0.2421875 0.3484375 0.23359375 0.340625 0.23125 0.3484375 0.225 0.34375 0.2203125
0 0.34375 0.9125 0.3375 0.925 0.340625 0.9359375 0.35 0.9234375 0.3484375 0.9109375 0.34375 0.9125
0 0.240625 0.875 0.2375 0.884375 0.2453125 0.8953125 0.2484375 0.89375 0.240625 0.8796875 0.2484375 0.88125 0.24375 0.8734375 0.240625 0.875
0 0.69375 0.6625 0.6875 0.68125 0.6984375 0.6734375 0.7 0.665625 0.69375 0.6625
0 0.475 0.95625 0.4734375 0.96875 0.48125 0.9734375 0.4875 0.9671875 0.4859375 0.95625 0.475 0.95625
0 0.09375 0.9671875 0.0890625 0.9875 0.096875 0.9890625 0.1 0.97734375 0.09375 0.971875 0.1 0.96875 0.09375 0.9671875
0 0.5109375 0.6390625 0.5125 0.6671875 0.51875 0.6484375 0.5109375 0.6390625
0 0.4671875 0.6375 0.4625 0.6375 0.4625 0.6484375 0.4734375 0.659375 0.4640625 0.6484375 0.4734375 0.6453125 0.4671875 0.6375
0 0.7078125 0.8859375 0.70625 0.89375 0.7109375 0.8953125 0.7125 0.8859375 0.7078125 0.8859375
0 0.5390625 0.746875 0.5375 0.75 0.54375 0.7515625 0.5375 0.7640625 0.5421875 0.76875 0.546875 0.7546875 0.5421875 0.7453125 0.5390625 0.746875
0 0.384375 0.2359375 0.3796875 0.2359375 0.3796875 0.25 0.3890625 0.2484375 0.384375 0.2359375
0 0.5890625 0.8921875 0.5875 0.9109375 0.5890625 0.9171875 0.5953125 0.9171875 0.596875 0.89375 0.5890625 0.8921875
0 0.21875 0.928125 0.2171875 0.9375 0.2265625 0.9390625 0.225 0.9484375 0.2171875 0.95 0.21875 0.95625 0.2234375 0.95625 0.2296875 0.9328125 0.225 0.9265625 0.21875 0.928125
0 0.6984375 0.6625 0.69375 0.6625 0.69375 0.66875 0.7 0.6671875 0.6984375 0.6625