0 0.6828125 0.23125 0.68125 0.2390625 0.6875 0.25 0.6921875 0.246875 0.6921875 0.2359375 0.6828125 0.23125
0 0.665625 0.0546875 0.6625 0.06875 0.671875 0.0609375 0.671875 0.05625 0.665625 0.0546875
0 0.625 0.565625 0.6234375 0.575 0.6328125 0.5828125 0.6359375 0.5734375 0.625 0.565625
0 0.3109375 0.4625 0.3109375 0.4734375 0.321875 0.478125 0.3234375 0.4671875 0.3109375 0.4625
0 0.0421875 0.8484375 0.040625 0.865625 0.0484375 0.86875 0.0515625 0.85 0.0421875 0.8484375
0 0.0296875 0.9515625 0.028125 0.9609375 0.0375 0.971875 0.046875 0.9578125 0.0375 0.95 0.0296875 0.9515625
0 0.496875 0.0328125 0.49375 0.046875 0.5 0.05 0.50625 0.0359375 0.5046875 0.03125 0.496875 0.0328125
0 0.2609375 0.7859375 0.2546875 0.7875 0.25625 0.8015625 0.2640625 0.8 0.2609375 0.7859375
0 0.4578125 0.4625 0.4484375 0.4734375 0.4625 0.465625 0.4578125 0.4625
0 0.1578125 0.6140625 0.15625 0.6234375 0.1671875 0.63125 0.171875 0.6140625 0.1578125 0.6140625
0 0.3859375 0.275 0.38125 0.2921875 0.3890625 0.296875 0.39375 0.278125 0.3859375 0.275
0 0.3328125 0.7734375 0.33125 0.79375 0.3375 0.79375 0.340625 0.7734375 0.3328125 0.7734375
0 0.46875 0.4859375 0.465625 0.496875 0.475 0.503125 0.478125 0.4921875 0.46875 0.4859375