0 0.84375 0.1171875 0.84375 0.1375 0.85 0.1375 0.8546875 0.1328125 0.853125 0.1171875 0.85 0.1125 0.84375 0.1171875
0 0.7234375 0.1125 0.7234375 0.1296875 0.734375 0.13125 0.7359375 0.11875 0.7296875 0.1109375 0.7234375 0.1125
0 0.7703125 0.30625 0.7703125 0.3171875 0.7796875 0.321875 0.78125 0.31875 0.7703125 0.309375 0.7734375 0.3046875 0.78125 0.30625 0.7796875 0.3015625 0.7734375 0.3 0.7703125 0.30625
0 0.575 0.21875 0.5734375 0.2390625 0.58125 0.240625 0.58125 0.2203125 0.575 0.21875
0 0.18125 0.5984375 0.1796875 0.6046875 0.1921875 0.6125 0.18125 0.63125 0.1875 0.6359375 0.19375 0.63125 0.2125 0.63125 0.2171875 0.6203125 0.2171875 0.6140625 0.2109375 0.6109375 0.215625 0.5890625 0.2 0.5859375 0.1953125 0.5953125 0.18125 0.5984375
0 0.9921875 0.275 0.984375 0.2828125 0.9859375 0.29375 0.9984375 0.2875 0.9984375 0.2796875 0.9921875 0.275
0 0.3640625 0.3234375 0.3625 0.3484375 0.371875 0.35 0.375 0.3265625 0.3640625 0.3234375
0 0.4375 0.3125 0.43125 0.3125 0.43125 0.31875 0.4421875 0.325 0.4375 0.3125
0 0.465625 0.1296875 0.4625 0.1390625 0.4734375 0.1421875 0.4734375 0.1296875 0.465625 0.1296875
0 0.9265625 0.1109375 0.9171875 0.1109375 0.9171875 0.125 0.925 0.125 0.9265625 0.1109375
0 0.6671875 0.3015625 0.6671875 0.3203125 0.675 0.321875 0.6734375 0.3015625 0.6671875 0.3015625
0 0.49375 0.0515625 0.4921875 0.06875 0.496875 0.06875 0.5 0.0625 0.49375 0.05625 0.5 0.05 0.49375 0.0515625
0 0.5109375 0.33125 0.509375 0.34375 0.51875 0.34375 0.5203125 0.33125 0.5109375 0.33125
0 0.5578125 0.29375 0.55 0.3015625 0.5546875 0.3171875 0.5671875 0.30625 0.5671875 0.29375 0.5578125 0.29375
0 0.56875 0.096875 0.565625 0.1078125 0.56875 0.1171875 0.5734375 0.1171875 0.575 0.10625 0.56875 0.096875
0 0.8640625 0.296875 0.8625 0.3125 0.8734375 0.3140625 0.8734375 0.29375 0.8640625 0.296875