0 0.0984375 0.74375 0.0984375 0.759375 0.1046875 0.7640625 0.1046875 0.74375 0.0984375 0.74375
0 0.246875 0.1109375 0.24375 0.1203125 0.25 0.125 0.2515625 0.109375 0.246875 0.1109375
0 0.2015625 0.1125 0.2 0.1265625 0.2046875 0.1265625 0.2125 0.115625 0.2109375 0.1109375 0.2015625 0.1125
0 0.0765625 0.9328125 0.0703125 0.94375 0.0796875 0.95625 0.0875 0.9359375 0.084375 0.9265625 0.0765625 0.9328125
0 0.278125 0.1984375 0.275 0.21875 0.2796875 0.2203125 0.2828125 0.2015625 0.278125 0.1984375
0 0.1875 0.2328125 0.1859375 0.2453125 0.1921875 0.25 0.1953125 0.2359375 0.19375 0.23125 0.1875 0.2328125
0 0.1484375 0.4234375 0.1484375 0.434375 0.15625 0.4359375 0.15625 0.421875 0.1484375 0.4234375
0 0.1265625 0.5734375 0.1234375 0.5859375 0.1296875 0.5890625 0.1328125 0.5765625 0.1265625 0.5734375
0 0.2609375 0.3765625 0.25625 0.3859375 0.259375 0.39375 0.2640625 0.3859375 0.2609375 0.3765625
0 0.2359375 0.49375 0.234375 0.5046875 0.2453125 0.5125 0.246875 0.5 0.2359375 0.49375
0 0.2109375 0.69375 0.2109375 0.7109375 0.215625 0.7140625 0.2234375 0.7046875 0.21875 0.690625 0.2109375 0.69375
0 0.28125 0.13125 0.28125 0.14375 0.2921875 0.1390625 0.290625 0.1265625 0.28125 0.13125
0 0.11875 0.91875 0.1171875 0.93125 0.125 0.9359375 0.1296875 0.925 0.1234375 0.9171875 0.11875 0.91875
0 0.184375 0.95625 0.18125 0.96875 0.190625 0.9734375 0.1921875 0.9609375 0.184375 0.95625