0 0.8125 0.0375 0.80625 0.0484375 0.8171875 0.0546875 0.81875 0.0421875 0.8125 0.0375
0 0.09375 0.4265625 0.09375 0.4421875 0.1015625 0.4421875 0.1046875 0.4359375 0.09375 0.4265625
0 0.275 0.0140625 0.275 0.03125 0.2796875 0.034375 0.2828125 0.0203125 0.275 0.0140625
0 0.3734375 0.5328125 0.375 0.546875 0.38125 0.5359375 0.3796875 0.53125 0.3734375 0.5328125
0 0.475 0.4859375 0.475 0.4984375 0.484375 0.4984375 0.475 0.4921875 0.484375 0.4875 0.4796875 0.48125 0.475 0.4859375
0 0.7328125 0.4046875 0.73125 0.4234375 0.7375 0.4171875 0.7375 0.4046875 0.7328125 0.4046875
0 0.1296875 0.540625 0.125 0.5421875 0.125 0.55625 0.13125 0.5625 0.1359375 0.55 0.1296875 0.540625
0 0.25 0.5 0.246875 0.51875 0.2546875 0.5125 0.25 0.5
0 0.4125 0.1546875 0.4109375 0.1625 0.4234375 0.16875 0.421875 0.1578125 0.4125 0.1546875
0 0.615625 0.4703125 0.6140625 0.4734375 0.6203125 0.475 0.6140625 0.4859375 0.6234375 0.4875 0.6203125 0.4703125 0.615625 0.4703125
0 0.59375 0.16875 0.58125 0.16875 0.58125 0.1796875 0.5921875 0.18125 0.59375 0.16875
0 0.7484375 0.2828125 0.74375 0.2875 0.7453125 0.3046875 0.75 0.3015625 0.7484375 0.2828125