0 0.2453125 0.853125 0.24375 0.8609375 0.25 0.8640625 0.26875 0.8609375 0.265625 0.846875 0.2453125 0.853125
0 0.0484375 0.50625 0.046875 0.5234375 0.0546875 0.5296875 0.05625 0.5109375 0.0515625 0.503125 0.0484375 0.50625
0 0.0875 0.4828125 0.0890625 0.49375 0.1078125 0.5046875 0.1109375 0.4875 0.10625 0.48125 0.0984375 0.478125 0.0875 0.4828125
0 0.24375 0.0859375 0.2421875 0.109375 0.2484375 0.1140625 0.2421875 0.1171875 0.246875 0.1234375 0.25 0.0859375 0.24375 0.0859375
0 0.2015625 0.1328125 0.2 0.1421875 0.2046875 0.146875 0.2125 0.1421875 0.2125 0.1359375 0.209375 0.13125 0.2015625 0.1328125
0 0.0296875 0.5359375 0.03125 0.55 0.025 0.5546875 0.025 0.5625 0.04375 0.571875 0.0484375 0.56875 0.0546875 0.540625 0.0546875 0.5328125 0.0484375 0.53125 0.05625 0.5234375 0.046875 0.5234375 0.05625 0.5109375 0.0546875 0.5046875 0.05 0.5046875 0.0375 0.53125 0.03125 0.53125 0.0296875 0.5359375
0 0.24375 0.55 0.2421875 0.5546875 0.25 0.5578125 0.2421875 0.565625 0.246875 0.56875 0.2546875 0.5546875 0.246875 0.546875 0.25625 0.5421875 0.2546875 0.5375 0.24375 0.55
0 0.2015625 0.4421875 0.1984375 0.4640625 0.2171875 0.4671875 0.2234375 0.45 0.2171875 0.4421875 0.2015625 0.4421875
0 0.325 0.4375 0.3234375 0.478125 0.3375 0.4859375 0.3484375 0.4734375 0.353125 0.45625 0.353125 0.4171875 0.3484375 0.40625 0.3390625 0.4078125 0.325 0.4375
0 0.2421875 0.19375 0.23125 0.2203125 0.240625 0.2171875 0.2484375 0.2046875 0.2421875 0.1984375 0.2484375 0.1921875 0.2421875 0.19375
0 0.2515625 0.01875 0.24375 0.0375 0.246875 0.05 0.2546875 0.0421875 0.246875 0.0359375 0.25625 0.03125 0.2484375 0.0296875 0.25625 0.01875 0.2515625 0.01875
0 0.240625 0.39375 0.2359375 0.4 0.2375 0.4109375 0.2453125 0.4078125 0.2484375 0.4 0.240625 0.39375
0 0.209375 0.66875 0.20625 0.6875 0.215625 0.6828125 0.215625 0.6734375 0.209375 0.66875