0 0.6734375 0.8109375 0.6625 0.81875 0.6671875 0.8234375 0.68125 0.821875 0.6828125 0.8125 0.6734375 0.8109375
0 0.7609375 0.675 0.7609375 0.68125 0.7765625 0.6796875 0.775 0.675 0.7609375 0.675
0 0.6796875 0.6359375 0.675 0.6375 0.675 0.64375 0.690625 0.64375 0.696875 0.6390625 0.6796875 0.6359375
0 0.7046875 0.28125 0.6984375 0.2875 0.6984375 0.3 0.7171875 0.2984375 0.7171875 0.2828125 0.7046875 0.28125
0 0.965625 0.9484375 0.9640625 0.95625 0.9796875 0.9609375 0.978125 0.9484375 0.965625 0.9484375
0 0.9859375 0.8234375 0.9875 0.8421875 0.9984375 0.84375 0.9984375 0.8234375 0.9859375 0.8234375
0 0.95 0.7734375 0.9484375 0.78125 0.96875 0.78125 0.965625 0.7734375 0.95 0.7734375
0 0.8875 0.7546875 0.8890625 0.76875 0.8953125 0.7734375 0.9109375 0.7734375 0.915625 0.759375 0.909375 0.75 0.89375 0.75 0.8875 0.7546875
0 0.9484375 0.003125 0.95 0.025 0.95625 0.0296875 0.9640625 0.028125 0.9671875 0.0125 0.9578125 0 0.9484375 0.003125
0 0.7796875 0.89375 0.7765625 0.9015625 0.790625 0.90625 0.7921875 0.8984375 0.7796875 0.89375
0 0.8125 0.7796875 0.80625 0.78125 0.80625 0.7875 0.8109375 0.7921875 0.821875 0.7921875 0.8234375 0.784375 0.8125 0.7796875
0 0.7 0.4125 0.69375 0.425 0.6984375 0.43125 0.7203125 0.4296875 0.71875 0.4109375 0.7 0.4125