0 0.3486328125 0.8133680555555556 0.3505859375 0.8220486111111112 0.353515625 0.8229166666666666 0.353515625 0.8159722222222222 0.35205078125 0.8133680555555556 0.3486328125 0.8133680555555556
0 0.37060546875 0.6710069444444444 0.37109375 0.6848958333333334 0.3779296875 0.6848958333333334 0.3828125 0.6788194444444444 0.3818359375 0.671875 0.373046875 0.6684027777777778 0.37060546875 0.6710069444444444
0 0.73681640625 0.578125 0.734375 0.5824652777777778 0.73486328125 0.5946180555555556 0.74462890625 0.5954861111111112 0.74462890625 0.5772569444444444 0.73681640625 0.578125
0 0.88525390625 0.6189236111111112 0.884765625 0.6258680555555556 0.8876953125 0.6319444444444444 0.8916015625 0.6328125 0.89599609375 0.6276041666666666 0.89599609375 0.6206597222222222 0.892578125 0.6163194444444444 0.88525390625 0.6189236111111112
0 0.3251953125 0.23350694444444445 0.32568359375 0.2465277777777778 0.33056640625 0.2552083333333333 0.333984375 0.2552083333333333 0.33544921875 0.2517361111111111 0.33544921875 0.24305555555555555 0.3330078125 0.23524305555555555 0.32763671875 0.2300347222222222 0.3251953125 0.23350694444444445
0 0.5927734375 0.5 0.59228515625 0.5104166666666666 0.595703125 0.5182291666666666 0.6025390625 0.5182291666666666 0.60595703125 0.5104166666666666 0.6064453125 0.5026041666666666 0.60302734375 0.4930555555555556 0.59521484375 0.4939236111111111 0.5927734375 0.5
0 0.5693359375 0.6223958333333334 0.56884765625 0.6310763888888888 0.57177734375 0.6388888888888888 0.578125 0.6397569444444444 0.58056640625 0.6354166666666666 0.58056640625 0.6267361111111112 0.5771484375 0.6189236111111112 0.5732421875 0.6180555555555556 0.5693359375 0.6223958333333334
0 0.2802734375 0.6059027777777778 0.27978515625 0.6215277777777778 0.28857421875 0.6267361111111112 0.29638671875 0.6258680555555556 0.29638671875 0.6145833333333334 0.29150390625 0.6128472222222222 0.28271484375 0.6015625 0.2802734375 0.6059027777777778
0 0.275390625 0.4305555555555556 0.2744140625 0.4375 0.27685546875 0.4513888888888889 0.279296875 0.4574652777777778 0.28515625 0.4574652777777778 0.28515625 0.4435763888888889 0.28173828125 0.4314236111111111 0.279296875 0.4288194444444444 0.275390625 0.4305555555555556
0 0.3935546875 0.4157986111111111 0.3935546875 0.4244791666666667 0.39794921875 0.421875 0.39697265625 0.4140625 0.3935546875 0.4157986111111111
0 0.3310546875 0.4244791666666667 0.3310546875 0.4322916666666667 0.33447265625 0.4340277777777778 0.33642578125 0.4270833333333333 0.33447265625 0.4227430555555556 0.3310546875 0.4244791666666667
0 0.9443359375 0.8012152777777778 0.94189453125 0.8055555555555556 0.94189453125 0.8125 0.9453125 0.8194444444444444 0.94970703125 0.8220486111111112 0.95263671875 0.8177083333333334 0.95263671875 0.8098958333333334 0.94970703125 0.8020833333333334 0.9443359375 0.8012152777777778
0 0.32568359375 0.11805555555555555 0.3251953125 0.12239583333333333 0.32763671875 0.125 0.330078125 0.12239583333333333 0.32861328125 0.1189236111111111 0.32568359375 0.11805555555555555
0 0.59619140625 0.3810763888888889 0.59423828125 0.3854166666666667 0.5947265625 0.3923611111111111 0.60107421875 0.4001736111111111 0.611328125 0.3854166666666667 0.609375 0.3767361111111111 0.60546875 0.3715277777777778 0.6015625 0.3715277777777778 0.59619140625 0.3810763888888889
0 0.7392578125 0.4661458333333333 0.7373046875 0.4704861111111111 0.7373046875 0.4791666666666667 0.74072265625 0.4869791666666667 0.74560546875 0.4878472222222222 0.75048828125 0.4782986111111111 0.75048828125 0.4696180555555556 0.74560546875 0.4626736111111111 0.7421875 0.4626736111111111 0.7392578125 0.4661458333333333
0 0.51513671875 0.9392361111111112 0.51513671875 0.9470486111111112 0.5205078125 0.9470486111111112 0.5205078125 0.9401041666666666 0.51513671875 0.9392361111111112