0 0.2431640625 0.5564236111111112 0.2431640625 0.5798611111111112 0.24462890625 0.5824652777777778 0.24853515625 0.5824652777777778 0.25 0.5807291666666666 0.24853515625 0.5581597222222222 0.2431640625 0.5564236111111112
0 0.265625 0.7569444444444444 0.26611328125 0.7690972222222222 0.271484375 0.78125 0.2802734375 0.7777777777777778 0.28173828125 0.7699652777777778 0.2783203125 0.7517361111111112 0.26806640625 0.7526041666666666 0.265625 0.7569444444444444
0 0.45263671875 0.3559027777777778 0.45263671875 0.3645833333333333 0.45556640625 0.3680555555555556 0.46337890625 0.3671875 0.46484375 0.3628472222222222 0.46484375 0.3576388888888889 0.46044921875 0.3506944444444444 0.4560546875 0.3506944444444444 0.45263671875 0.3559027777777778
0 0.1064453125 0.9105902777777778 0.10546875 0.921875 0.107421875 0.9270833333333334 0.1123046875 0.9288194444444444 0.11669921875 0.9262152777777778 0.1181640625 0.9210069444444444 0.1171875 0.9045138888888888 0.109375 0.9045138888888888 0.1064453125 0.9105902777777778
0 0.0322265625 0.4175347222222222 0.03173828125 0.4253472222222222 0.03515625 0.4262152777777778 0.037109375 0.4175347222222222 0.0322265625 0.4175347222222222
0 0.16064453125 0.9626736111111112 0.1591796875 0.9704861111111112 0.16064453125 0.9809027777777778 0.16357421875 0.9835069444444444 0.16845703125 0.9826388888888888 0.17333984375 0.9756944444444444 0.17333984375 0.9626736111111112 0.169921875 0.9583333333333334 0.1650390625 0.9574652777777778 0.16064453125 0.9626736111111112
0 0.21240234375 0.2751736111111111 0.21142578125 0.296875 0.21728515625 0.2977430555555556 0.2197265625 0.2916666666666667 0.2197265625 0.2743055555555556 0.21240234375 0.2751736111111111
0 0.57470703125 0.6137152777777778 0.57421875 0.6189236111111112 0.57763671875 0.6267361111111112 0.587890625 0.6276041666666666 0.59130859375 0.6215277777777778 0.59033203125 0.6145833333333334 0.58837890625 0.6128472222222222 0.57763671875 0.6102430555555556 0.57470703125 0.6137152777777778
0 0.20556640625 0.703125 0.20361328125 0.7083333333333334 0.20361328125 0.7161458333333334 0.2060546875 0.7239583333333334 0.21435546875 0.7248263888888888 0.21875 0.7144097222222222 0.216796875 0.7022569444444444 0.21337890625 0.6979166666666666 0.208984375 0.6979166666666666 0.20556640625 0.703125
0 0.15234375 0.6189236111111112 0.15185546875 0.6310763888888888 0.15478515625 0.6345486111111112 0.162109375 0.6354166666666666 0.1650390625 0.6310763888888888 0.166015625 0.6180555555555556 0.1640625 0.6137152777777778 0.15625 0.6137152777777778 0.15234375 0.6189236111111112
0 0.27685546875 0.15885416666666666 0.27197265625 0.17100694444444445 0.27197265625 0.1753472222222222 0.2744140625 0.17881944444444445 0.27880859375 0.1762152777777778 0.287109375 0.16145833333333334 0.28271484375 0.15364583333333334 0.279296875 0.15364583333333334 0.27685546875 0.15885416666666666
0 0.54736328125 0.671875 0.546875 0.6753472222222222 0.54931640625 0.6805555555555556 0.5498046875 0.6875 0.55322265625 0.6944444444444444 0.5576171875 0.6970486111111112 0.56005859375 0.6901041666666666 0.55810546875 0.6840277777777778 0.55712890625 0.6701388888888888 0.55517578125 0.6666666666666666 0.55224609375 0.6666666666666666 0.54736328125 0.671875
0 0.365234375 0.2013888888888889 0.3623046875 0.20225694444444445 0.3623046875 0.2109375 0.36572265625 0.2170138888888889 0.37744140625 0.2152777777777778 0.37939453125 0.2126736111111111 0.3779296875 0.20225694444444445 0.365234375 0.2013888888888889