0 0.7640625 0.04375 0.7609375 0.0546875 0.76875 0.0625 0.775 0.046875 0.771875 0.040625 0.7640625 0.04375
0 0.4515625 0.9796875 0.45 0.9890625 0.4578125 0.9921875 0.4625 0.9796875 0.4515625 0.9796875
0 0.29375 0.1375 0.29375 0.1546875 0.3015625 0.15625 0.3015625 0.1375 0.29375 0.1375
0 0.29375 0.325 0.29375 0.3375 0.30625 0.3375 0.30625 0.3234375 0.29375 0.325
0 0.3375 0.80625 0.3359375 0.8171875 0.340625 0.825 0.34375 0.80625 0.3375 0.80625
0 0.525 0.80625 0.5234375 0.8203125 0.53125 0.821875 0.534375 0.8046875 0.525 0.80625
0 0.28125 0.75625 0.278125 0.76875 0.2859375 0.7734375 0.2859375 0.75625 0.28125 0.75625
0 0.2734375 0.5546875 0.2671875 0.5546875 0.2703125 0.571875 0.2796875 0.56875 0.2734375 0.5546875
0 0.4421875 0.5765625 0.4390625 0.59375 0.446875 0.5984375 0.4421875 0.58125 0.4484375 0.5796875 0.4421875 0.5765625
0 0.5421875 0.8484375 0.5359375 0.85 0.5375 0.8609375 0.5484375 0.8546875 0.5484375 0.85 0.5421875 0.8484375
0 0.4890625 0.3 0.496875 0.3078125 0.4875 0.3140625 0.4890625 0.3171875 0.4984375 0.30625 0.496875 0.3 0.4890625 0.3
0 0.6046875 0.0984375 0.6 0.1 0.6 0.10625 0.609375 0.1109375 0.6109375 0.1 0.6046875 0.0984375
0 0.596875 0.4890625 0.59375 0.5 0.603125 0.503125 0.6046875 0.49375 0.596875 0.4890625
0 0.73125 0.3546875 0.7296875 0.3734375 0.7359375 0.3640625 0.7359375 0.35625 0.73125 0.3546875