0 0.55625 0.578125 0.5546875 0.5875 0.5625 0.5921875 0.56875 0.5796875 0.55625 0.578125
0 0.803125 0.2359375 0.8015625 0.246875 0.8125 0.2515625 0.8125 0.2421875 0.803125 0.2359375
0 0.9703125 0.2140625 0.96875 0.2234375 0.9796875 0.2265625 0.9796875 0.2125 0.9703125 0.2140625
0 0.815625 0.5203125 0.8125 0.53125 0.821875 0.534375 0.8234375 0.53125 0.8140625 0.525 0.8234375 0.51875 0.815625 0.5203125
0 0.8484375 0.2375 0.84375 0.2484375 0.84375 0.26875 0.8484375 0.2734375 0.859375 0.259375 0.859375 0.2421875 0.85625 0.2359375 0.8484375 0.2375
0 0.6921875 0.46875 0.6875 0.4734375 0.6875 0.4875 0.69375 0.4875 0.696875 0.4796875 0.6921875 0.46875
0 0.85 0.2359375 0.8484375 0.259375 0.8546875 0.2609375 0.85625 0.2359375 0.85 0.2359375
0 0.925 0.46875 0.921875 0.4890625 0.9296875 0.4875 0.9296875 0.4734375 0.925 0.46875
0 0.6015625 0.9265625 0.6 0.9375 0.6109375 0.940625 0.6109375 0.9265625 0.6015625 0.9265625
0 0.7 0.7265625 0.7015625 0.7421875 0.7109375 0.7359375 0.7109375 0.725 0.7 0.7265625
0 0.4828125 0.83125 0.4796875 0.84375 0.4890625 0.85 0.49375 0.846875 0.49375 0.8375 0.4828125 0.83125
0 0.35 0.403125 0.3453125 0.421875 0.35 0.43125 0.359375 0.4359375 0.3671875 0.4171875 0.3671875 0.4 0.3546875 0.3953125 0.35 0.403125
0 0.5671875 0.4828125 0.565625 0.4875 0.5734375 0.4890625 0.565625 0.4984375 0.56875 0.503125 0.575 0.484375 0.5671875 0.4828125
0 0.5921875 0.434375 0.5859375 0.434375 0.5859375 0.4453125 0.59375 0.4546875 0.5984375 0.4390625 0.5921875 0.434375
0 0.4484375 0.5109375 0.446875 0.5234375 0.4515625 0.5296875 0.45625 0.5109375 0.4484375 0.5109375
0 0.878125 0.3328125 0.875 0.340625 0.8796875 0.3484375 0.8859375 0.3484375 0.8859375 0.3328125 0.878125 0.3328125
0 0.75 0.2859375 0.7453125 0.3 0.753125 0.30625 0.7609375 0.2875 0.75625 0.2828125 0.75 0.2859375