0 0.8734375 0.575 0.8703125 0.603125 0.8796875 0.6171875 0.8859375 0.6 0.8859375 0.5734375 0.878125 0.56875 0.8734375 0.575
0 0.7484375 0.58125 0.7484375 0.5953125 0.75625 0.5984375 0.759375 0.58125 0.7484375 0.58125
0 0.3453125 0.7078125 0.3484375 0.7125 0.34375 0.728125 0.353125 0.7421875 0.3546875 0.721875 0.3453125 0.7078125
0 0.1375 0.6015625 0.1359375 0.6125 0.15 0.6125 0.1578125 0.6046875 0.15625 0.5984375 0.1375 0.6015625
0 0.325 0.64375 0.3234375 0.6546875 0.3328125 0.65625 0.34375 0.6484375 0.34375 0.63125 0.325 0.64375
0 0.81875 0.6453125 0.8171875 0.659375 0.8234375 0.6703125 0.83125 0.6734375 0.83125 0.6625 0.81875 0.6453125
0 0.9046875 0.6390625 0.9015625 0.6515625 0.9125 0.6625 0.9125 0.64375 0.9046875 0.6390625
0 0.475 0.6875 0.4734375 0.6921875 0.4828125 0.69375 0.4734375 0.7046875 0.484375 0.7109375 0.484375 0.69375 0.475 0.6875
0 0.096875 0.6875 0.09375 0.7078125 0.10625 0.721875 0.1171875 0.721875 0.115625 0.7 0.10625 0.6875 0.096875 0.6875
0 0.2625 0.7109375 0.2609375 0.7296875 0.278125 0.7171875 0.28125 0.7046875 0.2734375 0.7015625 0.2625 0.7109375
0 0.171875 0.6828125 0.16875 0.690625 0.175 0.7015625 0.1859375 0.696875 0.1875 0.7109375 0.18125 0.6828125 0.171875 0.6828125
0 0.6515625 0.6484375 0.6484375 0.6890625 0.65625 0.690625 0.65625 0.6546875 0.6515625 0.6484375
0 0.465625 0.6078125 0.465625 0.6171875 0.4734375 0.6171875 0.484375 0.609375 0.484375 0.6 0.465625 0.6078125