0 0.57109375 0.48359375 0.0046875 0.0203125
0 0.2640625 0.0984375 0.259375 0.1 0.259375 0.109375 0.26875 0.1109375 0.2703125 0.1 0.2640625 0.0984375
0 0.225 0.146875 0.2234375 0.15625 0.23125 0.1609375 0.234375 0.153125 0.225 0.146875
0 0.7546875 0.703125 0.753125 0.71875 0.7578125 0.7234375 0.7609375 0.7015625 0.7546875 0.703125
0 0.2046875 0.2046875 0.2015625 0.21875 0.2125 0.21875 0.215625 0.2046875 0.2046875 0.2046875
0 0.8109375 0.7625 0.8078125 0.7640625 0.8171875 0.784375 0.8234375 0.7671875 0.8203125 0.7609375 0.8109375 0.7625
0 0.58125 0.73125 0.5796875 0.75 0.584375 0.75 0.5859375 0.73125 0.58125 0.73125
0 0.38125 0.4375 0.375 0.4375 0.375 0.44765625 0.38125 0.45 0.375 0.4578125 0.3796875 0.4578125 0.384375 0.4484375 0.38125 0.4375
0 0.6234375 0.85 0.6203125 0.859375 0.6296875 0.8609375 0.63125 0.85 0.6234375 0.85
0 0.3171875 0.175 0.3140625 0.1875 0.3234375 0.1890625 0.325 0.18125 0.3171875 0.175
0 0.4890625 0.3734375 0.4875 0.384375 0.4953125 0.3859375 0.496875 0.375 0.4890625 0.3734375
0 0.46875 0.5609375 0.4625 0.5609375 0.4625 0.56875 0.4671875 0.58125 0.4734375 0.58125 0.4734375 0.565625 0.46875 0.5609375
0 0.66875 0.8171875 0.6671875 0.8234375 0.6765625 0.83125 0.6765625 0.81875 0.66875 0.8171875
0 0.315625 0.3734375 0.3125 0.3796875 0.321875 0.3859375 0.325 0.3796875 0.315625 0.3734375
0 0.6484375 0.5921875 0.6484375 0.6125 0.6640625 0.6109375 0.6625 0.59375 0.6484375 0.5921875
0 0.2359375 0.25 0.2375 0.2671875 0.246875 0.2671875 0.246875 0.259375 0.2359375 0.2625 0.2359375 0.25
0 0.0578125 0.1609375 0.05625 0.178125 0.0625 0.175 0.0625 0.1640625 0.0578125 0.1609375
0 0.6140625 0.63125 0.6125 0.64375 0.61875 0.6484375 0.6203125 0.63125 0.6140625 0.63125
0 0.4125 0.2828125 0.4109375 0.2953125 0.4171875 0.2984375 0.4234375 0.2921875 0.4234375 0.2828125 0.4125 0.2828125
0 0.696875 0.6125 0.69375 0.6203125 0.7 0.6296875 0.70625 0.6296875 0.70625 0.61875 0.696875 0.6125