0 0.075 0 0.0703125 0.00625 0.0765625 0.0203125 0.0828125 0.0203125 0.084375 0.0125 0.075 0
0 0.34375 0.0546875 0.34375 0.0734375 0.353125 0.075 0.3546875 0.0546875 0.34375 0.0546875
0 0.6125 0.503125 0.60625 0.50625 0.60625 0.5171875 0.6171875 0.525 0.6171875 0.503125 0.6125 0.503125
0 0.35 0.2640625 0.3484375 0.275 0.3546875 0.2796875 0.3625 0.2734375 0.3625 0.2625 0.35 0.2640625
0 0.5546875 0.4421875 0.5515625 0.4515625 0.5578125 0.4546875 0.5625 0.4515625 0.5625 0.4421875 0.5546875 0.4421875
0 0.45 0.33125 0.4484375 0.3484375 0.45625 0.3625 0.4625 0.3546875 0.4625 0.3421875 0.45625 0.33125 0.45 0.33125
0 0.2609375 0.184375 0.259375 0.1984375 0.26875 0.2 0.26875 0.1875 0.2609375 0.184375
0 0.0328125 0.065625 0.028125 0.06875 0.0375 0.0703125 0.0328125 0.065625
0 0.178125 0.10625 0.1734375 0.1109375 0.1734375 0.125 0.18125 0.1296875 0.1859375 0.1109375 0.178125 0.10625
0 0.4515625 0.2609375 0.45 0.271875 0.45625 0.2796875 0.4625 0.2640625 0.4515625 0.2609375
0 0.48125 0.4 0.48125 0.4109375 0.4921875 0.4171875 0.49375 0.4078125 0.4875 0.4 0.48125 0.4
0 0.4875 0.1578125 0.4859375 0.1703125 0.490625 0.1734375 0.496875 0.1625 0.49375 0.15625 0.4875 0.1578125
0 0.571875 0.2609375 0.56875 0.275 0.5765625 0.2734375 0.571875 0.2609375
0 0.565625 0.17890625 0.00625 0.0203125
0 0.70625 0.3 0.7015625 0.3 0.7046875 0.3125 0.70625 0.3