0 0.1703125 0.296875 0.16875 0.3140625 0.1734375 0.3171875 0.1796875 0.3109375 0.18125 0.2921875 0.1765625 0.290625 0.1703125 0.296875
0 0.5109375 0.3109375 0.509375 0.321875 0.51875 0.325 0.51875 0.3125 0.5109375 0.3109375
0 0.7140625 0.5609375 0.7109375 0.5734375 0.7234375 0.571875 0.725 0.5625 0.71875 0.55625 0.7140625 0.5609375
0 0.0546875 0.5375 0.05 0.54375 0.0515625 0.5546875 0.0625 0.5546875 0.06875 0.546875 0.06875 0.5375 0.0546875 0.5375
0 0.3796875 0.5140625 0.3765625 0.53125 0.384375 0.53125 0.384375 0.5171875 0.3796875 0.5140625
0 0.23125 0.6484375 0.23125 0.6625 0.24375 0.671875 0.2421875 0.6578125 0.23125 0.6484375
0 0.69375 0.2625 0.6921875 0.2859375 0.6984375 0.2859375 0.6984375 0.2625 0.69375 0.2625
0 0.58125 0.58125 0.5796875 0.59375 0.5859375 0.59375 0.5890625 0.5828125 0.58125 0.58125
0 0.3328125 0.23125 0.3328125 0.24375 0.3453125 0.24375 0.34375 0.2296875 0.3328125 0.23125
0 0.6 0.6203125 0.59375 0.6296875 0.596875 0.64375 0.6046875 0.6296875 0.6 0.6203125
0 0.3953125 0.0109375 0.39375 0.01875 0.4 0.01875 0.4 0.0125 0.3953125 0.0109375
0 0.5984375 0.0046875 0.596875 0.025 0.6015625 0.0296875 0.6046875 0.0046875 0.5984375 0.0046875
0 0.6984375 0.1421875 0.7 0.1609375 0.70625 0.1609375 0.70625 0.15 0.6984375 0.1421875