0 0.4140625 0.3177083333333333 0.4130859375 0.3246527777777778 0.41552734375 0.3263888888888889 0.41796875 0.3229166666666667 0.41796875 0.3177083333333333 0.4140625 0.3177083333333333
0 0.67138671875 0.7803819444444444 0.6708984375 0.7864583333333334 0.6748046875 0.7934027777777778 0.6796875 0.7951388888888888 0.68310546875 0.7907986111111112 0.68212890625 0.7751736111111112 0.673828125 0.7743055555555556 0.67138671875 0.7803819444444444
0 0.80224609375 0.9522569444444444 0.80224609375 0.9652777777777778 0.80615234375 0.9704861111111112 0.810546875 0.9696180555555556 0.8125 0.9626736111111112 0.810546875 0.953125 0.80224609375 0.9522569444444444
0 0.35595703125 0.2708333333333333 0.35595703125 0.2786458333333333 0.359375 0.28125 0.36083984375 0.2786458333333333 0.36083984375 0.2725694444444444 0.359375 0.2682291666666667 0.35595703125 0.2708333333333333
0 0.40234375 0.09722222222222222 0.40234375 0.11197916666666667 0.4072265625 0.12152777777777778 0.40966796875 0.1189236111111111 0.41064453125 0.11371527777777778 0.40966796875 0.09722222222222222 0.4072265625 0.09461805555555555 0.40234375 0.09722222222222222
0 0.3203125 0.5243055555555556 0.3193359375 0.5364583333333334 0.326171875 0.5416666666666666 0.33056640625 0.5407986111111112 0.33056640625 0.5338541666666666 0.32470703125 0.5234375 0.3203125 0.5243055555555556
0 0.30322265625 0.234375 0.302734375 0.2552083333333333 0.30615234375 0.2578125 0.310546875 0.2569444444444444 0.3125 0.24739583333333334 0.31103515625 0.22916666666666666 0.30517578125 0.2282986111111111 0.30322265625 0.234375
0 0.25927734375 0.390625 0.2578125 0.3958333333333333 0.25927734375 0.40625 0.26611328125 0.4157986111111111 0.27099609375 0.4166666666666667 0.27294921875 0.4097222222222222 0.26806640625 0.3940972222222222 0.26513671875 0.3897569444444444 0.25927734375 0.390625
0 0.6015625 0.4696180555555556 0.60107421875 0.4748263888888889 0.603515625 0.4887152777777778 0.61767578125 0.484375 0.61767578125 0.4696180555555556 0.61572265625 0.4626736111111111 0.6044921875 0.4661458333333333 0.6015625 0.4696180555555556
0 0.56591796875 0.5737847222222222 0.5654296875 0.5868055555555556 0.568359375 0.59375 0.57421875 0.5946180555555556 0.57763671875 0.5894097222222222 0.57958984375 0.5789930555555556 0.5771484375 0.5694444444444444 0.5693359375 0.5685763888888888 0.56591796875 0.5737847222222222
0 0.2646484375 0.6284722222222222 0.26318359375 0.6310763888888888 0.26611328125 0.6345486111111112 0.26318359375 0.6380208333333334 0.263671875 0.6397569444444444 0.26611328125 0.6388888888888888 0.26708984375 0.6328125 0.2646484375 0.6284722222222222
0 0.509765625 0.6597222222222222 0.51025390625 0.6788194444444444 0.51806640625 0.6805555555555556 0.52099609375 0.6744791666666666 0.52099609375 0.6640625 0.5166015625 0.6579861111111112 0.509765625 0.6597222222222222
0 0.37255859375 0.890625 0.37158203125 0.8984375 0.373046875 0.9019097222222222 0.3759765625 0.9019097222222222 0.3779296875 0.8949652777777778 0.3759765625 0.890625 0.37255859375 0.890625
0 0.70654296875 0.6814236111111112 0.7060546875 0.6892361111111112 0.70849609375 0.6970486111111112 0.71630859375 0.6979166666666666 0.7197265625 0.6935763888888888 0.720703125 0.6848958333333334 0.71728515625 0.6744791666666666 0.7119140625 0.6727430555555556 0.70654296875 0.6814236111111112