0 0.8046875 0.28125 0.8015625 0.29375 0.8046875 0.3015625 0.8125 0.3015625 0.815625 0.2921875 0.8046875 0.28125
0 0.8796875 0.1390625 0.88125 0.153125 0.8796875 0.1390625
0 0.6109375 0.375 0.6109375 0.396875 0.6171875 0.3984375 0.6171875 0.375 0.6109375 0.375
0 0.5625 0.696875 0.5625 0.70625 0.575 0.70625 0.5734375 0.6984375 0.5625 0.696875
0 0.7640625 0.75 0.7703125 0.7578125 0.7625 0.76015625 0.7625 0.76875 0.76875 0.76875 0.7734375 0.7546875 0.76875 0.7484375 0.7640625 0.75
0 0.65625 0.2125 0.65625 0.25 0.665625 0.259375 0.671875 0.2203125 0.6609375 0.2109375 0.65625 0.2125
0 0.2796875 0.3046875 0.275 0.30625 0.275 0.3125 0.2859375 0.31875 0.2859375 0.30625 0.2796875 0.3046875
0 0.6546875 0.5890625 0.6484375 0.5890625 0.6484375 0.6109375 0.65625 0.6046875 0.6546875 0.5890625
0 0.4125 0.1125 0.4078125 0.1234375 0.4140625 0.1375 0.4171875 0.115625 0.4125 0.1125
0 0.5671875 0.75625 0.5671875 0.76875 0.578125 0.775 0.5796875 0.7609375 0.575 0.7546875 0.5671875 0.75625
0 0.60625 0.8375 0.6046875 0.840625 0.6125 0.8453125 0.6046875 0.8546875 0.609375 0.85625 0.6140625 0.84375 0.6078125 0.8375 0.6140625 0.8359375 0.6125 0.83125 0.60625 0.8375
0 0.6296875 0.26875 0.6234375 0.275 0.625 0.2859375 0.6359375 0.28125 0.6296875 0.26875
0 0.6578125 0.2140625 0.65625 0.2265625 0.6671875 0.23125 0.6671875 0.21875 0.6625 0.2125 0.6578125 0.2140625
0 0.715625 0.2484375 0.7140625 0.2609375 0.725 0.2609375 0.725 0.2515625 0.715625 0.2484375
0 0.7296875 0.0421875 0.728125 0.053125 0.7359375 0.0546875 0.7375 0.0421875 0.7296875 0.0421875
0 0.503125 0.9328125 0.4984375 0.9375 0.5 0.95625 0.50625 0.95625 0.503125 0.9328125
0 0.7546875 0.45625 0.753125 0.46875 0.759375 0.4734375 0.7609375 0.45625 0.7546875 0.45625