0 0.8390625 0.10625 0.8375 0.115625 0.846875 0.125 0.8484375 0.1109375 0.8390625 0.10625
0 0.5609375 0.596875 0.5578125 0.60625 0.5671875 0.609375 0.56875 0.5984375 0.5609375 0.596875
0 0.7703125 0.0890625 0.76875 0.1015625 0.7765625 0.1046875 0.78125 0.096875 0.7703125 0.0890625
0 0.571875 0.209375 0.56875 0.2125 0.5765625 0.2203125 0.56875 0.221875 0.56875 0.23125 0.5734375 0.23125 0.5796875 0.21875 0.5796875 0.2125 0.571875 0.209375
0 0.9515625 0.7671875 0.95 0.7875 0.95625 0.790625 0.9578125 0.7765625 0.9515625 0.7671875
0 0.9109375 0.5796875 0.9109375 0.59375 0.91875 0.59375 0.921875 0.58125 0.9171875 0.5765625 0.9109375 0.5796875
0 0.5515625 0.1734375 0.54375 0.18125 0.5484375 0.1921875 0.5578125 0.184375 0.5578125 0.175 0.5515625 0.1734375
0 0.7078125 0.3953125 0.70625 0.4140625 0.7140625 0.4171875 0.7140625 0.3984375 0.7078125 0.3953125
0 0.8890625 0.31875 0.89375 0.33125 0.9046875 0.3265625 0.9 0.3171875 0.8890625 0.31875
0 0.7140625 0.7296875 0.7125 0.7328125 0.721875 0.7375 0.7125 0.74375 0.71875 0.7453125 0.725 0.725 0.7140625 0.7296875
0 0.45 0.8171875 0.4484375 0.84375 0.45625 0.846875 0.45625 0.81875 0.45 0.8171875
0 0.853125 0.6765625 0.85 0.6875 0.8546875 0.6875 0.853125 0.6765625