0 0.853125 0.15625 0.85 0.1640625 0.8609375 0.171875 0.8640625 0.1609375 0.853125 0.15625
0 0.59375 0.9234375 0.5921875 0.9296875 0.60625 0.9359375 0.60625 0.9265625 0.59375 0.9234375
0 0.728125 0.625 0.725 0.659375 0.73125 0.671875 0.7375 0.6734375 0.7421875 0.6671875 0.7421875 0.628125 0.7375 0.6234375 0.728125 0.625
0 0.7640625 0.24375 0.7625 0.25 0.7703125 0.2546875 0.7625 0.2609375 0.76875 0.2640625 0.7734375 0.24375 0.7640625 0.24375
0 0.7875 0.48125 0.7859375 0.503125 0.790625 0.5109375 0.796875 0.50625 0.796875 0.4890625 0.7875 0.48125
0 0.675 0.6046875 0.66875 0.6046875 0.66875 0.6140625 0.6796875 0.6203125 0.68125 0.6140625 0.675 0.6046875
0 0.83125 0 0.81875 0 0.8265625 0.009375 0.81875 0.0140625 0.8234375 0.0171875 0.83125 0
0 0.0609375 0.8859375 0.0546875 0.8859375 0.05625 0.89375 0.0625 0.89375 0.0609375 0.8859375
0 0.575 0.54375 0.5828125 0.553125 0.5734375 0.55625 0.575 0.5609375 0.5828125 0.565625 0.5859375 0.55625 0.5796875 0.54375 0.575 0.54375
0 0.6453125 0.8359375 0.6453125 0.8484375 0.6546875 0.85 0.6546875 0.8328125 0.6453125 0.8359375
0 0.65 0.0515625 0.6484375 0.05625 0.6578125 0.0625 0.6484375 0.06875 0.6546875 0.0703125 0.659375 0.0625 0.65 0.0546875 0.659375 0.05 0.65 0.0515625
0 0.64375 0.36875 0.6421875 0.3859375 0.646875 0.3875 0.65 0.36875 0.64375 0.36875
0 0.4890625 0.6921875 0.4921875 0.696875 0.4875 0.703125 0.49375 0.7078125 0.4890625 0.6921875
0 0.85 0.084375 0.85 0.10625 0.8609375 0.10625 0.859375 0.0875 0.85 0.084375
0 0.7859375 0.4625 0.7875 0.4796875 0.796875 0.4796875 0.796875 0.4671875 0.7859375 0.4625
0 0.7640625 0.6046875 0.7640625 0.6171875 0.7734375 0.6171875 0.7765625 0.60625 0.7640625 0.6046875
0 0.7296875 0.6484375 0.7296875 0.6671875 0.7375 0.6734375 0.7421875 0.6625 0.7296875 0.6484375
0 0.7859375 0.4625 0.7859375 0.5046875 0.790625 0.5109375 0.796875 0.5046875 0.796875 0.4796875 0.7875 0.478125 0.7859375 0.4703125 0.796875 0.4671875 0.7859375 0.4625