0 0.6546875 0.4265625 0.6515625 0.4375 0.6625 0.4375 0.65625 0.4265625 0.6625 0.425 0.6609375 0.421875 0.6546875 0.4265625
0 0.5546875 0.3453125 0.55 0.3625 0.5546875 0.375 0.5609375 0.375 0.5625 0.3546875 0.5546875 0.3453125
0 0.9359375 0.8390625 0.9328125 0.846875 0.946875 0.859375 0.9484375 0.8484375 0.9421875 0.8390625 0.9359375 0.8390625
0 0.9359375 0.6734375 0.9328125 0.68125 0.94375 0.6921875 0.946875 0.6828125 0.9359375 0.6734375
0 0.4375 0.4359375 0.4375 0.446875 0.44375 0.4484375 0.446875 0.44375 0.4375 0.4359375
0 0.5546875 0.4296875 0.55 0.4421875 0.55625 0.446875 0.5625 0.434375 0.5609375 0.4296875 0.5546875 0.4296875
0 0.6625 0.6296875 0.6609375 0.64375 0.6671875 0.6484375 0.6734375 0.64375 0.6734375 0.63125 0.6625 0.6296875
0 0.2265625 0.85 0.225 0.890625 0.2359375 0.9125 0.25 0.9125 0.26875 0.878125 0.275 0.8234375 0.2640625 0.821875 0.2546875 0.8046875 0.24375 0.796875 0.2359375 0.8078125 0.2265625 0.85
0 0.45625 0.2546875 0.4484375 0.2546875 0.4484375 0.26875 0.4546875 0.26875 0.4609375 0.2609375 0.45625 0.2546875
0 0.39375 0.184375 0.3953125 0.209375 0.4 0.2046875 0.4 0.184375 0.39375 0.184375
0 0.4484375 0.51875 0.44375 0.51875 0.44375 0.5296875 0.45 0.5375 0.4484375 0.51875
0 0.9875 0.8671875 0.9796875 0.8671875 0.9796875 0.8859375 0.984375 0.8921875 0.9890625 0.8890625 0.9875 0.8671875
0 0.75 0.4984375 0.7453125 0.5046875 0.7546875 0.5125 0.7484375 0.50625 0.75625 0.4984375 0.75 0.4984375
0 0.7703125 0.715625 0.76875 0.7296875 0.775 0.73125 0.78125 0.7234375 0.78125 0.7140625 0.7734375 0.7109375 0.7703125 0.715625
0 0.521875 0.5328125 0.5203125 0.55 0.5296875 0.5421875 0.525 0.53125 0.521875 0.5328125
0 0.5203125 0.290625 0.51875 0.3 0.5296875 0.3109375 0.5234375 0.3046875 0.53125 0.2984375 0.5296875 0.29375 0.5203125 0.290625
0 0.8359375 0.7734375 0.8328125 0.7796875 0.8375 0.7890625 0.84375 0.790625 0.8359375 0.78125 0.84375 0.7796875 0.8421875 0.775 0.8359375 0.7734375
0 0.8328125 0.56875 0.83125 0.5859375 0.8375 0.5875 0.8421875 0.575 0.8390625 0.56875 0.8328125 0.56875