0 0.7453125 0.3890625 0.7453125 0.4046875 0.7515625 0.40625 0.75625 0.4 0.7453125 0.3921875 0.75625 0.3875 0.7453125 0.3890625
0 0.4640625 0.5359375 0.4625 0.5421875 0.46875 0.5484375 0.4734375 0.5375 0.4640625 0.5359375
0 0.5984375 0.4328125 0.596875 0.4421875 0.603125 0.4484375 0.609375 0.434375 0.6046875 0.4265625 0.5984375 0.4328125
0 0.0921875 0.7640625 0.0890625 0.76875 0.096875 0.7734375 0.1015625 0.759375 0.0921875 0.7640625
0 0.86875 0.6078125 0.8703125 0.61875 0.88125 0.6140625 0.8796875 0.6046875 0.86875 0.6078125
0 0.2265625 0.6484375 0.225 0.6609375 0.23125 0.665625 0.2359375 0.6484375 0.2265625 0.6484375
0 0.81875 0.7859375 0.8171875 0.8 0.8234375 0.8046875 0.8265625 0.796875 0.8234375 0.7859375 0.81875 0.7859375
0 0.3234375 0.5484375 0.3171875 0.55 0.3171875 0.5609375 0.325 0.5671875 0.3296875 0.55625 0.3234375 0.5484375
0 0.4296875 0.3375 0.425 0.3375 0.425 0.353125 0.434375 0.35625 0.4359375 0.34375 0.4296875 0.3375
0 0.2046875 0.4296875 0.2015625 0.44375 0.2125 0.446875 0.2125 0.434375 0.2046875 0.4296875
0 0.6984375 0.53125 0.696875 0.5375 0.7046875 0.5390625 0.696875 0.55 0.7 0.5515625 0.70625 0.5375 0.7046875 0.53125 0.6984375 0.53125
0 0.884375 0.3640625 0.878125 0.3640625 0.88125 0.3875 0.8875 0.3859375 0.8796875 0.378125 0.8796875 0.3703125 0.8875 0.371875 0.884375 0.3640625
0 0.7421875 0.63125 0.73125 0.63125 0.7375 0.6484375 0.74375 0.64375 0.7421875 0.63125
0 0.3640625 0.3 0.3640625 0.3125 0.3703125 0.3140625 0.375 0.3 0.3640625 0.3
0 0.0953125 0.2578125 0.09375 0.26875 0.1 0.2796875 0.1046875 0.2796875 0.096875 0.2703125 0.10625 0.26875 0.1046875 0.2640625 0.1 0.25625 0.0953125 0.2578125
0 0.625 0.359375 0.6203125 0.3640625 0.6296875 0.3765625 0.634375 0.3734375 0.634375 0.3640625 0.625 0.359375
0 0.8078125 0.56875 0.8078125 0.58125 0.81875 0.58125 0.81875 0.56875 0.8078125 0.56875