0 0.34375 0.7 0.3328125 0.71875 0.3328125 0.728125 0.340625 0.7359375 0.3546875 0.7140625 0.3546875 0.6984375 0.34375 0.7
0 0.05625 0.3015625 0.05625 0.3234375 0.065625 0.3265625 0.0671875 0.3125 0.0609375 0.3 0.05625 0.3015625
0 0.5421875 0.9171875 0.540625 0.9359375 0.5484375 0.9375 0.55625 0.9171875 0.5515625 0.9015625 0.5421875 0.9171875
0 0.1296875 0.384375 0.125 0.384375 0.125 0.4234375 0.1296875 0.4234375 0.13125 0.4171875 0.1296875 0.384375
0 0.1921875 0.359375 0.1890625 0.3609375 0.1953125 0.365625 0.1890625 0.37109375 0.1890625 0.38125 0.1921875 0.3921875 0.1984375 0.3953125 0.2 0.3765625 0.1921875 0.359375
0 0.2796875 0.88125 0.275 0.9046875 0.28125 0.9046875 0.2984375 0.8859375 0.29375 0.875 0.2796875 0.88125
0 0.259375 0.4875 0.25625 0.5203125 0.2609375 0.5296875 0.2640625 0.496875 0.259375 0.4875
0 0.3296875 0.165625 0.3328125 0.1875 0.3265625 0.2 0.3328125 0.209375 0.3421875 0.2 0.3484375 0.2 0.3546875 0.209375 0.3484375 0.1828125 0.35625 0.1609375 0.3484375 0.16875 0.3296875 0.165625
0 0.4125 0.7078125 0.4109375 0.74375 0.4171875 0.74375 0.4171875 0.7171875 0.4125 0.7078125
0 0.20625 0.5015625 0.2046875 0.51875 0.209375 0.51875 0.2125 0.5 0.20625 0.5015625
0 0.3421875 0.625 0.340625 0.6421875 0.3453125 0.64375 0.3484375 0.6421875 0.3421875 0.634375 0.3484375 0.628125 0.3421875 0.625
0 0.053125 0.209375 0.05 0.2234375 0.0703125 0.2359375 0.0625 0.2171875 0.053125 0.209375
0 0.4375 0.8546875 0.4375 0.871875 0.44375 0.8734375 0.446875 0.8625 0.4375 0.8546875
0 0.21875 0.4171875 0.2125 0.4171875 0.2125 0.4265625 0.2234375 0.4453125 0.2296875 0.446875 0.21875 0.4171875
0 0.259375 0.9609375 0.25625 0.971875 0.2671875 0.9875 0.2671875 0.9984375 0.278125 0.9984375 0.26875 0.9640625 0.259375 0.9609375