0 0.8046875 0.1953125 0.8 0.2 0.8046875 0.2171875 0.8109375 0.2125 0.8109375 0.2 0.8046875 0.1953125
0 0.5125 0.425 0.5109375 0.434375 0.51875 0.4375 0.5234375 0.43125 0.5125 0.425
0 0.83125 0.6359375 0.8296875 0.6484375 0.834375 0.65 0.8390625 0.6359375 0.83125 0.6359375
0 0.7640625 0.028125 0.7640625 0.0359375 0.775 0.0375 0.78125 0.0296875 0.78125 0.0203125 0.7734375 0.0203125 0.7640625 0.028125
0 0.340625 0.2453125 0.3375 0.2546875 0.34375 0.2640625 0.340625 0.25 0.3453125 0.2484375 0.340625 0.2453125
0 0.3625 0.5734375 0.3640625 0.5890625 0.371875 0.58125 0.3640625 0.571875 0.371875 0.5671875 0.3625 0.5734375
0 0.45 0.0421875 0.4421875 0.0421875 0.44375 0.0546875 0.45 0.0546875 0.45 0.0421875
0 0.76875 0.7046875 0.7671875 0.709375 0.7734375 0.715625 0.7671875 0.721875 0.7734375 0.7234375 0.775 0.70625 0.7703125 0.7015625 0.76875 0.7046875
0 0.5875 0.1578125 0.5828125 0.16875 0.5859375 0.1796875 0.59375 0.1734375 0.5859375 0.1671875 0.59375 0.16484375 0.59375 0.15625 0.5875 0.1578125
0 0.340625 0.2453125 0.3375 0.25625 0.34375 0.278125 0.3484375 0.2671875 0.34375 0.24375 0.340625 0.2453125
0 0.796875 0.425 0.79375 0.4359375 0.80625 0.4375 0.8046875 0.425 0.796875 0.425