0 0.40625 0.8859375 0.4046875 0.890625 0.4109375 0.8953125 0.4046875 0.8984375 0.4109375 0.9 0.4109375 0.8859375 0.40625 0.8859375
0 0.734375 0.2546875 0.73125 0.2625 0.7375 0.275 0.7484375 0.2734375 0.75 0.2625 0.74375 0.2515625 0.734375 0.2546875
0 0.7796875 0.603125 0.7734375 0.603125 0.775 0.61875 0.7859375 0.6171875 0.7796875 0.603125
0 0.0546875 0.68125 0.05 0.68125 0.05 0.696875 0.059375 0.7 0.0625 0.6875 0.0546875 0.68125
0 0.2375 0.0578125 0.2375 0.075 0.246875 0.0796875 0.2484375 0.06875 0.2421875 0.0578125 0.2375 0.0578125
0 0.275 0.353125 0.2734375 0.3703125 0.278125 0.371875 0.28125 0.359375 0.275 0.353125
0 0.3015625 0.8921875 0.3 0.9015625 0.3109375 0.90625 0.3125 0.89375 0.3015625 0.8921875
0 0.0703125 0.8078125 0.06875 0.8203125 0.078125 0.825 0.0796875 0.8109375 0.0765625 0.80625 0.0703125 0.8078125
0 0.49375 0.3546875 0.4921875 0.36875 0.4984375 0.36875 0.4984375 0.3546875 0.49375 0.3546875
0 0.3875 0.546875 0.39375 0.5546875 0.3859375 0.5609375 0.3953125 0.5671875 0.39375 0.55 0.3875 0.546875
0 0.19375 0.8125 0.1875 0.8125 0.1890625 0.8328125 0.19375 0.83125 0.19375 0.8125
0 0.675 0.4703125 0.671875 0.478125 0.6765625 0.4921875 0.68125 0.4796875 0.675 0.4703125
0 0.0703125 0.0921875 0.06875 0.1109375 0.075 0.1125 0.084375 0.1046875 0.0859375 0.09375 0.084375 0.0890625 0.0703125 0.0921875
0 0.4171875 0.1203125 0.4125 0.1296875 0.4234375 0.1328125 0.4234375 0.125 0.4171875 0.1203125
0 0.6765625 0.8125 0.675 0.825 0.6796875 0.8265625 0.6859375 0.8125 0.68125 0.8078125 0.6765625 0.8125
0 0.5453125 0.6296875 0.54375 0.6421875 0.5546875 0.64375 0.5546875 0.63125 0.5453125 0.6296875
0 0.6484375 0.9109375 0.6484375 0.925 0.6546875 0.925 0.659375 0.9171875 0.6484375 0.9109375
0 0.7046875 0.4484375 0.6984375 0.4484375 0.7 0.46875 0.7046875 0.4671875 0.7046875 0.4484375
0 0.5375 0.9296875 0.5359375 0.9484375 0.540625 0.9484375 0.5375 0.9359375 0.5421875 0.9296875 0.5375 0.9296875