0 0.6875 0.0515625 0.6859375 0.065625 0.6921875 0.0703125 0.7 0.0609375 0.7 0.05 0.69375 0.04375 0.6875 0.0515625
0 0.4609375 0.1859375 0.45625 0.2015625 0.465625 0.2046875 0.46875 0.1875 0.4609375 0.1859375
0 0.6375 0.0390625 0.6375 0.05 0.6515625 0.0484375 0.6515625 0.0375 0.6375 0.0390625
0 0.1546875 0.040625 0.15 0.0421875 0.15 0.05 0.15625 0.0625 0.1609375 0.05625 0.153125 0.0515625 0.1609375 0.0421875 0.1546875 0.040625
0 0.003125 0.10625 0 0.1234375 0.00625 0.1203125 0.003125 0.10625
0 0.0765625 0.1421875 0.075 0.1578125 0.0875 0.1578125 0.0875 0.14375 0.0765625 0.1421875
0 0.5265625 0 0.525 0.0125 0.534375 0.0125 0.5359375 0 0.5265625 0
0 0.35625 0.1734375 0.35625 0.184375 0.3671875 0.1875 0.36875 0.175 0.3625 0.16875 0.35625 0.1734375
0 0.1296875 0.1125 0.125 0.11875 0.125 0.1375 0.13125 0.1421875 0.1421875 0.125 0.1421875 0.1171875 0.1375 0.1109375 0.1296875 0.1125
0 0.246875 0.14375 0.24375 0.15625 0.25 0.16875 0.2546875 0.16875 0.2546875 0.153125 0.246875 0.14375
0 0.6875 0.1265625 0.6828125 0.1375 0.6953125 0.1390625 0.696875 0.13125 0.6875 0.1265625
0 0.0375 0.4421875 0.0359375 0.47265625 0.040625 0.4765625 0.0359375 0.4828125 0.040625 0.4859375 0.0375 0.4984375 0.0421875 0.5 0.0375 0.4421875
0 0.45625 0 0.4484375 0 0.4484375 0.0109375 0.4546875 0.0109375 0.45625 0
0 0.6671875 0.2125 0.6625 0.21875 0.6671875 0.2296875 0.671875 0.2296875 0.6765625 0.2125 0.6671875 0.2125
0 0.5859375 0.1921875 0.5828125 0.2015625 0.5859375 0.20625 0.5953125 0.20625 0.596875 0.1921875 0.5859375 0.1921875