0 0.2703125 0.9 0.26875 0.9109375 0.2796875 0.9125 0.28125 0.8984375 0.2703125 0.9
0 0.15625 0.4296875 0.15625 0.4421875 0.1625 0.4484375 0.1671875 0.446875 0.16875 0.4375 0.15625 0.4296875
0 0.3875 0.346875 0.3859375 0.3578125 0.3921875 0.3609375 0.39375 0.34375 0.3875 0.346875
0 0.0375 0.6046875 0.0359375 0.6265625 0.0421875 0.628125 0.04375 0.609375 0.0375 0.6046875
0 0.1328125 0.89375 0.1296875 0.909375 0.1421875 0.9125 0.14375 0.9015625 0.1328125 0.89375
0 0.2796875 0.159375 0.28125 0.1875 0.2859375 0.184375 0.2859375 0.1609375 0.2796875 0.159375
0 0.359375 0.04375 0.35625 0.05625 0.3640625 0.0671875 0.36875 0.0625 0.359375 0.0578125 0.36875 0.0484375 0.359375 0.04375
0 0.1546875 0.59375 0.153125 0.6046875 0.159375 0.60625 0.1671875 0.596875 0.1671875 0.5890625 0.1609375 0.5859375 0.1546875 0.59375
0 0.2546875 0.3875 0.2515625 0.4 0.2609375 0.4015625 0.2515625 0.4109375 0.25625 0.4125 0.2625 0.4 0.2546875 0.3984375 0.2625 0.3890625 0.2546875 0.3875
0 0.1484375 0.4890625 0.146875 0.5109375 0.153125 0.5171875 0.15625 0.4921875 0.153125 0.4875 0.1484375 0.4890625
0 0.484375 0.21875 0.478125 0.21875 0.48125 0.240625 0.4859375 0.2359375 0.484375 0.21875
0 0.31875 0.075 0.3140625 0.0859375 0.3234375 0.0921875 0.3265625 0.0796875 0.31875 0.075
0 0.325 0.6265625 0.31875 0.6359375 0.3234375 0.6453125 0.33125 0.6421875 0.3328125 0.63125 0.33125 0.625 0.325 0.6265625
0 0.05 0.05 0.0421875 0.0578125 0.0421875 0.075 0.04375 0.0796875 0.0578125 0.084375 0.0671875 0.0765625 0.0671875 0.0703125 0.0625 0.05625 0.05 0.05
0 0.403125 0.1171875 0.4 0.1265625 0.4109375 0.1328125 0.4125 0.1265625 0.4078125 0.1171875 0.403125 0.1171875
0 0.3546875 0.0453125 0.35 0.0765625 0.353125 0.084375 0.3609375 0.0875 0.371875 0.065625 0.371875 0.0515625 0.3640625 0.040625 0.3546875 0.0453125