0 0.3265625 0.6734375 0.33125 0.6859375 0.3421875 0.684375 0.3421875 0.6734375 0.3265625 0.6734375
0 0.4875 0.6578125 0.48125 0.6765625 0.4859375 0.68125 0.496875 0.6671875 0.5 0.65 0.49375 0.6484375 0.4875 0.6578125
0 0.0046875 0.58125 0 0.5859375 0 0.596875 0.0125 0.59375 0.01875 0.5859375 0.01875 0.5796875 0.0046875 0.58125
0 0.084375 0.525 0.0796875 0.54140625 0.0875 0.5421875 0.0796875 0.55 0.084375 0.55 0.0921875 0.5375 0.09375 0.51875 0.084375 0.525
0 0.79375 0.8046875 0.7921875 0.8171875 0.8109375 0.8234375 0.8125 0.80625 0.79375 0.8046875
0 0.1890625 0.853125 0.1875 0.8671875 0.1921875 0.8734375 0.1984375 0.8359375 0.1921875 0.8359375 0.1890625 0.853125
0 0.18125 0.66875 0.1796875 0.6953125 0.1875 0.6953125 0.18125 0.7046875 0.1875 0.7109375 0.1890625 0.6828125 0.18125 0.66875
0 0.509375 0.8515625 0.50625 0.88125 0.515625 0.8875 0.51875 0.8625 0.5140625 0.85 0.509375 0.8515625
0 0.06875 0.80625 0.0625 0.81875 0.0671875 0.8265625 0.075 0.8234375 0.084375 0.8 0.075 0.7984375 0.06875 0.80625
0 0.2375 0.525 0.2359375 0.55 0.240625 0.55 0.24375 0.5234375 0.2375 0.525
0 0.6828125 0.6921875 0.68125 0.7046875 0.7 0.721875 0.7046875 0.7125 0.6828125 0.6921875
0 0.6046875 0.6984375 0.6 0.7171875 0.60625 0.721875 0.6171875 0.70625 0.6203125 0.6875 0.6125 0.6875 0.6046875 0.6984375
0 0.1421875 0.5671875 0.1390625 0.58125 0.146875 0.58125 0.15625 0.55 0.1421875 0.5671875
0 0.2546875 0.3796875 0.25 0.38125 0.25625 0.3890625 0.25 0.3895828125 0.2515625 0.4078125 0.25625 0.40625 0.259375 0.3859375 0.2546875 0.3796875