0 0.7421875 0.421875 0.7375 0.4265625 0.7375 0.4421875 0.74375 0.4421875 0.7484375 0.43125 0.7421875 0.421875
0 0.6 0.40625 0.5984375 0.4171875 0.6109375 0.4171875 0.6109375 0.4078125 0.6 0.40625
0 0.540625 0.496875 0.5375 0.4984375 0.54375 0.503125 0.5375 0.5109375 0.54375 0.5125 0.546875 0.50625 0.540625 0.496875
0 0.55625 0.4375 0.5546875 0.4484375 0.5625 0.4515625 0.56875 0.44375 0.56875 0.43125 0.55625 0.4375
0 0.06875 0.5265625 0.06875 0.5421875 0.075 0.5421875 0.0796875 0.5234375 0.06875 0.5265625
0 0.26875 0.39375 0.2671875 0.4046875 0.271875 0.4078125 0.278125 0.39375 0.275 0.3890625 0.26875 0.39375
0 0.0875 0.38125 0.0859375 0.3984375 0.096875 0.3890625 0.09375 0.38125 0.0875 0.38125
0 0.2859375 0.5578125 0.28125 0.5625 0.290625 0.5671875 0.28125 0.5734375 0.290625 0.58125 0.2828125 0.575 0.2921875 0.56875 0.2859375 0.5578125
0 0.54375 0.6125 0.5375 0.6125 0.5375 0.61875 0.5421875 0.6296875 0.546875 0.6296875 0.54375 0.6125
0 0.1125 0.534375 0.109375 0.5421875 0.1171875 0.5484375 0.1234375 0.5375 0.1171875 0.53125 0.1125 0.534375
0 0.4625 0.4109375 0.45625 0.4109375 0.465625 0.4203125 0.45625 0.425 0.4625 0.43125 0.4671875 0.425 0.4625 0.4109375
0 0.15625 0.39375 0.1546875 0.4078125 0.1625 0.4109375 0.1671875 0.3984375 0.15625 0.39375
0 0.2203125 0.5625 0.2125 0.5625 0.2125 0.5734375 0.2234375 0.56875 0.2203125 0.5625
0 0.675 0.4359375 0.6765625 0.4484375 0.6796875 0.4390625 0.675 0.4359375
0 0.075 0.45625 0.06875 0.4625 0.0703125 0.46875 0.0796875 0.4671875 0.0796875 0.45625 0.075 0.45625
0 0.359375 0.4 0.35625 0.4109375 0.3671875 0.4109375 0.36875 0.4 0.359375 0.4
0 0.3953125 0.5765625 0.3953125 0.5984375 0.40625 0.596875 0.40625 0.5796875 0.3953125 0.5765625
0 0.6125 0.6640625 0.60625 0.6796875 0.6125 0.6796875 0.6171875 0.671875 0.6125 0.6640625
0 0.64375 0.6 0.6359375 0.6 0.6375 0.6125 0.64375 0.6125 0.64375 0.6