0 0.453125 0.1 0.45 0.1171875 0.45625 0.1203125 0.4578125 0.10625 0.453125 0.1
0 0.290625 0.753125 0.2875 0.76875 0.296875 0.7734375 0.3 0.7625 0.290625 0.753125
0 0.38125 0.259375 0.3796875 0.2796875 0.3890625 0.28125 0.3921875 0.2703125 0.38125 0.259375
0 0.39375 0.3234375 0.3859375 0.3234375 0.3875 0.3359375 0.39375 0.3375 0.3984375 0.3328125 0.39375 0.3234375
0 0.1984375 0.0078125 0.1921875 0.0140625 0.1953125 0.0296875 0.2046875 0.025 0.2046875 0.0125 0.1984375 0.0078125
0 0.15625 0.6796875 0.1546875 0.684375 0.1609375 0.6859375 0.1625 0.6921875 0.1546875 0.69375 0.1625 0.7015625 0.1609375 0.68125 0.15625 0.6796875
0 0.21875 0.915625 0.21875 0.93125 0.225 0.93125 0.2265625 0.9171875 0.21875 0.915625
0 0.3203125 0.7109375 0.3171875 0.721875 0.3296875 0.7234375 0.33125 0.7109375 0.3203125 0.7109375
0 0.2078125 0.2546875 0.2046875 0.275 0.2125 0.2734375 0.2125 0.2546875 0.2078125 0.2546875
0 0.3109375 0.4046875 0.30625 0.40625 0.309375 0.4296875 0.3140625 0.4234375 0.3109375 0.4046875
0 0.0921875 0.8171875 0.0875 0.8171875 0.0890625 0.8296875 0.09375 0.8296875 0.0921875 0.8171875
0 0.234375 0.725 0.23125 0.7296875 0.2421875 0.7390625 0.234375 0.73125 0.24375 0.725 0.234375 0.725
0 0.178125 0.9921875 0.175 0.9984375 0.1875 0.9984375 0.184375 0.9921875 0.178125 0.9921875
0 0.3546875 0.1859375 0.35 0.20625 0.35625 0.209375 0.3609375 0.2015625 0.353125 0.19375 0.3609375 0.1921875 0.3546875 0.1859375
0 0.3421875 0.6046875 0.3375 0.609375 0.340625 0.63125 0.3421875 0.6046875
0 0.209375 0.525 0.2046875 0.5296875 0.2125 0.5296875 0.2140625 0.5375 0.20625 0.54375 0.2125 0.54375 0.215625 0.5375 0.209375 0.525
0 0.178125 0.9921875 0.175 0.9984375 0.1875 0.9984375 0.184375 0.9921875 0.178125 0.9921875