0 0.7765625 0.6640625 0.7796875 0.6734375 0.7875 0.6734375 0.7859375 0.6609375 0.7765625 0.6640625
0 0.8671875 0.8078125 0.8640625 0.8265625 0.8703125 0.8296875 0.8734375 0.815625 0.8671875 0.8078125
0 0.8625 0.61875 0.8609375 0.6296875 0.8703125 0.634375 0.8703125 0.6234375 0.8625 0.61875
0 0.3125 0.375 0.30625 0.375 0.30625 0.3859375 0.3171875 0.3859375 0.3125 0.375
0 0.30625 0.43125 0.3015625 0.4421875 0.3109375 0.4390625 0.30625 0.43125
0 0.73125 0.4734375 0.7296875 0.484375 0.7359375 0.4875 0.7421875 0.475 0.7375 0.4703125 0.73125 0.4734375
0 0.7140625 0.675 0.7140625 0.6984375 0.721875 0.7109375 0.7296875 0.7140625 0.7359375 0.7078125 0.7296875 0.675 0.7140625 0.675
0 0.3015625 0.4 0.3 0.4125 0.30625 0.415625 0.309375 0.40625 0.3015625 0.4
0 0.3 0.4125 0.296875 0.425 0.30625 0.43125 0.3125 0.421875 0.30625 0.4125 0.3 0.4125
0 0.30625 0.4515625 0.3046875 0.4640625 0.3109375 0.465625 0.3125 0.45625 0.30625 0.4515625
0 0.8859375 0.4359375 0.88125 0.4375 0.8875 0.44375 0.8859375 0.4359375
0 0.7171875 0.6765625 0.7140625 0.6875 0.725 0.6921875 0.725 0.6796875 0.7171875 0.6765625
0 0.71875 0.8484375 0.71875 0.8671875 0.725 0.8734375 0.728125 0.8625 0.725 0.85 0.71875 0.8484375
0 0.70625 0.7453125 0.6984375 0.75625 0.7 0.7625 0.7109375 0.75625 0.7109375 0.7453125 0.70625 0.7453125
0 0.74375 0.3703125 0.7421875 0.3796875 0.75 0.3796875 0.75625 0.3734375 0.7546875 0.3671875 0.74375 0.3703125