0 0.50625 0 0.5 0 0.5 0.0140625 0.50625 0.0109375 0.50625 0
0 0.3765625 0.4578125 0.375 0.4671875 0.3859375 0.4671875 0.3859375 0.4546875 0.3765625 0.4578125
0 0.55625 0.9703125 0.5546875 0.9875 0.559375 0.9875 0.5625 0.98125 0.55625 0.9734375 0.5625 0.971875 0.55625 0.9703125
0 0.346875 0.565625 0.3375 0.565625 0.3375 0.571875 0.3484375 0.575 0.346875 0.565625
0 0.3765625 0.0234375 0.3828125 0.03125 0.375 0.0375 0.3796875 0.040625 0.384375 0.0296875 0.3765625 0.0234375
0 0.3578125 0.8796875 0.3546875 0.8875 0.3625 0.89375 0.3671875 0.88125 0.3578125 0.8796875
0 0.5140625 0.4625 0.509375 0.4625 0.5109375 0.4796875 0.51875 0.478125 0.5140625 0.4625
0 0.3421875 0.1203125 0.3375 0.1203125 0.340625 0.1375 0.3421875 0.1203125
0 0.2515625 0.6140625 0.25 0.6234375 0.2546875 0.628125 0.2609375 0.625 0.2640625 0.6140625 0.2515625 0.6140625
0 0.446875 0.95 0.44375 0.9671875 0.4484375 0.96875 0.446875 0.95
0 0.4765625 0.2734375 0.4734375 0.2875 0.484375 0.28125 0.484375 0.2703125 0.4765625 0.2734375
0 0.5484375 0.74375 0.5484375 0.7578125 0.553125 0.7625 0.5546875 0.7453125 0.5484375 0.74375