0 0.78125 0.50625 0.7765625 0.509375 0.7765625 0.51875 0.790625 0.5390625 0.7984375 0.540625 0.8 0.51875 0.78125 0.50625
0 0.41875 0.6796875 0.4109375 0.6875 0.4125 0.6984375 0.43125 0.684375 0.43125 0.6765625 0.41875 0.6796875
0 0.534375 0.534375 0.53125 0.5421875 0.5421875 0.5625 0.546875 0.5625 0.5421875 0.5375 0.534375 0.534375
0 0.40625 0.5859375 0.40625 0.6 0.4125 0.609375 0.415625 0.596875 0.40625 0.5859375
0 0.75 0.625 0.7421875 0.63125 0.7453125 0.6421875 0.7609375 0.6359375 0.7671875 0.625 0.7609375 0.6203125 0.75 0.625
0 0.978125 0.7328125 0.975 0.7390625 0.9859375 0.74375 0.984375 0.73125 0.978125 0.7328125
0 0.0078125 0.7625 0.00625 0.796875 0.0140625 0.8046875 0.01875 0.8015625 0.0203125 0.76875 0.0140625 0.75625 0.0078125 0.7625
0 0.2375 0.6390625 0.23125 0.6390625 0.23125 0.65625 0.2359375 0.6765625 0.240625 0.6796875 0.24375 0.6625 0.2375 0.6390625
0 0.1390625 0.753125 0.1359375 0.7640625 0.1421875 0.7671875 0.146875 0.7546875 0.1390625 0.753125
0 0.0578125 0.6875 0.05625 0.696875 0.06875 0.7140625 0.0734375 0.7125 0.0734375 0.7 0.0609375 0.7 0.0578125 0.6875
0 0.5625 0.6125 0.55 0.625 0.5515625 0.6390625 0.56875 0.625 0.56875 0.6125 0.5625 0.6125
0 0.6140625 0.5375 0.6125 0.55625 0.6171875 0.55625 0.63125 0.540625 0.6296875 0.5265625 0.6203125 0.528125 0.6140625 0.5375
0 0.70625 0.53125 0.7078125 0.546875 0.7234375 0.5578125 0.725 0.55 0.71875 0.5375 0.70625 0.53125
0 0.19375 0.8984375 0.1921875 0.90625 0.196875 0.90625 0.1984375 0.9 0.19375 0.8984375