0 0.06875 0.134375 0.06875 0.1546875 0.0890625 0.15625 0.0859375 0.1421875 0.0765625 0.1328125 0.06875 0.134375
0 0.51875 0.2140625 0.5171875 0.225 0.5234375 0.2296875 0.53125 0.21875 0.51875 0.2140625
0 0.18125 0.21875 0.1734375 0.21875 0.1734375 0.23125 0.184375 0.2296875 0.18125 0.21875
0 0.115625 0.0796875 0.1109375 0.0859375 0.1171875 0.0921875 0.1296875 0.0921875 0.1234375 0.0796875 0.115625 0.0796875
0 0.09375 0.2 0.0859375 0.2015625 0.0859375 0.2125 0.1046875 0.209375 0.09375 0.2
0 0.55 0.6046875 0.55 0.6109375 0.5375 0.6171875 0.5515625 0.625 0.61875 0.63125 0.6390625 0.6171875 0.6546875 0.6171875 0.6625 0.609375 0.6625 0.5984375 0.6484375 0.5859375 0.6046875 0.5828125 0.59375 0.5984375 0.5796875 0.6046875 0.55 0.6046875
0 0.0546875 0.175 0.0484375 0.1859375 0.0671875 0.1875 0.0671875 0.18125 0.0546875 0.175
0 0.0703125 0.3234375 0.0703125 0.33125 0.0921875 0.33125 0.0859375 0.3234375 0.0703125 0.3234375
0 0.33125 0.40625 0.33125 0.425 0.3453125 0.43125 0.3484375 0.4125 0.34375 0.40625 0.33125 0.40625
0 0.3859375 0.31875 0.3796875 0.33125 0.3984375 0.3265625 0.3921875 0.31875 0.3859375 0.31875
0 0.3609375 0.0953125 0.359375 0.10625 0.371875 0.109375 0.371875 0.09375 0.3609375 0.0953125
0 0.3984375 0.6359375 0.3953125 0.6515625 0.4078125 0.659375 0.4125 0.65625 0.4109375 0.64375 0.40625 0.6359375 0.3984375 0.6359375
0 0.1 0.16875 0.09375 0.178125 0.1 0.184375 0.1125 0.184375 0.1125 0.175 0.1 0.16875