0 0.490625 0.9671875 0.4875 0.975 0.4921875 0.975 0.490625 0.9671875
0 0.41875 0.54375 0.4171875 0.565625 0.4234375 0.565625 0.4234375 0.5484375 0.41875 0.54375
0 0.7796875 0.7140625 0.7765625 0.725 0.78125 0.734375 0.7859375 0.734375 0.7875 0.725 0.7796875 0.7140625
0 0.5203125 0.5765625 0.5203125 0.5875 0.5296875 0.5875 0.53125 0.5765625 0.5203125 0.5765625
0 0.0171875 0.1984375 0.0171875 0.2109375 0.0265625 0.2125 0.0296875 0.2 0.0171875 0.1984375
0 0.29375 0.6984375 0.2828125 0.6984375 0.2859375 0.7109375 0.29375 0.70625 0.29375 0.6984375
0 0.46875 0.76875 0.4625 0.76875 0.4625 0.7875 0.4671875 0.790625 0.46875 0.76875
0 0.296875 0.4 0.29375 0.4109375 0.3015625 0.415625 0.3046875 0.40625 0.296875 0.4
0 0.2546875 0.596875 0.2515625 0.6046875 0.2546875 0.6125 0.259375 0.6125 0.2546875 0.60625 0.2609375 0.6 0.2546875 0.596875
0 0.7296875 0.875 0.725 0.875 0.728125 0.8921875 0.7359375 0.8859375 0.7296875 0.875
0 0.1171875 0.1375 0.1109375 0.14375 0.1109375 0.1546875 0.1203125 0.15 0.1171875 0.1375
0 0.159375 0.33125 0.15 0.33125 0.15 0.34375 0.1609375 0.34375 0.159375 0.33125
0 0.1109375 0.3546875 0.1015625 0.3546875 0.1015625 0.371875 0.10625 0.375 0.1109375 0.375 0.1109375 0.3546875
0 0.6578125 0.9765625 0.65625 0.99375 0.6640625 0.99375 0.665625 0.9796875 0.6625 0.975 0.6578125 0.9765625
0 0.125 0.0171875 0.1171875 0.0171875 0.1171875 0.034375 0.1234375 0.040625 0.125 0.0171875
0 0.04375 0 0.0375 0 0.0421875 0.00625 0.04375 0
0 0.671875 0.6359375 0.66875 0.6453125 0.6796875 0.6484375 0.6796875 0.6359375 0.671875 0.6359375