0 0.7640625 0.2765625 0.7625 0.2875 0.76875 0.290625 0.7734375 0.2875 0.7734375 0.275 0.7640625 0.2765625
0 0.9171875 0.78125 0.909375 0.78125 0.9109375 0.7984375 0.925 0.80625 0.9265625 0.7875 0.9171875 0.78125
0 0.9546875 0.84375 0.9515625 0.85 0.9625 0.8671875 0.9671875 0.85625 0.9609375 0.84375 0.9546875 0.84375
0 0.64375 0.278125 0.64375 0.2921875 0.6484375 0.29375 0.6515625 0.2859375 0.64375 0.278125
0 0.8640625 0.6 0.8625 0.6171875 0.871875 0.61875 0.875 0.5984375 0.8671875 0.59375 0.8640625 0.6
0 0.6984375 0.0875 0.69375 0.09375 0.7 0.109375 0.7046875 0.109375 0.70625 0.096875 0.6984375 0.0875
0 0.9875 0.9859375 0.984375 0.9984375 0.99375 0.9984375 0.9921875 0.9875 0.9875 0.9859375
0 0.603125 0.09375 0.596875 0.09375 0.596875 0.1 0.6 0.1125 0.60625 0.1171875 0.603125 0.09375
0 0.7390625 0.5890625 0.7375 0.6125 0.7453125 0.6140625 0.7484375 0.5921875 0.7390625 0.5890625
0 0.6828125 0.3953125 0.6796875 0.415625 0.6875 0.415625 0.6921875 0.4109375 0.6921875 0.3953125 0.6828125 0.3953125
0 0.5796875 0.0234375 0.5765625 0.0359375 0.5890625 0.0375 0.5890625 0.025 0.5796875 0.0234375
0 0.8078125 0.859375 0.8046875 0.8625 0.8140625 0.871875 0.8046875 0.8765625 0.8109375 0.878125 0.815625 0.8625 0.8078125 0.859375
0 0.86875 0.790625 0.8671875 0.809375 0.8734375 0.8109375 0.8796875 0.8 0.878125 0.7921875 0.86875 0.790625
0 0.821875 0.425 0.8125 0.425 0.815625 0.4421875 0.8234375 0.4375 0.821875 0.425