0 0.70625 0.5359375 0.7046875 0.5421875 0.7140625 0.5484375 0.725 0.540625 0.725 0.53125 0.70625 0.5359375
0 0.7734375 0.4109375 0.7734375 0.425 0.7890625 0.4375 0.790625 0.425 0.7734375 0.4109375
0 0.4046875 0.6 0.3984375 0.6 0.4 0.6125 0.40625 0.609375 0.4046875 0.6
0 0.0078125 0.81875 0 0.8328125 0.0046875 0.8453125 0 0.85 0.01875 0.83125 0.01875 0.8171875 0.0078125 0.81875
0 0.7875 0.5296875 0.7859375 0.55625 0.8 0.55 0.8046875 0.55625 0.8 0.5390625 0.8109375 0.51875 0.8 0.525 0.7921875 0.5234375 0.7875 0.5296875
0 0.315625 0.7046875 0.3125 0.7359375 0.3234375 0.7421875 0.3234375 0.71875 0.315625 0.7046875
0 0.028125 0.8875 0.025 0.90625 0.03125 0.9171875 0.0390625 0.91875 0.03125 0.9125 0.040625 0.90625 0.028125 0.8875
0 0.5171875 0.53125 0.5125 0.5375 0.5125 0.5671875 0.521875 0.575 0.5265625 0.55625 0.5234375 0.534375 0.5171875 0.53125
0 0.13125 0.7375 0.1296875 0.740625 0.1390625 0.746875 0.1296875 0.753125 0.1484375 0.7375 0.1484375 0.73125 0.1375 0.73125 0.13125 0.7375
0 0.8546875 0.371875 0.8546875 0.3859375 0.8671875 0.384375 0.865625 0.3765625 0.8546875 0.371875
0 0.6515625 0.540625 0.65 0.553125 0.6671875 0.5609375 0.66875 0.546875 0.6625 0.55 0.6515625 0.540625
0 0.8984375 0.4265625 0.89375 0.4375 0.9046875 0.434375 0.9125 0.425 0.9125 0.4171875 0.90625 0.4171875 0.8984375 0.4265625
0 0.55625 0.5859375 0.55 0.5875 0.5578125 0.5953125 0.55 0.6 0.5546875 0.6046875 0.5609375 0.6 0.55625 0.5859375
0 0.46875 0.63125 0.465625 0.6421875 0.48125 0.65625 0.484375 0.6484375 0.46875 0.63125
0 0.690625 0.46875 0.6859375 0.46875 0.6921875 0.478125 0.6859375 0.4828125 0.6875 0.4875 0.69375 0.4859375 0.690625 0.46875
0 0.15 0.8125 0.15 0.83125 0.1609375 0.8359375 0.1609375 0.8234375 0.1546875 0.8125 0.15 0.8125
0 0.7453125 0.525 0.75 0.5375 0.7609375 0.5421875 0.7640625 0.53125 0.7453125 0.525