0 0.175 0.909375 0.16875 0.921875 0.16875 0.9484375 0.178125 0.9421875 0.184375 0.91875 0.184375 0.9125 0.178125 0.90625 0.175 0.909375
0 0.0359375 0.6140625 0.0375 0.6375 0.0421875 0.6484375 0.0484375 0.6484375 0.046875 0.63125 0.0359375 0.6140625
0 0.775 0.765625 0.775 0.775 0.784375 0.7796875 0.7984375 0.7640625 0.7984375 0.75625 0.790625 0.75 0.775 0.765625
0 0.89375 0.9015625 0.8890625 0.90625 0.89375 0.9171875 0.9109375 0.915625 0.909375 0.9015625 0.89375 0.9015625
0 0.2296875 0.65625 0.225 0.659375 0.2328125 0.6625 0.2359375 0.6734375 0.225 0.6703125 0.2359375 0.6875 0.240625 0.6765625 0.2296875 0.65625
0 0.9421875 0.8015625 0.9578125 0.81875 0.940625 0.8171875 0.9484375 0.8359375 0.959375 0.84375 0.9625 0.8234375 0.9421875 0.8015625
0 0.2921875 0.7546875 0.2921875 0.7671875 0.2984375 0.7671875 0.3 0.7546875 0.2921875 0.7546875
0 0.565625 0.8078125 0.5625 0.821875 0.5796875 0.821875 0.58125 0.8078125 0.565625 0.8078125
0 0.70625 0.8125 0.70625 0.8296875 0.725 0.81875 0.725 0.8109375 0.71875 0.8078125 0.70625 0.8125
0 0.571875 0.7109375 0.575 0.721875 0.56875 0.7234375 0.5765625 0.734375 0.5796875 0.7296875 0.571875 0.7109375
0 0.1671875 0.7140625 0.1640625 0.7421875 0.171875 0.7484375 0.1796875 0.73125 0.1796875 0.7078125 0.1734375 0.7046875 0.1671875 0.7140625
0 0.14375 0.6515625 0.1421875 0.6625 0.15 0.6734375 0.1546875 0.66875 0.153125 0.65625 0.1484375 0.65 0.14375 0.6515625
0 0.3984375 0.6875 0.3953125 0.71875 0.4 0.728125 0.40625 0.7140625 0.40625 0.6875 0.3984375 0.6875
0 0.7046875 0.7171875 0.7 0.71875 0.7078125 0.7265625 0.7 0.7328125 0.70625 0.75 0.7109375 0.75 0.7109375 0.73984375 0.7046875 0.7390625 0.7109375 0.7296875 0.7046875 0.7171875
0 0.871875 0.7921875 0.8671875 0.7921875 0.8734375 0.7984375 0.8671875 0.8046875 0.86875 0.809375 0.884375 0.8265625 0.88125 0.8078125 0.871875 0.7921875