0 0.40625 0.64375 0.4 0.65625 0.4078125 0.659375 0.4 0.6671875 0.40625 0.6671875 0.4109375 0.65625 0.403125 0.6546875 0.4109375 0.64375 0.40625 0.64375
0 0.5265625 0.0375 0.525 0.0484375 0.5359375 0.0546875 0.5359375 0.0421875 0.5265625 0.0375
0 0.575 0.246875 0.575 0.25625 0.5859375 0.25625 0.5859375 0.246875 0.575 0.246875
0 0.2375 0.1109375 0.2375 0.1234375 0.24375 0.1234375 0.25 0.115625 0.25 0.10625 0.2375 0.1109375
0 0.628125 0.9375 0.625 0.9484375 0.634375 0.9515625 0.6359375 0.940625 0.628125 0.9375
0 0.1125 0.1 0.1109375 0.1171875 0.1203125 0.125 0.125 0.1203125 0.125 0.1015625 0.1203125 0.09375 0.1125 0.1
0 0.325 0.93125 0.3234375 0.946875 0.33125 0.946875 0.33125 0.93125 0.325 0.93125
0 0.1390625 0.740625 0.1375 0.7578125 0.1421875 0.7609375 0.146875 0.75625 0.146875 0.7421875 0.1390625 0.740625
0 0.4578125 0.0234375 0.45625 0.0359375 0.4671875 0.0375 0.46875 0.028125 0.4578125 0.0234375
0 0.2515625 0.5203125 0.25 0.534375 0.25625 0.534375 0.2609375 0.5234375 0.2515625 0.5203125
0 0.5953125 0.5015625 0.59375 0.5140625 0.6 0.51875 0.609375 0.5046875 0.60625 0.5 0.5953125 0.5015625
0 0.2625 0.140625 0.2609375 0.1453125 0.26875 0.1515625 0.2609375 0.15625 0.26875 0.1578125 0.26875 0.1390625 0.2625 0.140625
0 0.3984375 0.3234375 0.3953125 0.3359375 0.3984375 0.34375 0.4046875 0.34375 0.40625 0.3296875 0.3984375 0.3234375
0 0.634375 0.6875 0.63125 0.7 0.6390625 0.7078125 0.6421875 0.7015625 0.634375 0.6875