0 0.36875 0.53125 0.3625 0.5421875 0.3796875 0.5421875 0.384375 0.5375 0.3796875 0.53125 0.36875 0.53125
0 0.4484375 0.45625 0.44375 0.465625 0.4546875 0.4671875 0.4609375 0.4625 0.4609375 0.4578125 0.4484375 0.45625
0 0.69375 0.5546875 0.6921875 0.5671875 0.70625 0.565625 0.70625 0.5515625 0.69375 0.5546875
0 0.5015625 0.4109375 0.5 0.4171875 0.50625 0.41875 0.5203125 0.4171875 0.5234375 0.4125 0.51875 0.40625 0.5015625 0.4109375
0 0.6671875 0.1046875 0.6625 0.10625 0.6625 0.1171875 0.6859375 0.115625 0.6796875 0.1046875 0.6671875 0.1046875
0 0.034375 0.2359375 0.0296875 0.24375 0.0375 0.246875 0.0546875 0.2421875 0.0515625 0.2359375 0.034375 0.2359375
0 0.2296875 0.4546875 0.2234375 0.45625 0.225 0.465625 0.2359375 0.4671875 0.24375 0.4625 0.240625 0.45625 0.2296875 0.4546875
0 0.503125 0.08125 0.5 0.0890625 0.5109375 0.1 0.5296875 0.0984375 0.5203125 0.0859375 0.503125 0.08125
0 0.0984375 0.2375 0.0984375 0.2515625 0.1109375 0.246875 0.1109375 0.2375 0.0984375 0.2375
0 0.146875 0.3328125 0.14375 0.3375 0.15 0.3421875 0.16875 0.340625 0.1609375 0.3328125 0.146875 0.3328125
0 0.4859375 0.4046875 0.4796875 0.40625 0.4796875 0.415625 0.5109375 0.421875 0.525 0.4140625 0.5203125 0.40625 0.509375 0.403125 0.4859375 0.4046875
0 0.375 0.3375 0.375 0.3484375 0.3984375 0.3484375 0.3921875 0.3375 0.375 0.3375
0 0.6359375 0.5 0.6359375 0.5109375 0.6484375 0.509375 0.6453125 0.5 0.6359375 0.5
0 0.475 0.36875 0.4703125 0.3796875 0.4859375 0.3796875 0.4859375 0.3734375 0.475 0.36875