0 0.7140625 0.3171875 0.7125 0.3359375 0.725 0.3359375 0.73125 0.325 0.7296875 0.3125 0.7234375 0.309375 0.7140625 0.3171875
0 0.9328125 0 0.925 0 0.925 0.0046875 0.9296875 0.00625 0.9328125 0
0 0.69375 0.33125 0.69375 0.3484375 0.7015625 0.3484375 0.7046875 0.33125 0.69375 0.33125
0 0.93125 0.259375 0.9296875 0.2734375 0.934375 0.275 0.9421875 0.26875 0.9421875 0.2609375 0.9375 0.25625 0.93125 0.259375
0 0.5859375 0.40625 0.5828125 0.421875 0.5890625 0.425 0.5921875 0.40625 0.5859375 0.40625
0 0.85625 0.49375 0.85 0.5 0.85 0.5140625 0.8625 0.50625 0.8625 0.4984375 0.85625 0.49375
0 0.88125 0.003125 0.88125 0.0125 0.8921875 0.0171875 0.89375 0.00625 0.8859375 0 0.88125 0.003125
0 0.6671875 0.6828125 0.6625 0.6828125 0.6625 0.696875 0.671875 0.7 0.6734375 0.6921875 0.6671875 0.6828125
0 0.93125 0 0.9171875 0 0.9171875 0.01875 0.9296875 0.0171875 0.93125 0
0 0.9671875 0.0578125 0.9625 0.0625 0.9640625 0.0734375 0.9734375 0.075 0.9734375 0.0578125 0.9671875 0.0578125
0 0.784375 0.725 0.78125 0.7359375 0.7921875 0.7375 0.79375 0.725 0.784375 0.725
0 0.7015625 0.4234375 0.7 0.4390625 0.7109375 0.43125 0.7078125 0.421875 0.7015625 0.4234375
0 0.7125 0.278125 0.70625 0.278125 0.70625 0.2875 0.715625 0.29375 0.71875 0.2859375 0.7125 0.278125
0 0.80625 0.26875 0.8046875 0.2859375 0.8125 0.2859375 0.815625 0.26875 0.80625 0.26875
0 0.8390625 0.0703125 0.8359375 0.0765625 0.846875 0.08125 0.8359375 0.0890625 0.8390625 0.0921875 0.8484375 0.0796875 0.8484375 0.0703125 0.8390625 0.0703125