0 0.596875 0.5859375 0.59375 0.603125 0.603125 0.603125 0.6046875 0.5875 0.596875 0.5859375
0 0.86875 0.3125 0.875 0.321875 0.8671875 0.3296875 0.8734375 0.33125 0.878125 0.3125 0.86875 0.3125
0 0.728125 0.70625 0.725 0.7171875 0.7375 0.71875 0.7390625 0.70625 0.728125 0.70625
0 0.7875 0.0625 0.7859375 0.0859375 0.790625 0.0875 0.79375 0.0734375 0.7875 0.06875 0.79375 0.065625 0.7875 0.0625
0 0.1609375 0.6390625 0.1578125 0.6453125 0.1671875 0.6546875 0.16875 0.6421875 0.1609375 0.6390625
0 0.5828125 0.90625 0.58125 0.9171875 0.59375 0.925 0.59375 0.9125 0.5828125 0.90625
0 0.15 0.6921875 0.153125 0.70625 0.15625 0.6921875 0.15 0.6921875
0 0.153125 0.6625 0.146875 0.675 0.146875 0.69375 0.153125 0.70625 0.1625 0.6859375 0.1609375 0.6625 0.153125 0.6625
0 0.7296875 0.8953125 0.728125 0.9046875 0.7328125 0.90625 0.734375 0.8984375 0.7296875 0.8953125
0 0.5890625 0.50625 0.59375 0.5109375 0.5875 0.5171875 0.5890625 0.5234375 0.59375 0.53125 0.6 0.53125 0.6 0.5203125 0.5890625 0.50625
0 0.73125 0.2921875 0.725 0.3046875 0.728125 0.3125 0.7375 0.309375 0.7375 0.29375 0.73125 0.2921875
0 0.7296875 0.0875 0.725 0.0984375 0.734375 0.10625 0.7421875 0.0890625 0.7296875 0.0875
0 0.1546875 0.6625 0.15625 0.6734375 0.1609375 0.6734375 0.1609375 0.6625 0.1546875 0.6625
0 0.653125 0.6296875 0.65 0.6421875 0.659375 0.6453125 0.6625 0.634375 0.653125 0.6296875
0 0.59375 0.58125 0.59375 0.6046875 0.603125 0.6046875 0.6171875 0.5796875 0.6046875 0.56875 0.59375 0.58125
0 0.98125 0.13125 0.9796875 0.1546875 0.984375 0.1546875 0.9875 0.1359375 0.98125 0.13125
0 0.61875 0.4171875 0.6171875 0.43125 0.6234375 0.4359375 0.6296875 0.4171875 0.625 0.4125 0.61875 0.4171875
0 0.5875 0.79375 0.5828125 0.80625 0.590625 0.8125 0.59375 0.8109375 0.584375 0.8015625 0.59375 0.7984375 0.5875 0.79375
0 0.7 0.1265625 0.6984375 0.1359375 0.7109375 0.1421875 0.7109375 0.1296875 0.7 0.1265625
0 0.75625 0.5140625 0.7609375 0.528125 0.7546875 0.5328125 0.7578125 0.5359375 0.7625 0.51875 0.75625 0.5140625