0 0.2828125 0.9890625 0.28125 0.9984375 0.2921875 0.9984375 0.2875 0.9875 0.2828125 0.9890625
0 0.7921875 0.0921875 0.7875 0.09375 0.7875 0.1046875 0.796875 0.1109375 0.8 0.1 0.7921875 0.0921875
0 0.6171875 0.3 0.6171875 0.3234375 0.625 0.3234375 0.6375 0.3 0.6171875 0.3
0 0.95 0.0515625 0.94375 0.0625 0.953125 0.0703125 0.95625 0.0578125 0.95 0.0515625
0 0.2546875 0.9484375 0.2515625 0.9671875 0.2609375 0.96875 0.253125 0.9625 0.2609375 0.95625 0.26875 0.9609375 0.26875 0.95625 0.2546875 0.9484375
0 0.565625 0.4359375 0.5625 0.4484375 0.5734375 0.446875 0.575 0.4375 0.565625 0.4359375
0 0.6875 0.321875 0.6828125 0.3296875 0.6921875 0.334375 0.6828125 0.340625 0.6859375 0.3421875 0.69375 0.3328125 0.69375 0.3234375 0.6875 0.321875
0 0.80625 0.3578125 0.8046875 0.3703125 0.8109375 0.3734375 0.8171875 0.3625 0.8125 0.35625 0.80625 0.3578125
0 0.9109375 0.3015625 0.90625 0.3015625 0.90625 0.3234375 0.9125 0.3234375 0.9109375 0.3015625
0 0.5 0.6734375 0.50625 0.6796875 0.4984375 0.684375 0.5078125 0.6921875 0.509375 0.68125 0.5 0.6734375
0 0.8328125 0.0875 0.83125 0.10625 0.8375 0.1109375 0.8390625 0.0890625 0.8328125 0.0875
0 0.6125 0.75625 0.6125 0.76875 0.6203125 0.76875 0.6234375 0.7609375 0.6125 0.75625
0 0.2515625 0.9484375 0.25 0.9734375 0.2359375 0.9890625 0.2359375 0.9984375 0.26875 0.9984375 0.26875 0.95625 0.2515625 0.95859375 0.2515625 0.9484375
0 0.2875 0.9875 0.28125 0.9875 0.28125 0.9984375 0.2921875 0.9984375 0.2875 0.9875
0 0.2515625 0.9484375 0.25 0.975 0.2375 0.9859375 0.2359375 0.9984375 0.26875 0.9984375 0.26875 0.9578125 0.2515625 0.9484375
0 0.5734375 0.34375 0.56875 0.3484375 0.5796875 0.35625 0.56875 0.3625 0.571875 0.3640625 0.578125 0.3625 0.58125 0.3546875 0.5796875 0.3453125 0.5734375 0.34375
0 0.2375 0.9875 0.2359375 0.9984375 0.26875 0.9984375 0.2640625 0.98125 0.2578125 0.9796875 0.259375 0.975 0.2421875 0.9796875 0.2375 0.9875
0 0.825 0.1015625 0.8234375 0.115625 0.83125 0.1234375 0.8421875 0.109375 0.8421875 0.0890625 0.8328125 0.0859375 0.825 0.1015625
0 0.5890625 0.2984375 0.5890625 0.3109375 0.5984375 0.3171875 0.5984375 0.3 0.5890625 0.2984375
0 0.7 0.5625 0.7 0.575 0.7109375 0.5734375 0.709375 0.559375 0.7 0.5625
0 0.3640625 0.2828125 0.3625 0.3125 0.371875 0.31875 0.3796875 0.309375 0.3796875 0.2828125 0.3640625 0.2828125
0 0.7390625 0.146875 0.7375 0.1640625 0.7421875 0.1640625 0.75 0.1546875 0.75 0.14375 0.7421875 0.1421875 0.7390625 0.146875
0 0.8625 0.175 0.859375 0.1875 0.8671875 0.1921875 0.86875 0.1796875 0.8625 0.175
0 0.4609375 0.38125 0.4578125 0.3984375 0.4625 0.4 0.4671875 0.3921875 0.4609375 0.384375 0.4671875 0.38125 0.4609375 0.38125