0 0.3765625 0.9359375 0.375 0.946875 0.384375 0.9453125 0.3859375 0.9359375 0.3765625 0.9359375
0 0.2640625 0.74375 0.2609375 0.75 0.2703125 0.753125 0.2625 0.7625 0.2734375 0.75 0.2734375 0.74375 0.2640625 0.74375
0 0.225 0.8640625 0.2234375 0.8796875 0.23125 0.884375 0.234375 0.8671875 0.225 0.8640625
0 0.6453125 0.0265625 0.6421875 0.0421875 0.6484375 0.0421875 0.65 0.034375 0.6453125 0.028125 0.65 0.0234375 0.6453125 0.0265625
0 0.325 0.9296875 0.3234375 0.9421875 0.33125 0.946875 0.3359375 0.94375 0.3328125 0.9296875 0.325 0.9296875
0 0.1796875 0.9546875 0.1734375 0.9546875 0.175 0.975 0.1875 0.96875 0.1859375 0.95625 0.1796875 0.9546875
0 0.43125 0.3890625 0.425 0.3890625 0.425 0.4078125 0.434375 0.4078125 0.43125 0.3890625
0 0.35 0.7140625 0.3453125 0.71875 0.3453125 0.7296875 0.3546875 0.734375 0.35625 0.71875 0.35 0.7140625
0 0.3015625 0.7015625 0.3 0.7046875 0.3140625 0.7125 0.3 0.71875 0.30625 0.721875 0.3171875 0.7078125 0.3125 0.6984375 0.3015625 0.7015625
0 0.65 0.1390625 0.6484375 0.1546875 0.6546875 0.15625 0.6609375 0.1421875 0.65625 0.1328125 0.65 0.1390625
0 0.55 0.39375 0.54375 0.403125 0.5546875 0.415625 0.55 0.4078125 0.55625 0.40390625 0.55625 0.3953125 0.55 0.39375
0 0.671875 0.0734375 0.66875 0.0859375 0.68125 0.0875 0.6828125 0.075 0.671875 0.0734375
0 0.48125 0.5609375 0.4796875 0.58125 0.4875 0.5828125 0.4921875 0.5796875 0.4890625 0.5625 0.48125 0.5609375
0 0.4796875 0.2625 0.478125 0.271875 0.4875 0.2796875 0.4921875 0.26875 0.4875 0.259375 0.4796875 0.2625
0 0.4 0.7921875 0.4 0.8125 0.40625 0.8125 0.40625 0.7984375 0.4 0.7921875
0 0.5609375 0.1078125 0.55625 0.1125 0.5578125 0.125 0.5640625 0.125 0.56875 0.1171875 0.56875 0.10625 0.5609375 0.1078125
0 0.5984375 0.003125 0.6 0.0171875 0.609375 0.003125 0.5984375 0.003125
0 0.59375 0.3 0.596875 0.3125 0.603125 0.3 0.59375 0.3
0 0.3671875 0.5359375 0.3640625 0.546875 0.36875 0.55625 0.3734375 0.5546875 0.3734375 0.5375 0.3671875 0.5359375