0 0.95 0.978125 0.95 0.990625 0.95625 0.9984375 0.9640625 0.9984375 0.95625 0.975 0.95 0.978125
0 0.18125 0.875 0.1734375 0.875 0.1734375 0.89375 0.178125 0.9015625 0.1859375 0.89375 0.18125 0.875
0 0.3328125 0.8546875 0.3328125 0.86875 0.3484375 0.8671875 0.34375 0.85625 0.3328125 0.8546875
0 0.38125 0.8796875 0.38125 0.8984375 0.39375 0.909375 0.4 0.9 0.3984375 0.8875 0.3859375 0.878125 0.38125 0.8796875
0 0.9515625 0.9 0.95 0.9171875 0.9625 0.9171875 0.9625 0.90625 0.9515625 0.9
0 0.2515625 0.8921875 0.25 0.903125 0.2546875 0.90625 0.2609375 0.8984375 0.2609375 0.8859375 0.2515625 0.8921875
0 0.915625 0.9921875 0.9 0.9921875 0.9 0.9984375 0.9171875 0.9984375 0.915625 0.9921875
0 0.859375 0.83125 0.85 0.83125 0.8546875 0.85 0.8625 0.85 0.8640625 0.8359375 0.859375 0.83125
0 0.61875 0.8390625 0.6171875 0.8515625 0.6265625 0.85625 0.6296875 0.846875 0.625 0.8375 0.61875 0.8390625
0 0.50625 0.8546875 0.5046875 0.8640625 0.5125 0.865625 0.5046875 0.8734375 0.5109375 0.8796875 0.5140625 0.8640625 0.50625 0.8625 0.5140625 0.8546875 0.50625 0.8546875
0 0.4078125 0.9609375 0.4078125 0.978125 0.415625 0.9796875 0.4171875 0.9578125 0.4109375 0.95625 0.4078125 0.9609375
0 0.721875 0.8265625 0.71875 0.8390625 0.7265625 0.85 0.7296875 0.83125 0.721875 0.8265625
0 0.9359375 0.8125 0.93125 0.8234375 0.9375 0.83125 0.9453125 0.83125 0.946875 0.81875 0.9359375 0.8125