0 0.7125 0.59375 0.7109375 0.60625 0.7203125 0.60625 0.721875 0.596875 0.7125 0.59375
0 0.1546875 0.3328125 0.15 0.3421875 0.1609375 0.3421875 0.1546875 0.3328125
0 0.659375 0.6203125 0.65625 0.628125 0.6625 0.63125 0.6671875 0.6203125 0.6765625 0.6296875 0.66875 0.6203125 0.659375 0.6203125
0 0.2 0.3265625 0.1984375 0.3328125 0.20625 0.3328125 0.2046875 0.3265625 0.2 0.3265625
0 0.4921875 0.68125 0.4890625 0.6859375 0.496875 0.690625 0.5046875 0.690625 0.5109375 0.6828125 0.4921875 0.68125
0 0.18125 0.3296875 0.1796875 0.3375 0.1875 0.3375 0.1875 0.33125 0.18125 0.3296875
0 0.8734375 0.71875 0.8703125 0.728125 0.8875 0.728125 0.8859375 0.71875 0.8734375 0.71875
0 0.41875 0.7125 0.4171875 0.7234375 0.425 0.725 0.425 0.7125 0.41875 0.7125
0 0.8046875 0.5859375 0.8046875 0.596875 0.8234375 0.596875 0.8234375 0.5875 0.8046875 0.5859375
0 0.6625 0.61875 0.65625 0.6203125 0.65625 0.628125 0.665625 0.634375 0.69375 0.6359375 0.6984375 0.63125 0.696875 0.625 0.6625 0.61875
0 0.7109375 0.75625 0.70625 0.7625 0.7125 0.76875 0.725 0.76875 0.7171875 0.75625 0.7109375 0.75625
0 0.684375 0.678125 0.6875 0.6875 0.6984375 0.6875 0.696875 0.6765625 0.684375 0.678125