0 0.1 0.23125 0.1 0.2546875 0.10625 0.25 0.10625 0.234375 0.1 0.23125
0 0.2109375 0.284375 0.209375 0.3 0.2171875 0.309375 0.2234375 0.2921875 0.2171875 0.2796875 0.2109375 0.284375
0 0.125 0.40625 0.1234375 0.4203125 0.13125 0.425 0.1359375 0.421875 0.1359375 0.4109375 0.125 0.40625
0 0.1875 0.025 0.18125 0.03125 0.1875 0.0421875 0.19375 0.0375 0.1875 0.025
0 0.11875 0.0625 0.1171875 0.0734375 0.1234375 0.0796875 0.1296875 0.06875 0.11875 0.0625
0 0.0921875 0.1125 0.0890625 0.11875 0.09375 0.1203125 0.0921875 0.1125
0 0.28125 0.853125 0.28125 0.86875 0.2875 0.8703125 0.2921875 0.859375 0.28125 0.853125
0 0.1484375 0.5625 0.146875 0.5734375 0.15625 0.575 0.1578125 0.5625 0.1484375 0.5625
0 0.2359375 0.4875 0.2359375 0.50625 0.246875 0.5046875 0.246875 0.4859375 0.2359375 0.4875
0 0.1875 0.746875 0.1875 0.765625 0.19375 0.7671875 0.1921875 0.7453125 0.1875 0.746875
0 0.25 0.8734375 0.25 0.8890625 0.25 0.8734375
0 0.25625 0.6046875 0.25625 0.6171875 0.2625 0.6203125 0.2625 0.6046875 0.25625 0.6046875
0 0.075 0.0421875 0.0734375 0.0578125 0.084375 0.06875 0.0875 0.046875 0.084375 0.0421875 0.075 0.0421875
0 0.278125 0.775 0.275 0.796875 0.28125 0.8 0.278125 0.775
0 0.2015625 0.86875 0.20625 0.8734375 0.2 0.878125 0.2 0.8859375 0.209375 0.8875 0.20625 0.8671875 0.2015625 0.86875