0 0.628125 0.0609375 0.628125 0.0734375 0.6421875 0.0796875 0.6421875 0.06875 0.628125 0.0609375
0 0.0890625 0.0625 0.0875 0.06875 0.09375 0.0796875 0.1 0.0859375 0.1109375 0.0859375 0.10625 0.06875 0.0890625 0.0625
0 0.9421875 0.0375 0.940625 0.046875 0.946875 0.05 0.946875 0.0375 0.9421875 0.0375
0 0.425 0.384375 0.4109375 0.384375 0.4125 0.3984375 0.434375 0.39375 0.434375 0.3890625 0.425 0.384375
0 0.9 0.5578125 0.9 0.571875 0.9375 0.5921875 0.9609375 0.5375 0.95625 0.5125 0.9484375 0.50625 0.9375 0.50625 0.9328125 0.5125 0.91875 0.50625 0.925 0.5234375 0.91875 0.5234375 0.9203125 0.53125 0.90625 0.534375 0.90625 0.5484375 0.9 0.5578125
0 0.90625 0.4703125 0.8984375 0.478125 0.91875 0.5046875 0.9015625 0.5265625 0.9046875 0.5484375 0.8984375 0.559375 0.8984375 0.58125 0.909375 0.575 0.9375 0.5921875 0.9609375 0.5375 0.95625 0.51875 0.9609375 0.4625 0.9515625 0.4515625 0.9421875 0.45 0.934375 0.4875 0.9296875 0.4859375 0.925 0.4671875 0.90625 0.4703125
0 0.3234375 0.390625 0.321875 0.403125 0.328125 0.40625 0.340625 0.3921875 0.3421875 0.38125 0.33125 0.3796875 0.3234375 0.390625
0 0.2640625 0.31875 0.2625 0.3296875 0.2734375 0.33125 0.28125 0.3171875 0.2734375 0.309375 0.28125 0.3046875 0.2796875 0.3015625 0.2640625 0.31875
0 0.8390625 0.403125 0.8359375 0.4421875 0.85625 0.4484375 0.8625 0.40625 0.85625 0.4 0.8390625 0.403125
0 0.9109375 0.5125 0.9015625 0.525 0.9046875 0.55 0.909375 0.55 0.925 0.53125 0.9328125 0.50625 0.9171875 0.50625 0.9109375 0.5125
0 0.259375 0.1421875 0.2515625 0.15 0.25625 0.1890625 0.2625 0.1875 0.2640625 0.146875 0.259375 0.1421875
0 0.16875 0.275 0.1640625 0.29375 0.171875 0.3 0.1796875 0.2921875 0.184375 0.2703125 0.171875 0.26875 0.16875 0.275
0 0.9015625 0.4703125 0.8984375 0.4796875 0.909375 0.4875 0.91875 0.503125 0.928125 0.50625 0.9296875 0.46875 0.9015625 0.4703125
0 0.9375 0.45625 0.9375 0.496875 0.94375 0.5046875 0.95625 0.50625 0.9609375 0.4578125 0.9453125 0.4484375 0.9375 0.45625
0 0.5609375 0.5265625 0.5515625 0.53125 0.5515625 0.5375 0.55625 0.5421875 0.575 0.5421875 0.575 0.53125 0.5609375 0.5265625
0 0.28125 0 0.2734375 0 0.278125 0.0109375 0.28125 0
0 0.5390625 0.6890625 0.540625 0.703125 0.55625 0.7109375 0.5515625 0.69375 0.5390625 0.6890625
0 0.3875 0.1109375 0.3859375 0.125 0.3953125 0.125 0.40625 0.1171875 0.403125 0.1 0.3875 0.1109375
0 0.6875 0.7359375 0.6859375 0.7578125 0.6875 0.7640625 0.69375 0.7640625 0.6984375 0.7546875 0.6875 0.7484375 0.696875 0.7421875 0.6875 0.7359375