0 0.7921875 0.259375 0.7875 0.259375 0.7875 0.26875 0.796875 0.2734375 0.8 0.2625 0.7921875 0.259375
0 0.175 0.23125 0.1671875 0.23125 0.1671875 0.2359375 0.1796875 0.2359375 0.175 0.23125
0 0.93125 0.2046875 0.9296875 0.2109375 0.9359375 0.2125 0.940625 0.2015625 0.9484375 0.2125 0.96875 0.2 0.9609375 0.2046875 0.9578125 0.1984375 0.9484375 0.1984375 0.93125 0.2046875
0 0.61875 0.5921875 0.6171875 0.603125 0.625 0.603125 0.6296875 0.59375 0.61875 0.5921875
0 0.1 0.2609375 0.1 0.275 0.1296875 0.26875 0.121875 0.2625 0.1 0.2609375
0 0.5390625 0.634375 0.53125 0.634375 0.53125 0.64375 0.5421875 0.6453125 0.5390625 0.634375
0 0.8671875 0.66875 0.8625 0.675 0.86875 0.6796875 0.8796875 0.68125 0.8859375 0.6765625 0.8671875 0.66875
0 0.1890625 0.23125 0.1890625 0.2375 0.1984375 0.2359375 0.1890625 0.23125
0 0.15 0.240625 0.14375 0.246875 0.1609375 0.246875 0.159375 0.240625 0.15 0.240625
0 0.7875 0.5203125 0.790625 0.53125 0.8046875 0.53125 0.796875 0.51875 0.7875 0.5203125
0 0.2203125 0.21875 0.2203125 0.2265625 0.23125 0.2234375 0.2203125 0.21875
0 0.9484375 0.4734375 0.94375 0.475 0.946875 0.484375 0.96875 0.48125 0.9671875 0.4734375 0.9484375 0.4734375
0 0.2046875 0.2234375 0.1984375 0.2234375 0.2 0.23125 0.20625 0.23125 0.2046875 0.2234375
0 0.8265625 0.58125 0.83125 0.5921875 0.8421875 0.5890625 0.8421875 0.5828125 0.8265625 0.58125
0 0.84375 0.4875 0.8421875 0.5 0.85 0.503125 0.8546875 0.4984375 0.8546875 0.4875 0.84375 0.4875
0 0.7171875 0.74375 0.7140625 0.75 0.7296875 0.75 0.7171875 0.74375
0 0.7859375 0.5203125 0.7859375 0.5296875 0.796875 0.534375 0.8234375 0.5359375 0.83125 0.53125 0.83125 0.5234375 0.821875 0.51875 0.7859375 0.5203125