0 0.96875 0.4078125 0.9671875 0.4234375 0.975 0.4296875 0.978125 0.415625 0.975 0.4078125 0.96875 0.4078125
0 0.2296875 0.30625 0.2265625 0.321875 0.2328125 0.3234375 0.2359375 0.30625 0.2296875 0.30625
0 0.1265625 0.31875 0.125 0.3375 0.1296875 0.3375 0.1328125 0.33125 0.1265625 0.31875
0 0.8484375 0.8671875 0.8484375 0.88125 0.8546875 0.88125 0.859375 0.8703125 0.8484375 0.8671875
0 0.13125 0.1859375 0.1296875 0.2046875 0.1359375 0.2046875 0.1375 0.1859375 0.13125 0.1859375
0 0.98125 0.7515625 0.98125 0.7609375 0.9921875 0.7609375 0.9921875 0.7484375 0.98125 0.7515625
0 0.0984375 0.4359375 0.0984375 0.4484375 0.1109375 0.4484375 0.1109375 0.4375 0.0984375 0.4359375
0 0.15625 0.1203125 0.153125 0.13125 0.1609375 0.1421875 0.16875 0.1296875 0.16875 0.11875 0.1609375 0.115625 0.15625 0.1203125
0 0.475 0.5203125 0.478125 0.540625 0.46875 0.58125 0.4875 0.5921875 0.5109375 0.59375 0.534375 0.565625 0.5234375 0.53125 0.515625 0.5203125 0.5015625 0.5125 0.4875 0.5125 0.475 0.5203125
0 0.2796875 0.275 0.2734375 0.28125 0.275 0.290625 0.2828125 0.28125 0.2796875 0.275
0 0.2 0.1046875 0.2 0.1171875 0.2046875 0.1203125 0.209375 0.1109375 0.2 0.1046875
0 0.2640625 0.1390625 0.2625 0.15 0.2734375 0.15625 0.2734375 0.14375 0.2640625 0.1390625
0 0.8828125 0.846875 0.88125 0.8546875 0.8859375 0.8546875 0.8828125 0.846875