0 0.24375 0.6828125 0.2375 0.7046875 0.2546875 0.70625 0.2546875 0.6796875 0.24375 0.6828125
0 0.2515625 0.984375 0.24375 0.9984375 0.2671875 0.9984375 0.2640625 0.98125 0.2515625 0.984375
0 0.09375 0.6203125 0.0890625 0.63125 0.1015625 0.64375 0.1109375 0.64375 0.109375 0.625 0.1015625 0.6171875 0.09375 0.6203125
0 0.2375 0.5421875 0.2359375 0.55 0.24375 0.5515625 0.246875 0.540625 0.240625 0.5375 0.2375 0.5421875
0 0.246875 0.1703125 0.24375 0.18984375 0.2515625 0.1921875 0.24375 0.2 0.2546875 0.1890625 0.2546875 0.17890625 0.246875 0.178125 0.2546875 0.16875 0.246875 0.1703125
0 0.203125 0.28125 0.2 0.2921875 0.2125 0.2875 0.2125 0.28125 0.203125 0.28125
0 0.23125 0.3546875 0.2296875 0.3625 0.2359375 0.36875 0.2484375 0.3484375 0.2484375 0.3375 0.2390625 0.340625 0.23125 0.3546875
0 0.1890625 0.1109375 0.1875 0.1265625 0.1921875 0.1296875 0.2046875 0.1109375 0.2046875 0.1 0.1984375 0.1 0.1890625 0.1109375
0 0.2 0.5859375 0.1984375 0.6046875 0.215625 0.609375 0.2234375 0.59375 0.2171875 0.5859375 0.2 0.5859375
0 0.24375 0.2359375 0.2375 0.25625 0.2484375 0.25625 0.24375 0.2625 0.246875 0.2703125 0.25 0.240625 0.2484375 0.234375 0.24375 0.2359375
0 0.20625 0.8125 0.2046875 0.8234375 0.2125 0.8265625 0.2125 0.8078125 0.20625 0.8125