0 0.560546875 0.1423611111111111 0.560546875 0.1579861111111111 0.5634765625 0.16145833333333334 0.57421875 0.15711805555555555 0.57470703125 0.13975694444444445 0.57177734375 0.1328125 0.5634765625 0.13541666666666666 0.560546875 0.1423611111111111
0 0.3798828125 0.15885416666666666 0.37939453125 0.1753472222222222 0.3818359375 0.1796875 0.38671875 0.17881944444444445 0.38818359375 0.171875 0.38720703125 0.1579861111111111 0.3798828125 0.15885416666666666
0 0.5712890625 0.21180555555555555 0.5703125 0.22395833333333334 0.572265625 0.22569444444444445 0.58349609375 0.22916666666666666 0.5859375 0.22395833333333334 0.58642578125 0.2170138888888889 0.5830078125 0.21180555555555555 0.5712890625 0.21180555555555555
0 0.3916015625 0.6961805555555556 0.39013671875 0.6987847222222222 0.39013671875 0.7100694444444444 0.39306640625 0.7161458333333334 0.40087890625 0.7161458333333334 0.40380859375 0.7109375 0.40478515625 0.6996527777777778 0.4033203125 0.6944444444444444 0.39599609375 0.6909722222222222 0.3916015625 0.6961805555555556
0 0.15283203125 0.7994791666666666 0.15283203125 0.8090277777777778 0.15625 0.8098958333333334 0.1572265625 0.8020833333333334 0.15283203125 0.7994791666666666
0 0.4248046875 0.9487847222222222 0.42431640625 0.9609375 0.427734375 0.9696180555555556 0.435546875 0.9652777777777778 0.4365234375 0.9539930555555556 0.43408203125 0.9479166666666666 0.427734375 0.9453125 0.4248046875 0.9487847222222222
0 0.48046875 0.8993055555555556 0.4794921875 0.9088541666666666 0.4814453125 0.9157986111111112 0.48974609375 0.9166666666666666 0.4921875 0.9079861111111112 0.48974609375 0.8949652777777778 0.48193359375 0.8949652777777778 0.48046875 0.8993055555555556
0 0.20068359375 0.4574652777777778 0.20068359375 0.4644097222222222 0.20654296875 0.4739583333333333 0.21142578125 0.4739583333333333 0.21240234375 0.46875 0.208984375 0.4618055555555556 0.20751953125 0.453125 0.203125 0.4539930555555556 0.20068359375 0.4574652777777778
0 0.3203125 0.7282986111111112 0.3203125 0.7387152777777778 0.32275390625 0.7430555555555556 0.32958984375 0.7421875 0.33251953125 0.734375 0.33251953125 0.7282986111111112 0.32958984375 0.7204861111111112 0.32275390625 0.7213541666666666 0.3203125 0.7282986111111112
0 0.45068359375 0.6354166666666666 0.45068359375 0.6527777777777778 0.46337890625 0.6571180555555556 0.46533203125 0.6440972222222222 0.4638671875 0.6354166666666666 0.45849609375 0.6328125 0.45263671875 0.6328125 0.45068359375 0.6354166666666666
0 0.259765625 0.2048611111111111 0.259765625 0.21180555555555555 0.26220703125 0.21614583333333334 0.2666015625 0.21614583333333334 0.2705078125 0.2074652777777778 0.27294921875 0.19444444444444445 0.2705078125 0.1892361111111111 0.26611328125 0.1892361111111111 0.259765625 0.2048611111111111
0 0.18603515625 0.2916666666666667 0.18408203125 0.2994791666666667 0.1884765625 0.3185763888888889 0.1923828125 0.3220486111111111 0.1943359375 0.3194444444444444 0.19384765625 0.2934027777777778 0.18603515625 0.2916666666666667