0 0.7171875 0.225 0.7109375 0.225 0.7140625 0.24375 0.721875 0.2359375 0.7171875 0.225
0 0.65625 0.175 0.6515625 0.184375 0.6625 0.1921875 0.665625 0.18125 0.6609375 0.1734375 0.65625 0.175
0 0.3875 0.8890625 0.3859375 0.8984375 0.396875 0.9 0.3953125 0.8875 0.3875 0.8890625
0 0.6984375 0.6609375 0.69375 0.6625 0.69375 0.671875 0.70625 0.675 0.70625 0.6640625 0.6984375 0.6609375
0 0.7234375 0.4296875 0.71875 0.4296875 0.71875 0.4375 0.7296875 0.4421875 0.7234375 0.4296875
0 0.3953125 0.4984375 0.39375 0.5046875 0.403125 0.509375 0.4046875 0.5 0.3953125 0.4984375
0 0.5515625 0.4046875 0.5515625 0.425 0.5578125 0.4125 0.55625 0.403125 0.5515625 0.4046875
0 0.2296875 0.9375 0.2234375 0.94375 0.2265625 0.9578125 0.2359375 0.9546875 0.2359375 0.940625 0.2296875 0.9375
0 0.540625 0.00625 0.5375 0.0203125 0.5421875 0.0234375 0.5484375 0.0171875 0.5484375 0.0078125 0.540625 0.00625
0 0.6984375 0.84375 0.696875 0.8609375 0.7015625 0.8625 0.7046875 0.846875 0.6984375 0.84375
0 0.2640625 0.628125 0.2625 0.63125 0.2703125 0.63125 0.2625 0.64375 0.2671875 0.64375 0.2734375 0.6234375 0.26875 0.6203125 0.2640625 0.628125
0 0.4671875 0.1765625 0.4625 0.1890625 0.4703125 0.19375 0.4734375 0.178125 0.4671875 0.1765625
0 0.4515625 0.1390625 0.45 0.15 0.465625 0.146875 0.465625 0.1390625 0.4515625 0.1390625
0 0.503125 0.6859375 0.5 0.6984375 0.50625 0.7 0.5125 0.6875 0.5109375 0.6828125 0.503125 0.6859375