0 0.6296875 0.2921875 0.625 0.2984375 0.625 0.3125 0.6359375 0.30625 0.634375 0.29375 0.6296875 0.2921875
0 0.8015625 0.178125 0.8 0.1875 0.8046875 0.1921875 0.8171875 0.18125 0.8125 0.1734375 0.8015625 0.178125
0 0.8515625 0.7625 0.85 0.7734375 0.8609375 0.7734375 0.8609375 0.7609375 0.8515625 0.7625
0 0.4125 0.65625 0.40625 0.6625 0.40625 0.68125 0.415625 0.675 0.4125 0.65625
0 0.82734375 0.5671875 0.0078125 0.0125
0 0.39375 0.359375 0.3953125 0.3796875 0.4 0.3765625 0.4 0.3625 0.39375 0.359375
0 0.496875 0.171875 0.49375 0.184375 0.5 0.1875 0.503125 0.178125 0.496875 0.171875
0 0.5515625 0.5359375 0.55 0.55 0.5546875 0.55 0.5609375 0.540625 0.5515625 0.5359375
0 0.790625 0.821875 0.7875 0.8375 0.796875 0.83125 0.796875 0.8234375 0.790625 0.821875
0 0.63125 0.00625 0.625 0.00625 0.625 0.0234375 0.6296875 0.028125 0.634375 0.025 0.63125 0.00625
0 0.8328125 0.340625 0.83125 0.3578125 0.8375 0.3609375 0.8390625 0.34375 0.8328125 0.340625