0 0.8921875 0.5796875 0.8859375 0.5828125 0.8890625 0.5890625 0.90625 0.5890625 0.9046875 0.58125 0.8921875 0.5796875
0 0.465625 0.8171875 0.4609375 0.81875 0.465625 0.8296875 0.4796875 0.8296875 0.4796875 0.821875 0.465625 0.8171875
0 0.90625 0.76875 0.9015625 0.7734375 0.909375 0.7796875 0.925 0.7765625 0.9234375 0.76875 0.90625 0.76875
0 0.3796875 0.6796875 0.3765625 0.6828125 0.3859375 0.6921875 0.4 0.690625 0.39375 0.6796875 0.3796875 0.6796875
0 0.6203125 0.76875 0.61875 0.771875 0.628125 0.7765625 0.6390625 0.7734375 0.6359375 0.7640625 0.6203125 0.76875
0 0.1515625 0.79375 0.15 0.8015625 0.1609375 0.80625 0.1578125 0.79375 0.1515625 0.79375
0 0.421875 0.7359375 0.41875 0.7421875 0.425 0.7484375 0.434375 0.7484375 0.4359375 0.7390625 0.421875 0.7359375
0 0.3859375 0.6765625 0.3765625 0.68125 0.3765625 0.6859375 0.3875 0.69375 0.4109375 0.69375 0.4234375 0.6875 0.4171875 0.6796875 0.3859375 0.6765625
0 0.2265625 0.753125 0.225 0.7625 0.2375 0.7609375 0.2359375 0.753125 0.2265625 0.753125
0 0.7390625 0.6625 0.7375 0.66875 0.7421875 0.671875 0.7609375 0.671875 0.75625 0.6625 0.7390625 0.6625
0 0.4375 0.6453125 0.43125 0.65625 0.4421875 0.6609375 0.44375 0.6484375 0.4375 0.6453125
0 0.971875 0.6140625 0.971875 0.625 0.9921875 0.6171875 0.9875 0.6109375 0.971875 0.6140625
0 0.55 0.63125 0.5265625 0.63125 0.5265625 0.6375 0.5453125 0.6390625 0.55 0.63125
0 0.83125 0.575 0.83125 0.5875 0.8421875 0.5875 0.840625 0.5765625 0.83125 0.575