0 0.45625 0.8390625 0.4546875 0.84375 0.4625 0.846875 0.4546875 0.8546875 0.4609375 0.85625 0.465625 0.8390625 0.45625 0.8390625
0 0.1390625 0.5 0.1375 0.5125 0.1421875 0.51875 0.1484375 0.503125 0.1390625 0.5
0 0.8671875 0.8796875 0.8640625 0.8859375 0.871875 0.89375 0.8796875 0.875 0.8671875 0.8796875
0 0.1125 0.63125 0.1109375 0.6375 0.1171875 0.6421875 0.1234375 0.6296875 0.1171875 0.625 0.1125 0.63125
0 0.3921875 0.465625 0.3890625 0.478125 0.396875 0.4796875 0.4 0.4671875 0.3921875 0.465625
0 0.753125 0.9828125 0.75 0.9984375 0.7609375 0.9921875 0.753125 0.9828125
0 0.7859375 0.6359375 0.7859375 0.65 0.7921875 0.6546875 0.79375 0.6359375 0.7859375 0.6359375
0 0.628125 0.7921875 0.625 0.8046875 0.634375 0.80625 0.6359375 0.7921875 0.628125 0.7921875
0 0.5 0.4921875 0.4984375 0.509375 0.50625 0.50625 0.50625 0.49375 0.5 0.4921875
0 0.6484375 0.4734375 0.6421875 0.4734375 0.64375 0.49375 0.6484375 0.49375 0.6484375 0.4734375
0 0.7625 0.51875 0.7609375 0.53125 0.7703125 0.5375 0.7734375 0.5296875 0.76875 0.51875 0.7625 0.51875
0 0.265625 0.5171875 0.2625 0.5296875 0.26875 0.5375 0.2703125 0.5234375 0.265625 0.5171875