0 0.7375 0.43125 0.7359375 0.4484375 0.7421875 0.4609375 0.74375 0.4421875 0.7375 0.43125
0 0.3171875 0.3796875 0.3125 0.384375 0.3125 0.4 0.3234375 0.39375 0.321875 0.38125 0.3171875 0.3796875
0 0.7609375 0.5890625 0.7609375 0.6046875 0.7734375 0.60625 0.7703125 0.5875 0.7609375 0.5890625
0 0.0046875 0.384375 0 0.384375 0 0.4 0.0078125 0.3921875 0.0046875 0.384375
0 0.003125 0.9296875 0 0.94375 0.00625 0.9515625 0.0125 0.946875 0.0125 0.9375 0.003125 0.9296875
0 0.14375 0.3421875 0.1421875 0.3484375 0.15 0.353125 0.1421875 0.3578125 0.15 0.3625 0.153125 0.340625 0.1484375 0.3375 0.14375 0.3421875
0 0.15625 0.721875 0.15 0.721875 0.15 0.73125 0.1609375 0.7375 0.1625 0.728125 0.15625 0.721875
0 0.3171875 0.3640625 0.3125 0.3671875 0.3125 0.4 0.3234375 0.39375 0.3171875 0.3640625
0 0.5890625 0.446875 0.5875 0.4625 0.59375 0.465625 0.5984375 0.4609375 0.5984375 0.4390625 0.5890625 0.446875
0 0.353125 0.79375 0.35 0.8015625 0.3546875 0.8125 0.3625 0.8171875 0.3640625 0.803125 0.359375 0.7921875 0.353125 0.79375
0 0.4421875 0.3671875 0.4390625 0.3796875 0.45 0.3796875 0.4515625 0.36875 0.4421875 0.3671875