0 0.58447265625 0.3194444444444444 0.583984375 0.3324652777777778 0.58642578125 0.3394097222222222 0.59228515625 0.3402777777777778 0.59423828125 0.3376736111111111 0.5966796875 0.3307291666666667 0.5966796875 0.3237847222222222 0.59423828125 0.3159722222222222 0.58837890625 0.3142361111111111 0.58447265625 0.3194444444444444
0 0.11572265625 0.2604166666666667 0.115234375 0.2699652777777778 0.1181640625 0.2847222222222222 0.12060546875 0.2890625 0.12744140625 0.2873263888888889 0.1279296875 0.2829861111111111 0.123046875 0.2621527777777778 0.11572265625 0.2604166666666667
0 0.4384765625 0.3446180555555556 0.4375 0.3541666666666667 0.44140625 0.3663194444444444 0.44580078125 0.3680555555555556 0.4501953125 0.3619791666666667 0.451171875 0.3472222222222222 0.44970703125 0.3411458333333333 0.4462890625 0.3376736111111111 0.4423828125 0.3376736111111111 0.4384765625 0.3446180555555556
0 0.78515625 0.6675347222222222 0.78564453125 0.6805555555555556 0.7880859375 0.6848958333333334 0.79345703125 0.6840277777777778 0.7939453125 0.6701388888888888 0.7919921875 0.6666666666666666 0.78515625 0.6675347222222222
0 0.34765625 0.7847222222222222 0.34765625 0.7925347222222222 0.353515625 0.7916666666666666 0.3525390625 0.7847222222222222 0.34765625 0.7847222222222222
0 0.11572265625 0.4392361111111111 0.11474609375 0.4505208333333333 0.11767578125 0.4557291666666667 0.12890625 0.4618055555555556 0.13134765625 0.4618055555555556 0.1337890625 0.4565972222222222 0.1337890625 0.4496527777777778 0.1318359375 0.4453125 0.12646484375 0.4435763888888889 0.12353515625 0.4392361111111111 0.11572265625 0.4392361111111111
0 0.1689453125 0.0642361111111111 0.16943359375 0.07552083333333333 0.17431640625 0.0859375 0.17919921875 0.0876736111111111 0.18212890625 0.08506944444444445 0.18212890625 0.0763888888888889 0.17578125 0.06336805555555555 0.17138671875 0.06076388888888889 0.1689453125 0.0642361111111111
0 0.1748046875 0.2534722222222222 0.17236328125 0.2578125 0.17236328125 0.2647569444444444 0.17431640625 0.2682291666666667 0.1767578125 0.2682291666666667 0.17919921875 0.2647569444444444 0.17919921875 0.2604166666666667 0.1748046875 0.2534722222222222
0 0.20654296875 0.5069444444444444 0.2060546875 0.5173611111111112 0.20849609375 0.5225694444444444 0.21435546875 0.5225694444444444 0.2197265625 0.5173611111111112 0.2197265625 0.5104166666666666 0.21728515625 0.5078125 0.20654296875 0.5069444444444444
0 0.734375 0.4756944444444444 0.73193359375 0.4800347222222222 0.73193359375 0.4878472222222222 0.734375 0.4930555555555556 0.73974609375 0.4921875 0.7421875 0.4869791666666667 0.7421875 0.4791666666666667 0.73974609375 0.4748263888888889 0.734375 0.4756944444444444
0 0.23681640625 0.2508680555555556 0.236328125 0.2560763888888889 0.23779296875 0.2595486111111111 0.24072265625 0.2534722222222222 0.23974609375 0.2508680555555556 0.23681640625 0.2508680555555556
0 0.57861328125 0.4348958333333333 0.57861328125 0.4470486111111111 0.5810546875 0.4496527777777778 0.58837890625 0.4479166666666667 0.58935546875 0.4348958333333333 0.587890625 0.4305555555555556 0.58056640625 0.4305555555555556 0.57861328125 0.4348958333333333
0 0.4130859375 0.4661458333333333 0.41064453125 0.4704861111111111 0.41064453125 0.4791666666666667 0.4140625 0.4869791666666667 0.4208984375 0.4869791666666667 0.42333984375 0.4809027777777778 0.42333984375 0.4722222222222222 0.42041015625 0.4661458333333333 0.4130859375 0.4661458333333333
0 0.44482421875 0.22395833333333334 0.44189453125 0.22916666666666666 0.44189453125 0.234375 0.447265625 0.2456597222222222 0.4501953125 0.2456597222222222 0.45849609375 0.234375 0.45849609375 0.2248263888888889 0.45458984375 0.21614583333333334 0.4501953125 0.21614583333333334 0.44482421875 0.22395833333333334