0 0.44375 0.1984375 0.4421875 0.21875 0.4515625 0.2234375 0.4546875 0.209375 0.45 0.2 0.44375 0.1984375
0 0.921875 0.69375 0.915625 0.7 0.915625 0.71875 0.925 0.7359375 0.93125 0.7375 0.9328125 0.7234375 0.921875 0.69375
0 0.0296875 0.1171875 0.03125 0.1375 0.0421875 0.146875 0.040625 0.1265625 0.0296875 0.1171875
0 0.3109375 0.246875 0.30625 0.246875 0.30625 0.2546875 0.31875 0.2734375 0.321875 0.2625 0.3109375 0.246875
0 0.26875 0.1484375 0.2671875 0.1671875 0.2734375 0.16875 0.2734375 0.15 0.26875 0.1484375
0 0.0921875 0.0765625 0.0890625 0.10625 0.0984375 0.1109375 0.1046875 0.1046875 0.10625 0.06875 0.09375 0.06875 0.0921875 0.0765625
0 0.26875 0.2234375 0.2671875 0.2296875 0.2734375 0.2390625 0.2859375 0.24375 0.2875 0.2359375 0.2828125 0.2296875 0.26875 0.2234375
0 0.1171875 0.146875 0.1203125 0.1515625 0.115625 0.1609375 0.1234375 0.1640625 0.1234375 0.1546875 0.1171875 0.146875
0 0.4671875 0.2828125 0.4625 0.2859375 0.4671875 0.2921875 0.48125 0.296875 0.4859375 0.29375 0.484375 0.284375 0.4671875 0.2828125
0 0.3625 0.16875 0.3640625 0.1984375 0.371875 0.2046875 0.371875 0.178125 0.3625 0.16875
0 0.21875 0.184375 0.2265625 0.1984375 0.2171875 0.2 0.2203125 0.209375 0.225 0.2171875 0.23125 0.2171875 0.2203125 0.20625 0.23125 0.2046875 0.2265625 0.1875 0.21875 0.184375