0 0.4375 0.915625 0.4359375 0.9265625 0.44375 0.9296875 0.4484375 0.91875 0.44375 0.9125 0.4375 0.915625
0 0.0796875 0.821875 0.075 0.8265625 0.075 0.84375 0.0765625 0.8484375 0.0859375 0.85 0.0921875 0.8421875 0.0921875 0.83125 0.0859375 0.821875 0.0796875 0.821875
0 0.5125 0.89375 0.5109375 0.9125 0.51875 0.90625 0.51875 0.8953125 0.5125 0.89375
0 0.2125 0.8234375 0.20625 0.8234375 0.20625 0.83125 0.21875 0.8375 0.2203125 0.83125 0.2125 0.8234375
0 0.23125 0.784375 0.2296875 0.7953125 0.2359375 0.8046875 0.2421875 0.79375 0.23125 0.784375
0 0.58125 0.4125 0.5796875 0.421875 0.5875 0.425 0.5921875 0.4171875 0.5859375 0.4078125 0.58125 0.4125
0 0.3765625 0.25 0.3796875 0.2734375 0.3859375 0.275 0.3859375 0.26484375 0.3796875 0.2640625 0.3859375 0.2546875 0.3765625 0.25
0 0.5625 0.6796875 0.5609375 0.6921875 0.5671875 0.696875 0.5734375 0.690625 0.5734375 0.6828125 0.56875 0.6765625 0.5625 0.6796875
0 0.3765625 0.5890625 0.3734375 0.609375 0.3796875 0.6125 0.38125 0.596875 0.3765625 0.5890625
0 0.1015625 0.15 0.1015625 0.16875 0.109375 0.1734375 0.1109375 0.153125 0.1015625 0.15
0 0.5203125 0.3109375 0.51875 0.3203125 0.5234375 0.3234375 0.5203125 0.3109375
0 0.625 0.2 0.6203125 0.209375 0.6234375 0.2265625 0.6296875 0.215625 0.625 0.2
0 0.2234375 0.3890625 0.21875 0.3921875 0.21875 0.4046875 0.2234375 0.40625 0.23125 0.403125 0.23125 0.39375 0.2234375 0.3890625