0 0.34375 0.9234375 0.3375 0.9296875 0.3375 0.9375 0.35625 0.94375 0.359375 0.925 0.34375 0.9234375
0 0.3390625 0.0140625 0.3375 0.025 0.34375 0.03125 0.353125 0.025 0.359375 0 0.34375 0.00625 0.3390625 0.0140625
0 0.34375 0.1875 0.3375 0.19375 0.340625 0.2 0.3484375 0.2 0.35 0.1875 0.34375 0.1875
0 0.35625 0.6171875 0.35 0.628125 0.3546875 0.6359375 0.3671875 0.63125 0.36875 0.6109375 0.35625 0.6171875
0 0.31875 0.503125 0.3140625 0.50625 0.31875 0.5234375 0.3375 0.525 0.3421875 0.51875 0.340625 0.5109375 0.31875 0.503125
0 0.2046875 0.5140625 0.2 0.521875 0.20625 0.53125 0.21875 0.5421875 0.2234375 0.540625 0.2234375 0.525 0.2171875 0.5140625 0.2046875 0.5140625
0 0.1375 0.5546875 0.1390625 0.5671875 0.13125 0.58125 0.146875 0.59375 0.1546875 0.59375 0.1625 0.55625 0.16875 0.55 0.16875 0.53125 0.1609375 0.5265625 0.1546875 0.55625 0.1421875 0.55 0.1375 0.5546875
0 0.359375 0.45625 0.35625 0.4609375 0.3609375 0.4734375 0.36875 0.475 0.36875 0.4625 0.359375 0.45625
0 0.3765625 0.2609375 0.3671875 0.2765625 0.3671875 0.2859375 0.378125 0.2796875 0.384375 0.26875 0.384375 0.259375 0.3765625 0.2609375
0 0.3859375 0.153125 0.38125 0.16875 0.3859375 0.1859375 0.39375 0.184375 0.39375 0.1744796875 0.384375 0.1671875 0.3859375 0.1625 0.39375 0.1645828125 0.39375 0.1546875 0.3921875 0.15 0.3859375 0.153125
0 0.39375 0.0859375 0.3890625 0.1046875 0.3984375 0.1078125 0.3890625 0.115625 0.3921875 0.1171875 0.4046875 0.0984375 0.40625 0.0859375 0.39375 0.0859375
0 0.3109375 0.73125 0.3125 0.753125 0.3171875 0.75 0.3171875 0.73125 0.3109375 0.73125