0 0.8796875 0.125 0.88125 0.1484375 0.8859375 0.14375 0.8859375 0.1296875 0.8796875 0.125
0 0.6796875 0.1265625 0.6765625 0.15 0.684375 0.15 0.6875 0.1296875 0.6796875 0.1265625
0 0.971875 0.025 0.96875 0.0421875 0.9734375 0.0421875 0.971875 0.025
0 0.6828125 0.3453125 0.68125 0.3609375 0.6875 0.3671875 0.6921875 0.3625 0.6828125 0.35625 0.6921875 0.3484375 0.690625 0.34375 0.6828125 0.3453125
0 0.5859375 0.4671875 0.5828125 0.48125 0.5859375 0.4875 0.5921875 0.4875 0.59375 0.4734375 0.5859375 0.4671875
0 0.7703125 0.55 0.7765625 0.5609375 0.76875 0.5640625 0.7734375 0.5671875 0.78125 0.5515625 0.778125 0.546875 0.7703125 0.55
0 0.61875 0.8484375 0.61875 0.8609375 0.63125 0.8625 0.63125 0.85 0.61875 0.8484375
0 0.753125 0.8125 0.7453125 0.81875 0.75 0.8265625 0.759375 0.81875 0.753125 0.8125
0 0.4984375 0.6046875 0.4921875 0.6046875 0.49375 0.625 0.5 0.625 0.4984375 0.6046875
0 0.6125 0.5546875 0.6046875 0.5625 0.6046875 0.5734375 0.6109375 0.5734375 0.6171875 0.565625 0.6171875 0.55625 0.6125 0.5546875
0 0.7078125 0.0375 0.70625 0.05 0.7171875 0.0515625 0.71875 0.0421875 0.7078125 0.0375
0 0.8 0.05 0.8 0.0671875 0.80625 0.06875 0.8078125 0.0546875 0.8 0.05
0 0.7546875 0 0.7453125 0 0.7453125 0.0109375 0.753125 0.01875 0.75625 0.0171875 0.75 0.0140625 0.7546875 0
0 0.5859375 0.4109375 0.5828125 0.4171875 0.5875 0.4234375 0.596875 0.425 0.59375 0.4109375 0.5859375 0.4109375
0 0.80625 0.2640625 0.8015625 0.2796875 0.8109375 0.28125 0.8125 0.2640625 0.80625 0.2640625