0 0.8546875 0.7671875 0.85 0.7671875 0.85 0.784375 0.8546875 0.7875 0.859375 0.7796875 0.8546875 0.7671875
0 0.4875 0.6375 0.4859375 0.6484375 0.49375 0.6484375 0.49375 0.6375 0.4875 0.6375
0 0.80625 0.59375 0.8046875 0.603125 0.8171875 0.609375 0.81875 0.5921875 0.80625 0.59375
0 0.6140625 0.44375 0.6125 0.459375 0.6203125 0.4625 0.6234375 0.4484375 0.61875 0.4421875 0.6140625 0.44375
0 0.34375 0.2609375 0.3421875 0.2765625 0.353125 0.2859375 0.35625 0.278125 0.34375 0.26875 0.35625 0.2640625 0.3515625 0.2546875 0.34375 0.2609375
0 0.4671875 0.25625 0.4625 0.2609375 0.465625 0.275 0.4734375 0.2703125 0.4734375 0.25625 0.4671875 0.25625
0 0.4859375 0.2859375 0.4921875 0.2953125 0.484375 0.3 0.4875 0.3046875 0.49375 0.2875 0.4859375 0.2859375
0 0.7296875 0.1640625 0.7296875 0.1796875 0.7375 0.18125 0.7375 0.16875 0.7296875 0.1640625
0 0.51875 0.0703125 0.5140625 0.0765625 0.5140625 0.0859375 0.51875 0.0890625 0.5234375 0.0859375 0.5234375 0.0703125 0.51875 0.0703125
0 0.63125 0.7453125 0.6296875 0.7515625 0.6375 0.7515625 0.6296875 0.7625 0.634375 0.7640625 0.6390625 0.7484375 0.6375 0.7421875 0.63125 0.7453125
0 0.665625 0.15625 0.6625 0.1671875 0.6734375 0.16875 0.671875 0.15625 0.665625 0.15625
0 0.3890625 0.853125 0.3875 0.865625 0.39375 0.8703125 0.3984375 0.8671875 0.3953125 0.85 0.3890625 0.853125
0 0.78125 0.3546875 0.7796875 0.3625 0.790625 0.3671875 0.7921875 0.3546875 0.78125 0.3546875
0 0.3890625 0.853125 0.3875 0.8671875 0.396875 0.8796875 0.3984375 0.85625 0.3953125 0.85 0.3890625 0.853125