0 0.4921875 0.9296875 0.4890625 0.9484375 0.503125 0.9484375 0.503125 0.9296875 0.4921875 0.9296875
0 0.6671875 0.678125 0.665625 0.69375 0.6734375 0.6984375 0.675 0.675 0.6671875 0.678125
0 0.4375 0.671875 0.43125 0.6765625 0.434375 0.6859375 0.4421875 0.6828125 0.4421875 0.671875 0.4375 0.671875
0 0.84375 0.8625 0.8421875 0.8765625 0.853125 0.88125 0.8546875 0.8640625 0.8484375 0.859375 0.84375 0.8625
0 0.4734375 0.8546875 0.4625 0.8546875 0.465625 0.8671875 0.4734375 0.8671875 0.4734375 0.8546875
0 0.7703125 0.6796875 0.7703125 0.6921875 0.7796875 0.696875 0.784375 0.690625 0.7796875 0.6765625 0.7703125 0.6796875
0 0.921875 0.8734375 0.9171875 0.8734375 0.91875 0.8859375 0.925 0.8859375 0.9265625 0.88125 0.921875 0.8734375
0 0.3671875 0.6453125 0.3625 0.6453125 0.3625 0.6671875 0.371875 0.6734375 0.3734375 0.659375 0.3671875 0.6453125
0 0.5765625 0.75625 0.5734375 0.775 0.578125 0.7765625 0.58125 0.759375 0.5765625 0.75625
0 0.509375 0.6515625 0.50625 0.659375 0.5109375 0.6671875 0.5203125 0.6671875 0.5203125 0.65625 0.509375 0.6515625
0 0.9859375 0.7015625 0.984375 0.715625 0.9921875 0.7234375 0.9984375 0.71875 0.9984375 0.70625 0.9859375 0.7015625
0 0.5515625 0.6828125 0.5515625 0.696875 0.565625 0.70625 0.565625 0.6875 0.5609375 0.6796875 0.5515625 0.6828125
0 0.56875 0.88125 0.5703125 0.9 0.5765625 0.89375 0.5765625 0.8859375 0.56875 0.88125
0 0.721875 0.86875 0.71875 0.878125 0.7296875 0.8859375 0.7359375 0.8796875 0.7359375 0.8703125 0.7296875 0.8625 0.721875 0.86875
0 0.8640625 0.68125 0.8640625 0.696875 0.871875 0.7015625 0.878125 0.6875 0.8640625 0.68125