0 0.5921875 0.8171875 0.5859375 0.8359375 0.5984375 0.8296875 0.6 0.81875 0.5921875 0.8171875
0 0.6046875 0.7421875 0.596875 0.7421875 0.596875 0.75625 0.609375 0.75625 0.6046875 0.7421875
0 0.759375 0.8390625 0.75625 0.853125 0.7625 0.8609375 0.7640625 0.84375 0.759375 0.8390625
0 0.1578125 0.56875 0.15625 0.578125 0.1625 0.5796875 0.1625 0.56875 0.1578125 0.56875
0 0.7453125 0.45 0.74375 0.4546875 0.75 0.453125 0.753125 0.4609375 0.75 0.45 0.7453125 0.45
0 0.16875 0.61875 0.1640625 0.6296875 0.1734375 0.63125 0.1734375 0.6203125 0.16875 0.61875
0 0.596875 0.53125 0.59375 0.546875 0.6 0.5484375 0.603125 0.534375 0.596875 0.53125
0 0.7453125 0.6453125 0.7375 0.6453125 0.7375 0.659375 0.75 0.659375 0.75 0.6484375 0.7453125 0.6453125
0 0.16484375 0.6046875 0.0078125 0.009375
0 0.6 0.7375 0.59375 0.74375 0.59375 0.7546875 0.6 0.7703125 0.6140625 0.7796875 0.61875 0.7640625 0.6125 0.75625 0.6109375 0.7421875 0.6 0.7375
0 0.5984375 0.425 0.6 0.4359375 0.5984375 0.4265625 0.609375 0.4265625 0.609375 0.41875 0.5984375 0.425
0 0.65625 0.7125 0.6546875 0.7234375 0.665625 0.7234375 0.665625 0.7109375 0.65625 0.7125
0 0.61875 0.9171875 0.6125 0.9171875 0.6125 0.93125 0.6171875 0.940625 0.6234375 0.940625 0.625 0.9265625 0.61875 0.9171875