0 0.26806640625 0.75 0.26611328125 0.7526041666666666 0.26611328125 0.7595486111111112 0.2685546875 0.7699652777777778 0.27392578125 0.7751736111111112 0.2822265625 0.7743055555555556 0.2822265625 0.7517361111111112 0.28076171875 0.7465277777777778 0.27685546875 0.7456597222222222 0.26806640625 0.75
0 0.48486328125 0.3819444444444444 0.484375 0.3932291666666667 0.48681640625 0.3949652777777778 0.49462890625 0.3949652777777778 0.49658203125 0.3897569444444444 0.49658203125 0.3819444444444444 0.49462890625 0.3776041666666667 0.48974609375 0.3776041666666667 0.48486328125 0.3819444444444444
0 0.0947265625 0.8741319444444444 0.09423828125 0.8897569444444444 0.1015625 0.8932291666666666 0.1064453125 0.8862847222222222 0.10693359375 0.8680555555555556 0.10107421875 0.8663194444444444 0.09765625 0.8680555555555556 0.0947265625 0.8741319444444444
0 0.14697265625 0.9348958333333334 0.1435546875 0.9435763888888888 0.1435546875 0.9505208333333334 0.14599609375 0.9565972222222222 0.1513671875 0.9600694444444444 0.15771484375 0.9522569444444444 0.1591796875 0.9392361111111112 0.15478515625 0.9331597222222222 0.14697265625 0.9348958333333334
0 0.24755859375 0.24739583333333334 0.24658203125 0.2682291666666667 0.2509765625 0.2699652777777778 0.25439453125 0.2578125 0.25439453125 0.25 0.2529296875 0.24739583333333334 0.24755859375 0.24739583333333334
0 0.208984375 0.6814236111111112 0.208984375 0.7013888888888888 0.2119140625 0.7039930555555556 0.21875 0.7022569444444444 0.2216796875 0.6935763888888888 0.2197265625 0.6805555555555556 0.21484375 0.6770833333333334 0.208984375 0.6814236111111112
0 0.1630859375 0.5833333333333334 0.1611328125 0.5876736111111112 0.1611328125 0.5954861111111112 0.1640625 0.6006944444444444 0.173828125 0.6006944444444444 0.1767578125 0.5946180555555556 0.1767578125 0.5859375 0.17431640625 0.5807291666666666 0.16796875 0.5789930555555556 0.1630859375 0.5833333333333334
0 0.55859375 0.7274305555555556 0.55810546875 0.7335069444444444 0.5615234375 0.7517361111111112 0.56689453125 0.7552083333333334 0.5693359375 0.7517361111111112 0.568359375 0.7300347222222222 0.56591796875 0.7248263888888888 0.55859375 0.7274305555555556
0 0.31640625 0.14930555555555555 0.314453125 0.15711805555555555 0.31689453125 0.1623263888888889 0.322265625 0.1623263888888889 0.33056640625 0.14930555555555555 0.33056640625 0.14583333333333334 0.32421875 0.1362847222222222 0.31640625 0.14930555555555555
0 0.40478515625 0.2074652777777778 0.40478515625 0.22135416666666666 0.41845703125 0.22395833333333334 0.419921875 0.2204861111111111 0.419921875 0.21180555555555555 0.4169921875 0.20833333333333334 0.40478515625 0.2074652777777778
0 0.58984375 0.6753472222222222 0.58935546875 0.6822916666666666 0.59228515625 0.6935763888888888 0.603515625 0.6935763888888888 0.6064453125 0.6892361111111112 0.60546875 0.6744791666666666 0.60107421875 0.6753472222222222 0.59375 0.671875 0.58984375 0.6753472222222222