0 0.3625 0.6875 0.3546875 0.6875 0.3546875 0.703125 0.359375 0.7078125 0.3640625 0.70625 0.3625 0.6875
0 0.1671875 0.184375 0.1609375 0.1875 0.16875 0.19375 0.1609375 0.2015625 0.171875 0.1921875 0.1671875 0.184375
0 0.3453125 0.2609375 0.34375 0.2640625 0.353125 0.2671875 0.34375 0.278125 0.353125 0.2828125 0.353125 0.2609375 0.3453125 0.2609375
0 0.096875 0.0578125 0.09375 0.0671875 0.0984375 0.06875 0.096875 0.0578125
0 0.4578125 0.78125 0.45625 0.8 0.4625 0.8 0.465625 0.7796875 0.4578125 0.78125
0 0.1921875 0.8734375 0.1890625 0.88125 0.19375 0.89375 0.1984375 0.8921875 0.2 0.88125 0.1984375 0.875 0.1921875 0.8734375
0 0.3140625 0.4625 0.3125 0.4671875 0.321875 0.4703125 0.3125 0.478125 0.3171875 0.48125 0.3234375 0.46875 0.3140625 0.4625
0 0.20625 0.6140625 0.2046875 0.634375 0.2109375 0.6359375 0.2125 0.6171875 0.20625 0.6140625
0 0.309375 0.9578125 0.3046875 0.9609375 0.30625 0.975 0.3171875 0.96875 0.3171875 0.9609375 0.309375 0.9578125
0 0.2125 0.3421875 0.2109375 0.3515625 0.21875 0.359375 0.21875 0.34375 0.2125 0.3421875
0 0.39375 0.5625 0.39375 0.5734375 0.40625 0.565625 0.4046875 0.5578125 0.39375 0.5625
0 0.3 0.1125 0.29375 0.1296875 0.296875 0.15 0.3046875 0.1546875 0.3109375 0.1203125 0.30625 0.1109375 0.3 0.1125
0 0.3875 0.6140625 0.3859375 0.6328125 0.39375 0.634375 0.4 0.628125 0.4 0.61875 0.39375 0.6125 0.3875 0.6140625
0 0.24375 0.146875 0.2421875 0.159375 0.2484375 0.1609375 0.2515625 0.15 0.2484375 0.14375 0.24375 0.146875
0 0.325 0.1703125 0.325 0.178125 0.340625 0.18125 0.3375 0.16875 0.325 0.1703125
0 0.3015625 0.1109375 0.296875 0.128125 0.3046875 0.1328125 0.309375 0.1171875 0.3015625 0.1109375