0 0.4546875 0.1046875 0.4515625 0.1171875 0.46875 0.1234375 0.4734375 0.1171875 0.4546875 0.1046875
0 0.534375 0.684375 0.53125 0.7 0.5375 0.7046875 0.5421875 0.6828125 0.5375 0.6796875 0.534375 0.684375
0 0.2859375 0.025 0.2734375 0.025 0.2734375 0.034375 0.2890625 0.04375 0.2921875 0.034375 0.2859375 0.025
0 0.2828125 0.7171875 0.28125 0.7484375 0.290625 0.7546875 0.290625 0.721875 0.2828125 0.7171875
0 0.4328125 0.31875 0.43125 0.3375 0.4421875 0.353125 0.4484375 0.34375 0.446875 0.3375 0.4421875 0.325 0.4328125 0.31875
0 0.2921875 0.1921875 0.2921875 0.2046875 0.303125 0.21875 0.309375 0.20625 0.2921875 0.1921875
0 0.19375 0.7546875 0.1921875 0.765625 0.1984375 0.775 0.1921875 0.7796875 0.196875 0.78125 0.2015625 0.759375 0.1953125 0.753125 0.2 0.74375 0.19375 0.7546875
0 0.309375 0.4421875 0.30625 0.4609375 0.3171875 0.4796875 0.3171875 0.446875 0.309375 0.4421875
0 0.39375 0.9046875 0.39375 0.934375 0.4 0.9359375 0.4 0.909375 0.39375 0.909375 0.39375 0.9046875
0 0.359375 0.13125 0.35625 0.1375 0.3625 0.146875 0.38125 0.1296875 0.3796875 0.125 0.36875 0.125 0.359375 0.13125
0 0.275 0.30625 0.2703125 0.30625 0.2703125 0.3125 0.2859375 0.3328125 0.290625 0.3234375 0.28125 0.3125 0.2734375 0.3140625 0.275 0.30625