0 0.43125 0.6375 0.43125 0.6484375 0.446875 0.6453125 0.4421875 0.6375 0.43125 0.6375
0 0.8015625 0.2921875 0.8 0.3 0.8125 0.3046875 0.8234375 0.3 0.8203125 0.290625 0.8015625 0.2921875
0 0.9140625 0.5703125 0.9125 0.575 0.915625 0.5765625 0.9203125 0.56875 0.925 0.5765625 0.93125 0.56875 0.9140625 0.5703125
0 0.6125 0.43125 0.6125 0.4421875 0.63125 0.4390625 0.6296875 0.43125 0.6125 0.43125
0 0.8359375 0.1421875 0.8328125 0.15 0.8421875 0.15625 0.859375 0.15625 0.8671875 0.15 0.8625 0.1421875 0.85 0.1375 0.8359375 0.1421875
0 0.703125 0.61875 0.7015625 0.628125 0.7125 0.63125 0.7171875 0.6234375 0.7109375 0.6171875 0.703125 0.61875
0 0.23125 0.6796875 0.2265625 0.6828125 0.2296875 0.690625 0.25 0.6859375 0.25 0.6796875 0.23125 0.6796875
0 0.16875 0.1640625 0.1625 0.1734375 0.1953125 0.1734375 0.1921875 0.1640625 0.16875 0.1640625
0 0.4078125 0.28125 0.4078125 0.2921875 0.4234375 0.2921875 0.4234375 0.28125 0.4078125 0.28125
0 0.9359375 0.4921875 0.9296875 0.49375 0.9296875 0.5046875 0.94375 0.50625 0.94375 0.49375 0.9359375 0.4921875
0 0.84375 0.2671875 0.8359375 0.26875 0.8359375 0.275 0.84375 0.28125 0.8546875 0.28125 0.853125 0.26875 0.84375 0.2671875
0 0.2859375 0.4375 0.2734375 0.4375 0.2734375 0.4421875 0.2859375 0.4484375 0.2984375 0.44375 0.2859375 0.4375
0 0.4921875 0.075 0.478125 0.075 0.4796875 0.084375 0.49375 0.084375 0.4921875 0.075