0 0.44091796875 0.3368055555555556 0.43896484375 0.3411458333333333 0.439453125 0.3446180555555556 0.44189453125 0.3454861111111111 0.4462890625 0.3420138888888889 0.45556640625 0.3532986111111111 0.45751953125 0.3515625 0.4541015625 0.3506944444444444 0.45458984375 0.3446180555555556 0.44970703125 0.3368055555555556 0.447265625 0.3368055555555556 0.4453125 0.3333333333333333 0.44091796875 0.3368055555555556
0 0.1953125 0.1623263888888889 0.19921875 0.1657986111111111 0.2021484375 0.16145833333333334 0.19775390625 0.1597222222222222 0.1953125 0.1623263888888889
0 0.26708984375 0.7517361111111112 0.26611328125 0.7569444444444444 0.26904296875 0.7734375 0.27294921875 0.7769097222222222 0.28125 0.7725694444444444 0.28173828125 0.7638888888888888 0.279296875 0.7465277777777778 0.27197265625 0.7473958333333334 0.26708984375 0.7517361111111112
0 0.48583984375 0.3819444444444444 0.484375 0.3897569444444444 0.48681640625 0.3949652777777778 0.49365234375 0.3949652777777778 0.49560546875 0.3914930555555556 0.49462890625 0.3819444444444444 0.49072265625 0.3784722222222222 0.48583984375 0.3819444444444444
0 0.0947265625 0.8767361111111112 0.09423828125 0.8836805555555556 0.09765625 0.8897569444444444 0.103515625 0.8897569444444444 0.1064453125 0.8854166666666666 0.10693359375 0.8723958333333334 0.10546875 0.8680555555555556 0.0986328125 0.8671875 0.0947265625 0.8767361111111112
0 0.05712890625 0.3515625 0.05517578125 0.3585069444444444 0.060546875 0.359375 0.06103515625 0.3515625 0.05712890625 0.3515625
0 0.1455078125 0.9409722222222222 0.14501953125 0.9522569444444444 0.14697265625 0.9574652777777778 0.15380859375 0.9574652777777778 0.1572265625 0.9522569444444444 0.158203125 0.9392361111111112 0.15673828125 0.9348958333333334 0.14892578125 0.9340277777777778 0.1455078125 0.9409722222222222
0 0.24658203125 0.2517361111111111 0.24560546875 0.2682291666666667 0.2509765625 0.2708333333333333 0.25390625 0.2604166666666667 0.25439453125 0.2508680555555556 0.25244140625 0.24739583333333334 0.24853515625 0.24739583333333334 0.24658203125 0.2517361111111111
0 0.365234375 0.4036458333333333 0.36572265625 0.4123263888888889 0.36962890625 0.4123263888888889 0.3701171875 0.4045138888888889 0.365234375 0.4036458333333333
0 0.25146484375 0.5043402777777778 0.251953125 0.5277777777777778 0.2587890625 0.5286458333333334 0.259765625 0.5026041666666666 0.25390625 0.5008680555555556 0.25146484375 0.5043402777777778
0 0.20849609375 0.6848958333333334 0.208984375 0.7022569444444444 0.21337890625 0.7065972222222222 0.2197265625 0.7022569444444444 0.2216796875 0.6970486111111112 0.2216796875 0.6883680555555556 0.2197265625 0.6805555555555556 0.21240234375 0.6796875 0.20849609375 0.6848958333333334
0 0.1630859375 0.5824652777777778 0.1611328125 0.5911458333333334 0.1630859375 0.5989583333333334 0.173828125 0.5989583333333334 0.17626953125 0.5911458333333334 0.17626953125 0.5850694444444444 0.17431640625 0.5815972222222222 0.1689453125 0.5789930555555556 0.1630859375 0.5824652777777778
0 0.44970703125 0.3376736111111111 0.447265625 0.3376736111111111 0.447265625 0.3411458333333333 0.4501953125 0.3402777777777778 0.44970703125 0.3454861111111111 0.453125 0.34375 0.45263671875 0.3506944444444444 0.4560546875 0.3532986111111111 0.45751953125 0.3506944444444444 0.44970703125 0.3376736111111111
0 0.55908203125 0.7282986111111112 0.55859375 0.734375 0.5615234375 0.7508680555555556 0.564453125 0.7560763888888888 0.56884765625 0.7560763888888888 0.5693359375 0.7378472222222222 0.56689453125 0.7256944444444444 0.5634765625 0.7248263888888888 0.55908203125 0.7282986111111112
0 0.31640625 0.1545138888888889 0.31640625 0.16145833333333334 0.3203125 0.1623263888888889 0.32421875 0.1579861111111111 0.32958984375 0.14583333333333334 0.32763671875 0.13975694444444445 0.32421875 0.13975694444444445 0.31640625 0.1545138888888889
0 0.40478515625 0.2074652777777778 0.4052734375 0.22135416666666666 0.419921875 0.2204861111111111 0.419921875 0.21180555555555555 0.41845703125 0.21006944444444445 0.40478515625 0.2074652777777778
0 0.58984375 0.6744791666666666 0.58935546875 0.6831597222222222 0.5927734375 0.6883680555555556 0.60009765625 0.6901041666666666 0.6015625 0.6927083333333334 0.6064453125 0.6901041666666666 0.60595703125 0.6814236111111112 0.5947265625 0.6727430555555556 0.591796875 0.671875 0.58984375 0.6744791666666666