0 0.5828125 0.5734375 0.58125 0.5953125 0.5859375 0.596875 0.59375 0.59375 0.59375 0.575 0.5828125 0.5734375
0 0.6578125 0.4109375 0.6484375 0.4109375 0.6484375 0.4234375 0.659375 0.4234375 0.6578125 0.4109375
0 0.75625 0.7375 0.75625 0.7609375 0.76875 0.7625 0.7703125 0.7453125 0.75625 0.7375
0 0.70625 0.5625 0.7046875 0.5703125 0.7109375 0.575 0.7046875 0.5828125 0.7078125 0.5859375 0.7125 0.5734375 0.70625 0.56875 0.7125 0.565625 0.70625 0.5625
0 0.4859375 0.2859375 0.490625 0.2921875 0.484375 0.296875 0.4875 0.3046875 0.4921875 0.3046875 0.49375 0.296875 0.4859375 0.2859375
0 0.425 0.05 0.4125 0.05 0.415625 0.06875 0.4265625 0.0671875 0.425 0.05
0 0.7984375 0.7890625 0.796875 0.7953125 0.8046875 0.8109375 0.8078125 0.8 0.7984375 0.7890625
0 0.5296875 0.39375 0.5234375 0.4 0.5234375 0.4125 0.534375 0.40625 0.5296875 0.39375
0 0.65625 0.825 0.65625 0.8421875 0.6625 0.8421875 0.665625 0.8359375 0.65625 0.8296875 0.665625 0.825 0.65625 0.825
0 0.446875 0.0046875 0.44375 0.00625 0.45 0.0234375 0.45625 0.025 0.45625 0.01640625 0.4484375 0.0140625 0.45625 0.0078125 0.446875 0.0046875
0 0.4359375 0.1125 0.43125 0.11875 0.4421875 0.1359375 0.4375 0.1265625 0.44375 0.125 0.4421875 0.1171875 0.4359375 0.1125
0 0.728125 0.9640625 0.725 0.9796875 0.7375 0.984375 0.7375 0.975 0.728125 0.9640625
0 0.5 0.0015625 0.00625 0.003125
0 0.8328125 0.921875 0.83125 0.9375 0.8375 0.9375 0.8390625 0.9265625 0.8328125 0.921875
0 0.9546875 0.6734375 0.94375 0.7171875 0.95625 0.696875 0.95 0.696875 0.95625 0.68671875 0.9546875 0.6734375
0 0.50078125 0.0015625 0.0046875 0.003125
0 0.6 0.2703125 0.5984375 0.284375 0.60625 0.2859375 0.609375 0.275 0.6 0.2703125
0 0.7140625 0.75 0.7125 0.7609375 0.71875 0.7640625 0.7234375 0.753125 0.7140625 0.75
0 0.53125 0.1 0.5265625 0.1109375 0.5359375 0.11875 0.540625 0.10625 0.5375 0.1 0.53125 0.1
0 0.6734375 0.9609375 0.6734375 0.9765625 0.68125 0.9796875 0.6828125 0.971875 0.6734375 0.9609375