0 0.8 0.346875 0.8 0.35625 0.8125 0.3546875 0.8078125 0.3453125 0.8 0.346875
0 0.4421875 0.6765625 0.4375 0.6765625 0.4375 0.6875 0.4421875 0.690625 0.4484375 0.6875 0.4484375 0.6796875 0.4421875 0.6765625
0 0.0125 0.4390625 0.0125 0.4484375 0.021875 0.4484375 0.0296875 0.4421875 0.028125 0.4375 0.0125 0.4390625
0 0.003125 0.5 0.003125 0.509375 0.0109375 0.509375 0.0125 0.5 0.003125 0.5
0 0.54375 0.546875 0.546875 0.5546875 0.5515625 0.55625 0.5515625 0.5484375 0.5625 0.5546875 0.5609375 0.55 0.54375 0.546875
0 0.63125 0.7703125 0.6296875 0.7859375 0.6546875 0.784375 0.65625 0.775 0.63125 0.7703125
0 0.2015625 0.39375 0.1921875 0.39375 0.1921875 0.4046875 0.2046875 0.4046875 0.2015625 0.39375
0 0.934375 0.7578125 0.9328125 0.7609375 0.9421875 0.7671875 0.9546875 0.7671875 0.9546875 0.7609375 0.946875 0.75625 0.934375 0.7578125
0 0.0765625 0.690625 0.078125 0.6984375 0.09375 0.6984375 0.084375 0.6875 0.0765625 0.690625
0 0.1109375 0.6671875 0.1046875 0.6671875 0.10625 0.6765625 0.1203125 0.6796875 0.1234375 0.6734375 0.1109375 0.6671875
0 0.0765625 0.7984375 0.0703125 0.8015625 0.08125 0.8109375 0.0984375 0.8046875 0.09375 0.7984375 0.0765625 0.7984375
0 0.4171875 0.3734375 0.4171875 0.3859375 0.434375 0.384375 0.4296875 0.375 0.4171875 0.3734375
0 0.63125 0.7765625 0.6296875 0.7859375 0.6390625 0.7796875 0.64375 0.7859375 0.64375 0.7796875 0.63125 0.7765625
0 0.5828125 0.3421875 0.5828125 0.353125 0.6 0.3484375 0.6 0.34375 0.5828125 0.3421875
0 0.2671875 0.5515625 0.2625 0.5609375 0.28125 0.5609375 0.2796875 0.5515625 0.2671875 0.5515625
0 0.7953125 0.615625 0.7984375 0.625 0.80625 0.6234375 0.803125 0.6125 0.7953125 0.615625