0 0.0140625 0.26875 0.0078125 0.28125 0.0125 0.290625 0.025 0.275 0.0203125 0.2640625 0.0140625 0.26875
0 0.0921875 0.0140625 0.0890625 0.025 0.09375 0.03125 0.1015625 0.03125 0.1046875 0.0203125 0.1 0.0140625 0.0921875 0.0140625
0 0.2015625 0.2546875 0.2015625 0.26875 0.2171875 0.2671875 0.2125 0.25625 0.2015625 0.2546875
0 0.109375 0.2296875 0.1015625 0.2359375 0.1046875 0.246875 0.1171875 0.240625 0.115625 0.23125 0.109375 0.2296875
0 0.0625 0.75 0.0546875 0.75 0.0546875 0.7703125 0.0625 0.775 0.0625 0.75
0 0.178125 0.5890625 0.175 0.603125 0.18125 0.609375 0.1859375 0.6046875 0.1859375 0.5875 0.178125 0.5890625
0 0.16875 0.2 0.1671875 0.215625 0.178125 0.21875 0.1796875 0.1984375 0.1734375 0.19375 0.16875 0.2
0 0.06875 0.446875 0.0671875 0.465625 0.075 0.4625 0.075 0.4484375 0.06875 0.446875
0 0.225 0.3625 0.21875 0.3625 0.221875 0.3875 0.2265625 0.3859375 0.225 0.3625
0 0.2609375 0.75625 0.25625 0.7625 0.25625 0.784375 0.2609375 0.7859375 0.2703125 0.7734375 0.2671875 0.75625 0.2609375 0.75625
0 0.2640625 0.7 0.2625 0.7109375 0.278125 0.7109375 0.2796875 0.6984375 0.2640625 0.7
0 0.3328125 0.9515625 0.33125 0.965625 0.3390625 0.96875 0.34375 0.95625 0.3359375 0.95 0.34375 0.946875 0.3421875 0.94375 0.3328125 0.9515625
0 0.2203125 0.8375 0.2265625 0.8453125 0.21875 0.84921875 0.21875 0.859375 0.225 0.8640625 0.23125 0.8609375 0.23125 0.8546875 0.2203125 0.8375