0 0.1162109375 0.2604166666666667 0.115234375 0.2725694444444444 0.1181640625 0.2847222222222222 0.123046875 0.2907986111111111 0.1259765625 0.2890625 0.1279296875 0.2829861111111111 0.123046875 0.2621527777777778 0.12060546875 0.2595486111111111 0.1162109375 0.2604166666666667
0 0.4384765625 0.34375 0.4384765625 0.3602430555555556 0.4423828125 0.3671875 0.44677734375 0.3671875 0.44970703125 0.3628472222222222 0.451171875 0.3559027777777778 0.44970703125 0.3411458333333333 0.44677734375 0.3376736111111111 0.443359375 0.3376736111111111 0.4384765625 0.34375
0 0.11572265625 0.4392361111111111 0.11474609375 0.4487847222222222 0.11767578125 0.4557291666666667 0.12890625 0.4618055555555556 0.1318359375 0.4609375 0.1337890625 0.4565972222222222 0.1328125 0.4496527777777778 0.12939453125 0.4453125 0.12255859375 0.4401041666666667 0.11572265625 0.4392361111111111
0 0.1689453125 0.0642361111111111 0.1689453125 0.07378472222222222 0.17236328125 0.08246527777777778 0.17724609375 0.0876736111111111 0.18212890625 0.08506944444444445 0.18212890625 0.0763888888888889 0.17626953125 0.0625 0.17138671875 0.06076388888888889 0.1689453125 0.0642361111111111
0 0.78515625 0.6684027777777778 0.78515625 0.6788194444444444 0.78759765625 0.6848958333333334 0.79345703125 0.6848958333333334 0.79345703125 0.6675347222222222 0.78857421875 0.6657986111111112 0.78515625 0.6684027777777778
0 0.17333984375 0.2560763888888889 0.17236328125 0.2647569444444444 0.1748046875 0.2682291666666667 0.1796875 0.2647569444444444 0.1767578125 0.2552083333333333 0.17333984375 0.2560763888888889
0 0.23681640625 0.2517361111111111 0.23681640625 0.2578125 0.23876953125 0.2595486111111111 0.24072265625 0.2560763888888889 0.24072265625 0.2517361111111111 0.23681640625 0.2517361111111111
0 0.20751953125 0.5069444444444444 0.2060546875 0.5095486111111112 0.2060546875 0.5182291666666666 0.208984375 0.5234375 0.21923828125 0.5190972222222222 0.2197265625 0.5104166666666666 0.21728515625 0.5078125 0.20751953125 0.5069444444444444
0 0.57958984375 0.4314236111111111 0.578125 0.4348958333333333 0.57861328125 0.4470486111111111 0.58251953125 0.4496527777777778 0.58837890625 0.4479166666666667 0.58837890625 0.4305555555555556 0.57958984375 0.4314236111111111
0 0.18505859375 0.6493055555555556 0.18212890625 0.6493055555555556 0.18408203125 0.6614583333333334 0.1865234375 0.6597222222222222 0.18505859375 0.6493055555555556
0 0.34814453125 0.7847222222222222 0.34814453125 0.7925347222222222 0.353515625 0.7916666666666666 0.3525390625 0.7847222222222222 0.34814453125 0.7847222222222222
0 0.412109375 0.4678819444444444 0.41064453125 0.4713541666666667 0.41064453125 0.4800347222222222 0.412109375 0.4835069444444444 0.416015625 0.4878472222222222 0.4189453125 0.4878472222222222 0.42236328125 0.4835069444444444 0.423828125 0.4756944444444444 0.4208984375 0.4661458333333333 0.412109375 0.4678819444444444
0 0.44384765625 0.22569444444444445 0.44189453125 0.234375 0.4482421875 0.2456597222222222 0.4501953125 0.2456597222222222 0.45849609375 0.23350694444444445 0.45849609375 0.22569444444444445 0.453125 0.21614583333333334 0.4501953125 0.21614583333333334 0.44384765625 0.22569444444444445
0 0.583984375 0.3203125 0.58349609375 0.3307291666666667 0.58642578125 0.3394097222222222 0.591796875 0.3411458333333333 0.5947265625 0.3368055555555556 0.5966796875 0.3272569444444444 0.5947265625 0.3159722222222222 0.58837890625 0.3142361111111111 0.583984375 0.3203125
0 0.73486328125 0.4748263888888889 0.73193359375 0.4800347222222222 0.732421875 0.4878472222222222 0.73486328125 0.4930555555555556 0.73876953125 0.4930555555555556 0.74169921875 0.4878472222222222 0.7421875 0.4800347222222222 0.73974609375 0.4748263888888889 0.73486328125 0.4748263888888889