0 0.0875 0.1 0.0859375 0.1125 0.0953125 0.1203125 0.1 0.115625 0.0984375 0.10625 0.0875 0.1
0 0.7 0.628125 0.70625 0.6375 0.6984375 0.6421875 0.7046875 0.64375 0.7109375 0.628125 0.7 0.628125
0 0.4703125 0.403125 0.46875 0.4140625 0.475 0.415625 0.48125 0.403125 0.4703125 0.403125
0 0.11875 0.03125 0.1203125 0.0546875 0.1296875 0.0609375 0.1296875 0.0375 0.11875 0.03125
0 0.509375 0.6671875 0.5046875 0.6671875 0.5046875 0.675 0.5125 0.6859375 0.5171875 0.675 0.509375 0.6671875
0 0.39375 0.0796875 0.39375 0.0984375 0.4015625 0.10625 0.4046875 0.0921875 0.4 0.0796875 0.39375 0.0796875
0 0.5546875 0.45625 0.5515625 0.478125 0.5609375 0.48125 0.5609375 0.4625 0.5546875 0.45625
0 0.7640625 0.40625 0.7625 0.4296875 0.76875 0.4296875 0.7703125 0.4109375 0.7640625 0.40625
0 0.5 0.4421875 0.496875 0.4546875 0.50625 0.4578125 0.50625 0.4484375 0.5 0.4421875
0 0.503125 0.2125 0.5 0.215625 0.50625 0.2203125 0.5 0.2296875 0.50625 0.234375 0.509375 0.2234375 0.503125 0.2125
0 0.65 0.209375 0.65 0.228125 0.6578125 0.23125 0.659375 0.2171875 0.65625 0.209375 0.65 0.209375