0 0.6859375 0.8015625 0.6828125 0.8171875 0.6953125 0.825 0.6984375 0.8078125 0.6859375 0.8015625
0 0.7390625 0.9796875 0.7375 0.99375 0.746875 0.99375 0.7484375 0.984375 0.7390625 0.9796875
0 0.58125 0.33125 0.56875 0.33125 0.56875 0.34375 0.5734375 0.3484375 0.58125 0.3453125 0.58125 0.33125
0 0.465625 0.31875 0.4609375 0.3234375 0.4625 0.3328125 0.4703125 0.3375 0.465625 0.31875
0 0.49375 0.4375 0.4921875 0.446875 0.496875 0.4546875 0.50625 0.434375 0.5 0.43125 0.49375 0.4375
0 0.678125 0.7546875 0.675 0.7609375 0.6796875 0.7609375 0.678125 0.7546875
0 0.4109375 0.0625 0.40625 0.0625 0.40625 0.0796875 0.4171875 0.08125 0.4171875 0.0671875 0.4109375 0.0625
0 0.59375 0.875 0.5921875 0.884375 0.5984375 0.8921875 0.603125 0.875 0.5984375 0.8703125 0.59375 0.875
0 0.6484375 0.8046875 0.6453125 0.825 0.6515625 0.8265625 0.65625 0.8234375 0.65625 0.8078125 0.6484375 0.8046875
0 0.5421875 0.61875 0.5375 0.6234375 0.5375 0.6390625 0.5484375 0.64375 0.55 0.625 0.5421875 0.61875
0 0.4890625 0.028125 0.4875 0.0421875 0.496875 0.046875 0.4984375 0.0375 0.4890625 0.028125
0 0.425 0.1359375 0.4296875 0.140625 0.4234375 0.1484375 0.425 0.15625 0.43125 0.1578125 0.43125 0.1421875 0.425 0.1359375
0 0.6109375 0.475 0.609375 0.4859375 0.6140625 0.4921875 0.6171875 0.475 0.6109375 0.475
0 0.6484375 0.6296875 0.6484375 0.6515625 0.65625 0.6515625 0.6609375 0.6375 0.6484375 0.6296875
0 0.71875 0.8546875 0.71875 0.86875 0.728125 0.875 0.728125 0.8625 0.71875 0.8546875
0 0.44375 0.034375 0.44375 0.0484375 0.45 0.05 0.4484375 0.034375 0.44375 0.034375
0 0.5171875 0.1484375 0.5140625 0.1609375 0.5234375 0.16875 0.5234375 0.15 0.5171875 0.1484375