0 0.49375 0.9265625 0.4984375 0.934375 0.4921875 0.9375 0.49375 0.94375 0.5 0.9484375 0.5 0.9359375 0.49375 0.9265625
0 0.4390625 0.66875 0.43125 0.6765625 0.4359375 0.6875 0.4421875 0.6796875 0.4328125 0.6765625 0.4390625 0.66875
0 0.84375 0.8625 0.8421875 0.8765625 0.85 0.884375 0.8546875 0.8671875 0.8484375 0.859375 0.84375 0.8625
0 0.6671875 0.678125 0.665625 0.69375 0.671875 0.6984375 0.675 0.675 0.6671875 0.678125
0 0.4734375 0.8546875 0.4625 0.8546875 0.465625 0.8671875 0.4734375 0.8671875 0.4734375 0.8546875
0 0.7734375 0.6765625 0.76875 0.6875 0.7765625 0.696875 0.78125 0.69375 0.78125 0.68125 0.7734375 0.6765625
0 0.925 0.8734375 0.9171875 0.8734375 0.91875 0.8859375 0.9296875 0.88125 0.925 0.8734375
0 0.3640625 0.6484375 0.3625 0.6671875 0.3703125 0.6734375 0.371875 0.65 0.3640625 0.6484375
0 0.58125 0.75625 0.5734375 0.75625 0.5734375 0.775 0.58125 0.7734375 0.58125 0.75625
0 0.509375 0.6515625 0.50625 0.6609375 0.5109375 0.6671875 0.51875 0.6671875 0.5203125 0.65625 0.509375 0.6515625
0 0.9859375 0.7046875 0.9875 0.71875 0.9984375 0.7234375 0.9984375 0.7078125 0.9859375 0.7046875
0 0.7234375 0.865625 0.721875 0.88125 0.728125 0.8859375 0.7359375 0.8796875 0.7359375 0.8703125 0.73125 0.8640625 0.7234375 0.865625
0 0.5515625 0.6828125 0.5515625 0.6984375 0.5578125 0.70625 0.565625 0.70625 0.5671875 0.69375 0.55625 0.6796875 0.5515625 0.6828125
0 0.56875 0.88125 0.5671875 0.8875 0.5734375 0.8953125 0.5671875 0.8984375 0.5734375 0.9 0.575 0.8859375 0.56875 0.88125
0 0.8671875 0.6796875 0.8671875 0.6984375 0.875 0.7 0.878125 0.69375 0.8734375 0.68125 0.8671875 0.6796875