0 0.9953125 0.3734375 0.9921875 0.39375 0.9984375 0.3953125 0.9953125 0.3734375
0 0.8859375 0.3796875 0.88125 0.3796875 0.88125 0.39375 0.890625 0.4 0.8921875 0.3875 0.8859375 0.3796875
0 0.784375 0.4 0.7734375 0.4 0.7765625 0.4171875 0.784375 0.4125 0.784375 0.4
0 0.4796875 0.5484375 0.4796875 0.5578125 0.4875 0.55625 0.4875 0.5484375 0.4796875 0.5484375
0 0.8296875 0.5765625 0.825 0.590625 0.834375 0.5984375 0.8421875 0.58125 0.8296875 0.5765625
0 0.6875 0.4171875 0.6796875 0.4171875 0.68125 0.4359375 0.6875 0.434375 0.6875 0.4171875
0 0.9875 0.5734375 0.9859375 0.5765625 0.99375 0.575 0.9953125 0.5796875 0.9859375 0.5875 0.9921875 0.5890625 0.9984375 0.5828125 0.9921875 0.571875 0.9875 0.5734375
0 0.6375 0.6140625 0.6359375 0.625 0.6421875 0.625 0.64375 0.6125 0.6375 0.6140625
0 0.9796875 0.4484375 0.9859375 0.4546875 0.978125 0.4609375 0.9828125 0.46875 0.9875 0.465625 0.9875 0.45625 0.9859375 0.45 0.9796875 0.4484375
0 0.4875 0.4640625 0.4859375 0.4765625 0.490625 0.4796875 0.4984375 0.4671875 0.496875 0.4625 0.4875 0.4640625
0 0.4859375 0.6140625 0.4796875 0.6265625 0.484375 0.6359375 0.49375 0.6203125 0.49375 0.6140625 0.4859375 0.6140625
0 0.9625 0.3859375 0.9578125 0.3859375 0.9609375 0.39375 0.9625 0.3859375
0 0.5625 0.4578125 0.5609375 0.4671875 0.565625 0.4734375 0.571875 0.4609375 0.56875 0.45625 0.5625 0.4578125
0 0.353125 0.7640625 0.35 0.7734375 0.3546875 0.78125 0.3609375 0.7765625 0.3609375 0.7671875 0.353125 0.7640625
0 0.7109375 0.5921875 0.7078125 0.6 0.7109375 0.6125 0.715625 0.6125 0.7171875 0.59375 0.7109375 0.5921875
0 0.525 0.6171875 0.525 0.628125 0.534375 0.628125 0.5375 0.6140625 0.525 0.6171875