0 0.675 0.115625 0.671875 0.1390625 0.6796875 0.1390625 0.675 0.13125 0.68125 0.128125 0.6828125 0.1171875 0.675 0.115625
0 0.4890625 0.29375 0.490625 0.3140625 0.49375 0.29375 0.4890625 0.29375
0 0.6671875 0.3703125 0.66875 0.384375 0.675 0.3796875 0.675 0.371875 0.6671875 0.3703125
0 0.1390625 0.0421875 0.1375 0.053125 0.1421875 0.05625 0.1484375 0.0515625 0.1390625 0.04375 0.1484375 0.040625 0.1421875 0.0375 0.1390625 0.0421875
0 0.003125 0.41484375 0.00625 0.0203125
0 0.384375 0.1859375 0.38125 0.19375 0.3890625 0.2 0.39375 0.1875 0.384375 0.1859375
0 0.246875 0.29375 0.24375 0.3046875 0.25 0.309375 0.2515625 0.3 0.246875 0.29375
0 0.2015625 0.0859375 0.2 0.0984375 0.2109375 0.1 0.2109375 0.0875 0.2015625 0.0859375
0 0.0921875 0.3078125 0.0890625 0.3140625 0.1 0.325 0.1046875 0.31875 0.1 0.30625 0.0921875 0.3078125
0 0.4078125 0.10625 0.40625 0.1140625 0.4109375 0.1234375 0.4171875 0.125 0.4171875 0.10625 0.4078125 0.10625
0 0.528125 0.39375 0.5234375 0.39375 0.53125 0.4015625 0.5234375 0.40625 0.5265625 0.415625 0.5328125 0.41875 0.5359375 0.40625 0.528125 0.39375
0 0.5359375 0.1375 0.534375 0.1546875 0.5390625 0.1578125 0.546875 0.15 0.546875 0.1375 0.5359375 0.1375
0 0.6171875 0.55625 0.6125 0.55625 0.6125 0.565625 0.61875 0.5671875 0.6125 0.575 0.6171875 0.5796875 0.6171875 0.55625
0 0.6046875 0.33125 0.6 0.340625 0.6109375 0.3421875 0.6109375 0.33125 0.6046875 0.33125