0 0.5796875 0.6984375 0.5734375 0.70625 0.575 0.71875 0.58125 0.71875 0.5859375 0.7109375 0.5796875 0.6984375
0 0.2375 0.275 0.2375 0.290625 0.2453125 0.2921875 0.246875 0.2796875 0.2375 0.275
0 0.2921875 0.36875 0.290625 0.3796875 0.3 0.3859375 0.3015625 0.371875 0.2921875 0.36875
0 0.428125 0.5046875 0.4234375 0.5046875 0.4234375 0.5234375 0.4296875 0.5203125 0.428125 0.5046875
0 0.7875 0.7796875 0.78125 0.78125 0.78125 0.790625 0.7859375 0.79375 0.79375 0.790625 0.79375 0.78125 0.7875 0.7796875
0 0.5234375 0.4171875 0.5203125 0.4234375 0.525 0.4375 0.5359375 0.4359375 0.5359375 0.41875 0.5234375 0.4171875
0 0.4125 0.2484375 0.4109375 0.265625 0.4171875 0.2671875 0.4171875 0.2484375 0.4125 0.2484375
0 0.31875 0.1640625 0.31875 0.178125 0.3265625 0.18125 0.3296875 0.16875 0.31875 0.1640625
0 0.184375 0.2171875 0.1734375 0.2171875 0.1765625 0.2375 0.184375 0.2359375 0.184375 0.2171875
0 0.3765625 0.3484375 0.375 0.3671875 0.38125 0.3671875 0.384375 0.353125 0.3765625 0.3484375
0 0.5015625 0.6109375 0.5 0.6203125 0.50625 0.625 0.5109375 0.6140625 0.5015625 0.6109375
0 0.3359375 0.3859375 0.3328125 0.403125 0.3484375 0.4046875 0.3484375 0.3859375 0.3359375 0.3859375
0 0.6796875 0.6125 0.675 0.6125 0.675 0.625 0.6828125 0.6234375 0.6796875 0.6125
0 0.7640625 0.8359375 0.7625 0.84375 0.7734375 0.85 0.7734375 0.8421875 0.7640625 0.8359375
0 0.9359375 0.81875 0.93125 0.828125 0.940625 0.8359375 0.94375 0.821875 0.9359375 0.81875
0 0.36875 0.1375 0.3640625 0.1390625 0.3640625 0.1484375 0.375 0.146875 0.375 0.1375 0.36875 0.1375
0 0.734375 0.8859375 0.725 0.8859375 0.725 0.8984375 0.7375 0.8984375 0.7390625 0.8890625 0.734375 0.8859375
0 0.671875 0.80625 0.66875 0.8125 0.6796875 0.821875 0.6828125 0.8125 0.671875 0.80625
0 0.6171875 0.5375 0.6140625 0.5421875 0.6203125 0.5546875 0.6140625 0.55625 0.61875 0.5609375 0.6234375 0.540625 0.6171875 0.5375
0 0.7546875 0.725 0.75 0.7375 0.7625 0.7453125 0.7640625 0.7359375 0.7546875 0.725