0 0.66875 0.2546875 0.6671875 0.275 0.6796875 0.275 0.6796875 0.25625 0.66875 0.2546875
0 0.8953125 0.9390625 0.9046875 0.95 0.89375 0.953125 0.8984375 0.9578125 0.9046875 0.9546875 0.90625 0.9421875 0.9046875 0.9375 0.8953125 0.9390625
0 0.73125 0.978125 0.73125 0.9859375 0.74375 0.9875 0.740625 0.978125 0.73125 0.978125
0 0.821875 0.746875 0.81875 0.7609375 0.8328125 0.7734375 0.8359375 0.75625 0.821875 0.746875
0 0.6453125 0.5734375 0.64375 0.5859375 0.6546875 0.59375 0.659375 0.5734375 0.65625 0.56875 0.6453125 0.5734375
0 0.8640625 0.8 0.8703125 0.809375 0.8625 0.8140625 0.871875 0.8234375 0.875 0.8125 0.8640625 0.8
0 0.721875 0.828125 0.71875 0.8484375 0.7234375 0.85 0.728125 0.83125 0.721875 0.828125
0 0.790625 0.9796875 0.7875 0.99375 0.79375 0.9984375 0.796875 0.9875 0.790625 0.9796875
0 0.5546875 0.2734375 0.55 0.2734375 0.55625 0.2796875 0.55 0.284375 0.5546875 0.2875 0.5546875 0.2734375
0 0.7703125 0.5671875 0.76875 0.5875 0.7734375 0.5921875 0.7796875 0.5859375 0.78125 0.56875 0.7703125 0.5671875
0 0.503125 0.0921875 0.5 0.10625 0.5109375 0.115625 0.5125 0.1 0.503125 0.0921875
0 0.5875 0.3890625 0.5859375 0.396875 0.5921875 0.403125 0.6 0.3890625 0.5984375 0.38125 0.59375 0.3796875 0.5875 0.3890625
0 0.48125 0.0234375 0.4796875 0.0375 0.4921875 0.0421875 0.4921875 0.025 0.48125 0.0234375
0 0.6015625 0.0796875 0.6046875 0.0859375 0.5984375 0.0921875 0.6 0.0984375 0.60625 0.1 0.6015625 0.0796875
0 0.7796875 0.7578125 0.7765625 0.76875 0.784375 0.7734375 0.7875 0.75625 0.7796875 0.7578125
0 0.71875 0.4046875 0.71875 0.421875 0.725 0.421875 0.728125 0.40625 0.71875 0.4046875