0 0.8203125 0.090625 0.821875 0.1 0.83125 0.1 0.8359375 0.09375 0.8328125 0.0859375 0.8203125 0.090625
0 0.115625 0.0859375 0.1109375 0.0875 0.1109375 0.096875 0.1296875 0.09375 0.128125 0.0859375 0.115625 0.0859375
0 0.8140625 0.425 0.8 0.425 0.8015625 0.4359375 0.8125 0.4359375 0.8140625 0.425
0 0.1921875 0.01875 0.1859375 0.03125 0.2 0.03125 0.2 0.0203125 0.1921875 0.01875
0 0.2609375 0.50625 0.25 0.5109375 0.25 0.515625 0.2578125 0.509375 0.2609375 0.5171875 0.2734375 0.5109375 0.2609375 0.50625
0 0.6375 0.0515625 0.6375 0.0625 0.65625 0.0609375 0.6484375 0.0515625 0.6375 0.0515625
0 0.6765625 0.2796875 0.6765625 0.2875 0.696875 0.2859375 0.6921875 0.278125 0.6765625 0.2796875
0 0.40625 0.0546875 0.40625 0.0671875 0.4171875 0.0671875 0.4171875 0.0578125 0.40625 0.0546875
0 0.9984375 0.2828125 0.9875 0.2859375 0.9875 0.2921875 0.9984375 0.29375 0.9984375 0.2828125
0 0.409375 0.3515625 0.4109375 0.3625 0.421875 0.359375 0.4171875 0.35 0.409375 0.3515625
0 0.53125 0.65625 0.525 0.665625 0.53125 0.6578125 0.540625 0.6671875 0.540625 0.65625 0.53125 0.65625
0 0.5734375 0.5265625 0.571875 0.534375 0.5796875 0.540625 0.603125 0.540625 0.6 0.53125 0.5734375 0.5265625
0 0.5984375 0.53125 0.5859375 0.53125 0.5859375 0.540625 0.603125 0.540625 0.6046875 0.5359375 0.5984375 0.53125