0 0.36875 0.4234375 0.36875 0.434375 0.3765625 0.4421875 0.371875 0.4359375 0.3765625 0.434375 0.375 0.4265625 0.36875 0.4234375
0 0.1953125 0.50625 0.1921875 0.5375 0.2 0.5421875 0.2125 0.5203125 0.2125 0.509375 0.2078125 0.4984375 0.2015625 0.4984375 0.1953125 0.50625
0 0.165625 0.509375 0.1609375 0.509375 0.1609375 0.5203125 0.16875 0.5234375 0.171875 0.5140625 0.165625 0.509375
0 0.2875 0.70625 0.2828125 0.70625 0.2859375 0.7296875 0.2921875 0.7234375 0.2875 0.70625
0 0.0578125 0.784375 0.05625 0.796875 0.0625 0.7984375 0.06875 0.7921875 0.0609375 0.7828125 0.06875 0.778125 0.0671875 0.775 0.0578125 0.784375
0 0.203125 0.4984375 0.2 0.51875 0.209375 0.5234375 0.2109375 0.50625 0.209375 0.5 0.203125 0.4984375
0 0.1875 0.7875 0.18125 0.7921875 0.184375 0.8015625 0.19375 0.796875 0.1921875 0.7875 0.1875 0.7875
0 0.3125 0.44375 0.30625 0.44375 0.309375 0.4578125 0.3171875 0.45625 0.3125 0.44375
0 0.228125 0.5875 0.2265625 0.6 0.2359375 0.6046875 0.2359375 0.5890625 0.228125 0.5875
0 0.1125 0.5765625 0.1125 0.5921875 0.1234375 0.5921875 0.125 0.5875 0.1125 0.58125 0.1140625 0.5765625 0.125 0.5734375 0.1171875 0.571875 0.1125 0.5765625
0 0.1 0.728125 0.0984375 0.7375 0.1046875 0.7421875 0.109375 0.7296875 0.10625 0.725 0.1 0.728125