0 0.7640625 0.3234375 0.7640625 0.3375 0.7734375 0.34375 0.7734375 0.3296875 0.76875 0.321875 0.7640625 0.3234375
0 0.7640625 0.625 0.7625 0.6359375 0.7734375 0.64375 0.7734375 0.63125 0.7640625 0.625
0 0.325 0.8 0.325 0.8140625 0.334375 0.8140625 0.3359375 0.8 0.325 0.8
0 0.15625 0.7171875 0.153125 0.7265625 0.1625 0.7296875 0.16875 0.71875 0.1625 0.7140625 0.15625 0.7171875
0 0.2765625 0.44375 0.2703125 0.4515625 0.2703125 0.4609375 0.28125 0.4546875 0.2734375 0.4484375 0.28125 0.44375 0.2765625 0.44375
0 0.434375 0.425 0.43125 0.4375 0.4375 0.4421875 0.4390625 0.43125 0.434375 0.425
0 0.8109375 0.41875 0.8078125 0.4375 0.815625 0.4375 0.8171875 0.425 0.8109375 0.41875
0 0.4875 0.69375 0.484375 0.7046875 0.496875 0.70625 0.4984375 0.6984375 0.4875 0.69375
0 0.60625 0.465625 0.6046875 0.4796875 0.609375 0.48125 0.6140625 0.475 0.6125 0.4625 0.60625 0.465625
0 0.6859375 0.8296875 0.6796875 0.8296875 0.6796875 0.846875 0.6921875 0.8421875 0.6921875 0.8328125 0.6859375 0.8296875
0 0.5828125 0.175 0.5828125 0.1921875 0.5921875 0.1875 0.5921875 0.178125 0.5828125 0.175
0 0.5796875 0.125 0.5765625 0.1359375 0.5859375 0.1421875 0.5921875 0.1359375 0.5796875 0.125
0 0.7 0.0671875 0.69375 0.075 0.696875 0.0828125 0.7046875 0.0859375 0.7078125 0.0671875 0.7 0.0671875