0 0.43125 0.75625 0.43125 0.7734375 0.4375 0.7734375 0.4375 0.75625 0.43125 0.75625
0 0.49375 0.24375 0.4890625 0.2515625 0.4890625 0.2625 0.49375 0.2640625 0.5 0.2609375 0.490625 0.2515625 0.49375 0.246875 0.5 0.2484375 0.49375 0.24375
0 0.35625 0.0421875 0.3546875 0.0546875 0.3625 0.05625 0.3640625 0.0484375 0.3578125 0.0421875 0.3640625 0.040625 0.3625 0.0375 0.35625 0.0421875
0 0.5734375 0.9125 0.56875 0.9265625 0.575 0.9296875 0.5796875 0.9265625 0.571875 0.921875 0.5734375 0.9171875 0.5796875 0.9171875 0.5734375 0.9125
0 0.25625 0.146875 0.25625 0.1578125 0.2640625 0.1609375 0.2640625 0.15 0.25625 0.146875
0 0.4796875 0.5109375 0.475 0.5203125 0.4796875 0.53125 0.4875 0.51875 0.4796875 0.5109375
0 0.3875 0.146875 0.384375 0.1609375 0.3890625 0.1609375 0.3875 0.146875
0 0.4109375 0.35 0.4078125 0.35625 0.4125 0.3625 0.4109375 0.353125 0.421875 0.3546875 0.4171875 0.3453125 0.4109375 0.35
0 0.35 0.2828125 0.35 0.296875 0.3609375 0.3 0.359375 0.2859375 0.35 0.2828125
0 0.4890625 0.0125 0.4875 0.0265625 0.5 0.025 0.5 0.0109375 0.4890625 0.0125
0 0.5140625 0.4625 0.5125 0.4734375 0.5234375 0.4796875 0.5234375 0.46875 0.5140625 0.4625
0 0.546875 0.8125 0.5421875 0.8125 0.54375 0.8265625 0.55 0.825 0.546875 0.8125