0 0.634375 0.0578125 0.628125 0.0625 0.6296875 0.075 0.6390625 0.06875 0.634375 0.0578125
0 0.5984375 0.03125 0.59375 0.0375 0.6 0.04375 0.59375 0.046875 0.596875 0.05 0.603125 0.040625 0.603125 0.03125 0.5984375 0.03125
0 0.44296875 0.99609375 0.0109375 0.0046875
0 0.434375 0.4703125 0.43125 0.4859375 0.4375 0.4859375 0.4390625 0.48125 0.434375 0.4703125
0 0.3265625 0.84375 0.3234375 0.8609375 0.3296875 0.8625 0.33125 0.8390625 0.3265625 0.84375
0 0.55 0.03125 0.5515625 0.046875 0.5609375 0.03125 0.55 0.03125
0 0.5 0.609375 0.4984375 0.63125 0.5046875 0.63125 0.50625 0.6109375 0.5 0.609375
0 0.4484375 0.85625 0.446875 0.8671875 0.453125 0.875 0.4546875 0.8625 0.4484375 0.85625
0 0.3125 0.9609375 0.30625 0.9609375 0.30625 0.978125 0.3109375 0.9796875 0.3171875 0.971875 0.3125 0.9609375
0 0.3546875 0.796875 0.3546875 0.8125 0.359375 0.8125 0.36875 0.8015625 0.3671875 0.79375 0.3609375 0.790625 0.3546875 0.796875
0 0.4671875 0.33125 0.465625 0.340625 0.4765625 0.34375 0.478125 0.33125 0.4671875 0.33125
0 0.54375 0.425 0.55 0.4328125 0.5421875 0.4375 0.55 0.44375 0.5515625 0.434375 0.54375 0.425
0 0.39375 0.796875 0.3921875 0.8046875 0.3953125 0.8125 0.4 0.8125 0.403125 0.8046875 0.4 0.796875 0.39375 0.796875
0 0.5234375 0.153125 0.5203125 0.1609375 0.5265625 0.1671875 0.53125 0.1484375 0.5234375 0.153125
0 0.6140625 0.1359375 0.61875 0.1484375 0.6125 0.15 0.6140625 0.153125 0.6203125 0.146875 0.6234375 0.13125 0.6171875 0.1296875 0.6140625 0.1359375
0 0.5796875 0.3125 0.575 0.31875 0.5828125 0.321875 0.5765625 0.3296875 0.58125 0.3296875 0.5859375 0.31875 0.5796875 0.3125
0 0.3953125 0.6234375 0.39375 0.64375 0.3984375 0.64375 0.4 0.625 0.3953125 0.6234375