0 0.5390625 0.6171875 0.534375 0.6171875 0.5375 0.6375 0.5421875 0.6359375 0.5359375 0.63125 0.5421875 0.6234375 0.5390625 0.6171875
0 0.3421875 0.6015625 0.3375 0.625 0.34375 0.628125 0.35 0.6109375 0.3484375 0.6 0.3421875 0.6015625
0 0.240625 0.8875 0.2375 0.8953125 0.2484375 0.890625 0.25 0.9046875 0.2484375 0.8875 0.240625 0.8875
0 0.45625 0.7578125 0.4546875 0.771875 0.4609375 0.7734375 0.465625 0.7609375 0.4625 0.75625 0.45625 0.7578125
0 0.2375 0.9484375 0.2359375 0.9734375 0.2421875 0.975 0.246875 0.96875 0.246875 0.9515625 0.2375 0.9484375
0 0.3734375 0.5125 0.36875 0.5234375 0.3796875 0.5265625 0.3796875 0.5125 0.3734375 0.5125
0 0.3328125 0.8359375 0.33125 0.8515625 0.340625 0.8546875 0.3421875 0.8328125 0.3328125 0.8359375
0 0.3421875 0.6015625 0.3375 0.609375 0.340625 0.64375 0.35 0.6140625 0.3484375 0.6 0.3421875 0.6015625
0 0.4625 0.5375 0.45625 0.5375 0.465625 0.546875 0.45625 0.5515625 0.4578125 0.5546875 0.4671875 0.5515625 0.4625 0.5375
0 0.4125 0.4734375 0.40625 0.4796875 0.40625 0.4875 0.4125 0.4984375 0.4171875 0.4984375 0.41875 0.4875 0.4125 0.4734375
0 0.40625 0.478125 0.4046875 0.5109375 0.40625 0.51875 0.4140625 0.5203125 0.421875 0.4875 0.415625 0.4734375 0.40625 0.478125
0 0.503125 0.35 0.5 0.3625 0.509375 0.3640625 0.509375 0.35 0.503125 0.35
0 0.55625 0.2921875 0.5515625 0.2921875 0.5515625 0.3 0.5578125 0.30625 0.565625 0.30625 0.565625 0.3 0.55625 0.2921875