0 0.671875 0.08246527777777778 0.6708984375 0.09114583333333333 0.67236328125 0.09461805555555555 0.68310546875 0.09722222222222222 0.685546875 0.09635416666666667 0.68798828125 0.09114583333333333 0.68701171875 0.08333333333333333 0.68017578125 0.07899305555555555 0.67431640625 0.07725694444444445 0.671875 0.08246527777777778
0 0.42431640625 0.2109375 0.42236328125 0.2126736111111111 0.42236328125 0.21614583333333334 0.4267578125 0.21875 0.427734375 0.21180555555555555 0.42431640625 0.2109375
0 0.21337890625 0.34375 0.21240234375 0.3515625 0.21435546875 0.3532986111111111 0.21630859375 0.3498263888888889 0.216796875 0.3420138888888889 0.21337890625 0.34375
0 0.28564453125 0.3098958333333333 0.28564453125 0.3159722222222222 0.29150390625 0.3263888888888889 0.29638671875 0.3263888888888889 0.296875 0.3185763888888889 0.2939453125 0.3142361111111111 0.29296875 0.3055555555555556 0.2880859375 0.3055555555555556 0.28564453125 0.3098958333333333
0 0.27294921875 0.1388888888888889 0.27197265625 0.1484375 0.27392578125 0.1623263888888889 0.27490234375 0.1657986111111111 0.279296875 0.1675347222222222 0.2822265625 0.1623263888888889 0.28173828125 0.13975694444444445 0.27685546875 0.13541666666666666 0.27294921875 0.1388888888888889
0 0.66357421875 0.012152777777777778 0.66357421875 0.022569444444444444 0.67138671875 0.019965277777777776 0.67724609375 0.010416666666666666 0.677734375 0 0.66845703125 0 0.66357421875 0.012152777777777778
0 0.50634765625 0.8237847222222222 0.505859375 0.8307291666666666 0.5107421875 0.8411458333333334 0.517578125 0.8324652777777778 0.51708984375 0.8237847222222222 0.5126953125 0.8185763888888888 0.509765625 0.8185763888888888 0.50634765625 0.8237847222222222
0 0.232421875 0.6536458333333334 0.232421875 0.6614583333333334 0.23681640625 0.6623263888888888 0.23681640625 0.6536458333333334 0.232421875 0.6536458333333334
0 0.40673828125 0.5876736111111112 0.40478515625 0.5920138888888888 0.4052734375 0.6032986111111112 0.4111328125 0.6076388888888888 0.41650390625 0.5989583333333334 0.416015625 0.5894097222222222 0.412109375 0.5850694444444444 0.40673828125 0.5876736111111112
0 0.3505859375 0.051215277777777776 0.3505859375 0.059895833333333336 0.35546875 0.06597222222222222 0.36083984375 0.0546875 0.36376953125 0.042534722222222224 0.361328125 0.03732638888888889 0.35693359375 0.03732638888888889 0.3505859375 0.051215277777777776
0 0.5634765625 0.7743055555555556 0.5625 0.7847222222222222 0.56396484375 0.7907986111111112 0.57177734375 0.7925347222222222 0.57421875 0.7890625 0.5751953125 0.7786458333333334 0.57177734375 0.7699652777777778 0.56640625 0.7699652777777778 0.5634765625 0.7743055555555556
0 0.4765625 0.5651041666666666 0.47607421875 0.5807291666666666 0.4794921875 0.5850694444444444 0.48583984375 0.5850694444444444 0.4892578125 0.5789930555555556 0.48974609375 0.5659722222222222 0.48583984375 0.5607638888888888 0.48046875 0.5607638888888888 0.4765625 0.5651041666666666
0 0.4755859375 0.014756944444444444 0.4755859375 0.03298611111111111 0.48095703125 0.03211805555555555 0.48388671875 0.028645833333333332 0.4833984375 0.011284722222222222 0.478515625 0.009548611111111112 0.47607421875 0.011284722222222222 0.4755859375 0.014756944444444444
0 0.5361328125 0.5182291666666666 0.53564453125 0.5225694444444444 0.53857421875 0.5277777777777778 0.548828125 0.5321180555555556 0.55224609375 0.5225694444444444 0.55224609375 0.5121527777777778 0.54345703125 0.5060763888888888 0.5390625 0.5060763888888888 0.5361328125 0.5182291666666666