0 0.6828125 0.95625 0.68125 0.96875 0.6859375 0.96875 0.6828125 0.959375 0.6875 0.95625 0.6828125 0.95625
0 0.6828125 0.6875 0.675 0.6875 0.6765625 0.70625 0.6859375 0.70625 0.6828125 0.6875
0 0.4859375 0.7328125 0.48125 0.7609375 0.4921875 0.7640625 0.503125 0.7421875 0.5 0.725 0.49375 0.7234375 0.4859375 0.7328125
0 0.3328125 0.9890625 0.33125 0.9984375 0.340625 0.9984375 0.3421875 0.9890625 0.3328125 0.9890625
0 0.2359375 0.9484375 0.2359375 0.9671875 0.24375 0.96875 0.2421875 0.95 0.2359375 0.9484375
0 0.49375 0.725 0.49375 0.7453125 0.4984375 0.75 0.5 0.725 0.49375 0.725
0 0.3984375 0.78125 0.39375 0.8 0.4015625 0.8015625 0.40625 0.7921875 0.396875 0.7859375 0.40625 0.78125 0.3984375 0.78125
0 0.6125 0.6953125 0.6109375 0.70625 0.6171875 0.7109375 0.6203125 0.7015625 0.6125 0.6953125
0 0.4515625 0.7234375 0.4484375 0.734375 0.45625 0.7421875 0.4578125 0.7296875 0.4515625 0.7234375
0 0.5734375 0.9640625 0.56875 0.9671875 0.56875 0.9921875 0.575 0.9890625 0.5734375 0.9640625
0 0.5203125 0.8265625 0.5203125 0.846875 0.525 0.8484375 0.5296875 0.8359375 0.5203125 0.8265625