0 0.4171875 0.8734375 0.4171875 0.8796875 0.425 0.884375 0.4171875 0.8734375
0 0.3953125 0.8953125 0.39375 0.90625 0.40625 0.90625 0.4046875 0.8875 0.3953125 0.8953125
0 0.4046875 0.45625 0.3953125 0.45625 0.4 0.475 0.40625 0.4734375 0.3984375 0.46875 0.40625 0.4625 0.4046875 0.45625
0 0.55 0.89375 0.5421875 0.8984375 0.5421875 0.9109375 0.5546875 0.90625 0.5546875 0.89375 0.55 0.89375
0 0.19375 0.2015625 0.1921875 0.221875 0.2 0.23125 0.2 0.2046875 0.19375 0.2015625
0 0.2375 0.45 0.2375 0.4625 0.24375 0.4671875 0.246875 0.45625 0.24375 0.45 0.2375 0.45
0 0.2859375 0.9234375 0.2859375 0.9359375 0.290625 0.9296875 0.2859375 0.9234375
0 0.2515625 0.940625 0.24375 0.9484375 0.24375 0.9578125 0.25625 0.9484375 0.2515625 0.940625
0 0.2125 0.6171875 0.2046875 0.625 0.2046875 0.6359375 0.215625 0.6296875 0.2171875 0.6171875 0.2125 0.6171875
0 0.4921875 0.7046875 0.4875 0.7046875 0.4875 0.728125 0.496875 0.7296875 0.4921875 0.7046875
0 0.3140625 0.2921875 0.30625 0.2921875 0.30625 0.30625 0.3171875 0.3046875 0.3140625 0.2921875