0 0.26806640625 0.75 0.26611328125 0.7526041666666666 0.26806640625 0.7769097222222222 0.2763671875 0.7769097222222222 0.2822265625 0.7725694444444444 0.2822265625 0.7604166666666666 0.279296875 0.7456597222222222 0.26806640625 0.75
0 0.48388671875 0.3810763888888889 0.484375 0.3932291666666667 0.49560546875 0.3932291666666667 0.4951171875 0.3810763888888889 0.49267578125 0.3767361111111111 0.48681640625 0.3767361111111111 0.48388671875 0.3810763888888889
0 0.0947265625 0.875 0.0947265625 0.8888888888888888 0.1005859375 0.8914930555555556 0.1064453125 0.8888888888888888 0.1064453125 0.8645833333333334 0.09814453125 0.8671875 0.0947265625 0.875
0 0.1435546875 0.9444444444444444 0.1435546875 0.9522569444444444 0.14599609375 0.9574652777777778 0.14990234375 0.9600694444444444 0.1552734375 0.9600694444444444 0.15966796875 0.9539930555555556 0.16064453125 0.9487847222222222 0.15966796875 0.9392361111111112 0.15478515625 0.9331597222222222 0.146484375 0.9357638888888888 0.1435546875 0.9444444444444444
0 0.24609375 0.24913194444444445 0.24560546875 0.2682291666666667 0.25146484375 0.2725694444444444 0.2548828125 0.2552083333333333 0.25439453125 0.25 0.25244140625 0.24739583333333334 0.24609375 0.24913194444444445
0 0.20849609375 0.6848958333333334 0.2080078125 0.6970486111111112 0.20947265625 0.703125 0.2138671875 0.7065972222222222 0.2197265625 0.7022569444444444 0.2216796875 0.6892361111111112 0.21875 0.6796875 0.21142578125 0.6796875 0.20849609375 0.6848958333333334
0 0.1611328125 0.5868055555555556 0.16064453125 0.5946180555555556 0.1640625 0.6006944444444444 0.17431640625 0.6015625 0.17626953125 0.5989583333333334 0.1767578125 0.5824652777777778 0.17431640625 0.578125 0.1640625 0.5815972222222222 0.1611328125 0.5868055555555556
0 0.56005859375 0.7256944444444444 0.55859375 0.734375 0.5625 0.7552083333333334 0.56787109375 0.7560763888888888 0.57421875 0.7517361111111112 0.57470703125 0.7387152777777778 0.572265625 0.7256944444444444 0.56005859375 0.7256944444444444
0 0.314453125 0.1501736111111111 0.31591796875 0.16145833333333334 0.31982421875 0.1623263888888889 0.3251953125 0.1579861111111111 0.328125 0.1527777777777778 0.32958984375 0.1449652777777778 0.3271484375 0.13975694444444445 0.322265625 0.1371527777777778 0.314453125 0.1501736111111111
0 0.40478515625 0.20833333333333334 0.4052734375 0.2222222222222222 0.4189453125 0.22395833333333334 0.41943359375 0.21180555555555555 0.41796875 0.20833333333333334 0.40478515625 0.20833333333333334
0 0.59033203125 0.6744791666666666 0.58984375 0.6840277777777778 0.59228515625 0.6875 0.599609375 0.6901041666666666 0.6015625 0.6935763888888888 0.60595703125 0.6935763888888888 0.6083984375 0.6883680555555556 0.60595703125 0.6727430555555556 0.59228515625 0.671875 0.59033203125 0.6744791666666666