0 0.953125 0.978125 0.95 0.9875 0.95625 0.9984375 0.9671875 0.9984375 0.9609375 0.9796875 0.953125 0.978125
0 0.3328125 0.8546875 0.3328125 0.86875 0.3484375 0.8671875 0.34375 0.85625 0.3328125 0.8546875
0 0.175 0.8765625 0.1734375 0.89375 0.18125 0.9 0.184375 0.88125 0.18125 0.875 0.175 0.8765625
0 0.38125 0.88125 0.3796875 0.89375 0.39375 0.90625 0.3984375 0.8890625 0.3859375 0.878125 0.38125 0.88125
0 0.50625 0.8546875 0.5046875 0.8625 0.5125 0.865625 0.5046875 0.8734375 0.5109375 0.878125 0.5140625 0.8640625 0.50625 0.8609375 0.5140625 0.8546875 0.50625 0.8546875
0 0.9515625 0.9046875 0.95 0.9125 0.9625 0.9171875 0.9625 0.90625 0.9515625 0.9046875
0 0.2546875 0.8859375 0.25 0.8953125 0.25 0.9046875 0.2546875 0.90625 0.2609375 0.8984375 0.2609375 0.8859375 0.2546875 0.8859375
0 0.8546875 0.83125 0.85 0.83125 0.85 0.84375 0.8625 0.85 0.8640625 0.8390625 0.8546875 0.83125
0 0.4078125 0.9609375 0.40625 0.9734375 0.4140625 0.9796875 0.4171875 0.9609375 0.4125 0.95625 0.4078125 0.9609375
0 0.61875 0.8375 0.6171875 0.8515625 0.6265625 0.85625 0.6296875 0.846875 0.625 0.8375 0.61875 0.8375
0 0.7234375 0.8265625 0.7234375 0.8453125 0.7296875 0.85 0.734375 0.8328125 0.7234375 0.8265625
0 0.9328125 0.8125 0.93125 0.8234375 0.9375 0.83125 0.94375 0.83125 0.946875 0.8234375 0.9421875 0.815625 0.9328125 0.8125