0 0.5546875 0.3890625 0.5546875 0.40625 0.5671875 0.40625 0.5671875 0.39375 0.5546875 0.3890625
0 0.7296875 0.925 0.725 0.9296875 0.725 0.946875 0.7296875 0.96875 0.7359375 0.9734375 0.7421875 0.946875 0.7375 0.9265625 0.7296875 0.925
0 0.6453125 0.6 0.64375 0.6125 0.6484375 0.6171875 0.6546875 0.6125 0.6546875 0.6046875 0.6453125 0.6
0 0.7296875 0.371875 0.725 0.3734375 0.725 0.3859375 0.734375 0.39375 0.7359375 0.375 0.7296875 0.371875
0 0.5375 0.4859375 0.5359375 0.496875 0.5421875 0.503125 0.54375 0.4890625 0.5421875 0.484375 0.5375 0.4859375
0 0.5484375 0.5484375 0.5421875 0.55 0.55 0.559375 0.54375 0.565625 0.5515625 0.5578125 0.5484375 0.5484375
0 0.8625 0.79375 0.859375 0.8125 0.8640625 0.8171875 0.8671875 0.8125 0.8609375 0.80625 0.86875 0.8 0.8625 0.79375
0 0.690625 0.1015625 0.6875 0.115625 0.6984375 0.11875 0.6984375 0.109375 0.690625 0.1015625
0 0.4375 0.3546875 0.4359375 0.3734375 0.4421875 0.375 0.4421875 0.3546875 0.4375 0.3546875
0 0.9625 0.8921875 0.9609375 0.9078125 0.9671875 0.909375 0.9625 0.8921875
0 0.5546875 0.0859375 0.5515625 0.1 0.55625 0.1046875 0.565625 0.1 0.565625 0.0875 0.5546875 0.0859375
0 0.7859375 0.8859375 0.78125 0.8875 0.78125 0.9015625 0.7890625 0.90625 0.7921875 0.8890625 0.7859375 0.8859375
0 0.4484375 0.01875 0.45 0.053125 0.46875 0.05625 0.4734375 0.0515625 0.4734375 0.028125 0.4578125 0.0109375 0.4484375 0.01875
0 0.6515625 0.81875 0.6515625 0.8375 0.6609375 0.84375 0.6609375 0.825 0.6515625 0.81875
0 0.73125 0.9484375 0.7296875 0.9703125 0.7359375 0.971875 0.7390625 0.9515625 0.73125 0.9484375
0 0.6875 0.91875 0.6859375 0.9296875 0.6953125 0.9328125 0.6984375 0.91875 0.6875 0.91875
0 0.7796875 0.6625 0.7734375 0.675 0.7828125 0.68125 0.7859375 0.6671875 0.7796875 0.6625