0 0.546875 0.4796875 0.5421875 0.4890625 0.54375 0.5 0.55 0.5 0.5515625 0.4875 0.546875 0.4796875
0 0.4234375 0.4484375 0.421875 0.4578125 0.4296875 0.4578125 0.43125 0.4484375 0.4234375 0.4484375
0 0.4125 0.2015625 0.4125 0.2171875 0.41875 0.2234375 0.4234375 0.2125 0.4171875 0.2 0.4125 0.2015625
0 0.4890625 0.6453125 0.4890625 0.65625 0.496875 0.659375 0.5 0.6390625 0.4890625 0.6453125
0 0.9109375 0.7515625 0.909375 0.75625 0.9171875 0.7640625 0.909375 0.7671875 0.9125 0.7734375 0.91875 0.753125 0.915625 0.7484375 0.9109375 0.7515625
0 0.35 0.65625 0.3484375 0.66875 0.3546875 0.66875 0.3546875 0.6734375 0.3484375 0.6796875 0.3546875 0.68125 0.35625 0.6625 0.3546875 0.65625 0.35 0.65625
0 0.3609375 0.4046875 0.353125 0.4125 0.35625 0.421875 0.3671875 0.4125 0.3609375 0.4046875
0 0.6515625 0.6 0.6484375 0.6125 0.65625 0.6171875 0.6625 0.6046875 0.6578125 0.5984375 0.6515625 0.6
0 0.95625 0.4703125 0.95625 0.4875 0.965625 0.4890625 0.96875 0.4796875 0.959375 0.46875 0.95625 0.4703125
0 0.8390625 0.7109375 0.8375 0.734375 0.84375 0.7375 0.85 0.7046875 0.84375 0.7015625 0.8390625 0.7109375
0 0.625 0.675 0.625 0.6921875 0.634375 0.69375 0.6296875 0.675 0.625 0.675
0 0.503125 0.3734375 0.5 0.384375 0.509375 0.39375 0.5046875 0.3875 0.5109375 0.3796875 0.503125 0.3734375
0 0.8 0.4890625 0.8015625 0.5046875 0.80625 0.49375 0.803125 0.4875 0.8 0.4890625
0 0.84375 0.7046875 0.85 0.7125 0.8421875 0.7203125 0.85 0.721875 0.853125 0.7078125 0.84375 0.7046875