0 0.8234375 0.3375 0.81875 0.3484375 0.8328125 0.3484375 0.83125 0.3375 0.8234375 0.3375
0 0.7546875 0.115625 0.75 0.11875 0.7625 0.1203125 0.7546875 0.115625
0 0.796875 0.59375 0.79375 0.6 0.8 0.6046875 0.80625 0.60625 0.8109375 0.596875 0.81875 0.6046875 0.8171875 0.5984375 0.796875 0.59375
0 0.0796875 0.4796875 0.0671875 0.4796875 0.0671875 0.4859375 0.0796875 0.4875 0.0796875 0.4796875
0 0.90625 0.6 0.8984375 0.6 0.9015625 0.6140625 0.9125 0.6125 0.90625 0.6
0 0.7390625 0.5765625 0.7390625 0.5828125 0.74375 0.575 0.75 0.5828125 0.75625 0.58125 0.7546875 0.5734375 0.7390625 0.5765625
0 0.515625 0.3578125 0.5125 0.3671875 0.51875 0.36875 0.534375 0.359375 0.534375 0.3546875 0.515625 0.3578125
0 0.83125 0.71875 0.83125 0.7296875 0.846875 0.7296875 0.85 0.725 0.84375 0.71875 0.83125 0.71875
0 0.5359375 0.3109375 0.5140625 0.3109375 0.5140625 0.3171875 0.5328125 0.31875 0.5375 0.3171875 0.5359375 0.3109375
0 0.74375 0.525 0.7453125 0.55 0.7734375 0.5484375 0.7671875 0.5375 0.74375 0.525
0 0.48125 0.1875 0.4828125 0.19375 0.4953125 0.19375 0.5 0.1875 0.48125 0.1875
0 0.1046875 0.4234375 0.1 0.425 0.1015625 0.43125 0.1125 0.4375 0.1203125 0.434375 0.115625 0.425 0.1046875 0.4234375
0 0.5734375 0.40625 0.56875 0.415625 0.575 0.421875 0.5859375 0.4234375 0.5921875 0.4171875 0.5859375 0.4078125 0.5734375 0.40625
0 0.6296875 0.2796875 0.6171875 0.28125 0.6171875 0.2890625 0.6296875 0.2921875 0.6359375 0.2859375 0.6359375 0.28125 0.6296875 0.2796875
0 0.7890625 0.4734375 0.7734375 0.4734375 0.7734375 0.478125 0.7921875 0.484375 0.79375 0.478125 0.7890625 0.4734375
0 0.7625 0.2296875 0.75625 0.23125 0.75625 0.2359375 0.78125 0.2359375 0.7796875 0.23125 0.7625 0.2296875
0 0.475 0.1171875 0.475 0.1296875 0.496875 0.125 0.49375 0.115625 0.4875 0.115625 0.484375 0.125 0.475 0.1171875