0 0.8375 0.9296875 0.8375 0.9421875 0.8484375 0.94375 0.8484375 0.9296875 0.8375 0.9296875
0 0.625 0.3484375 0.6234375 0.3671875 0.6296875 0.36875 0.63125 0.35 0.625 0.3484375
0 0.846875 0.6984375 0.84375 0.7109375 0.853125 0.71875 0.8546875 0.6984375 0.846875 0.6984375
0 0.5515625 0.9125 0.55 0.921875 0.559375 0.925 0.5609375 0.9125 0.5515625 0.9125
0 0.4875 0.5265625 0.4859375 0.5390625 0.49375 0.540625 0.49375 0.5265625 0.4875 0.5265625
0 0.3859375 0.725 0.38125 0.725 0.38125 0.74375 0.3859375 0.7453125 0.3859375 0.725
0 0.75 0.084375 0.75625 0.090625 0.7484375 0.0953125 0.7546875 0.1015625 0.759375 0.09375 0.75625 0.0859375 0.75 0.084375
0 0.5 0.1734375 0.4984375 0.1875 0.5046875 0.1921875 0.50625 0.1875 0.5 0.18125 0.50625 0.1734375 0.5 0.1734375
0 0.6296875 0.65 0.625 0.66875 0.6359375 0.659375 0.6359375 0.6484375 0.6296875 0.65
0 0.48125 0.14375 0.4734375 0.1515625 0.478125 0.1578125 0.4859375 0.15625 0.4890625 0.15 0.4859375 0.1421875 0.48125 0.14375
0 0.6921875 0.06875 0.68125 0.06875 0.68125 0.0796875 0.6921875 0.08125 0.6921875 0.06875
0 0.79375 0.2796875 0.7921875 0.2875 0.8046875 0.2921875 0.8046875 0.28125 0.79375 0.2796875
0 0.8109375 0.521875 0.8078125 0.53125 0.81875 0.5375 0.821875 0.5265625 0.81875 0.5203125 0.8109375 0.521875