0 0.671875 0.08072916666666667 0.6708984375 0.09114583333333333 0.67431640625 0.0954861111111111 0.68505859375 0.09635416666666667 0.6875 0.09114583333333333 0.68701171875 0.08246527777777778 0.67626953125 0.07725694444444445 0.671875 0.08072916666666667
0 0.4248046875 0.21006944444444445 0.42333984375 0.21614583333333334 0.42529296875 0.21875 0.427734375 0.21614583333333334 0.427734375 0.21180555555555555 0.4248046875 0.21006944444444445
0 0.21337890625 0.34375 0.21240234375 0.3515625 0.21435546875 0.3532986111111111 0.21630859375 0.3498263888888889 0.216796875 0.3411458333333333 0.21337890625 0.34375
0 0.28564453125 0.3098958333333333 0.28564453125 0.3159722222222222 0.29150390625 0.3263888888888889 0.296875 0.3272569444444444 0.296875 0.3159722222222222 0.29345703125 0.3055555555555556 0.2880859375 0.3055555555555556 0.28564453125 0.3098958333333333
0 0.66015625 0.003472222222222222 0.66015625 0.022569444444444444 0.6630859375 0.028645833333333332 0.67041015625 0.028645833333333332 0.67919921875 0.024305555555555556 0.68017578125 0.016493055555555556 0.67822265625 0 0.662109375 0 0.66015625 0.003472222222222222
0 0.2734375 0.13802083333333334 0.27392578125 0.1605902777777778 0.27587890625 0.16666666666666666 0.27978515625 0.16666666666666666 0.2822265625 0.1623263888888889 0.2822265625 0.13975694444444445 0.2763671875 0.13541666666666666 0.2734375 0.13802083333333334
0 0.6640625 0.003472222222222222 0.66552734375 0.006944444444444444 0.66357421875 0.013020833333333334 0.6669921875 0.019965277777777776 0.671875 0.019965277777777776 0.67822265625 0.012152777777777778 0.67822265625 0 0.66650390625 0 0.6640625 0.003472222222222222
0 0.50537109375 0.8220486111111112 0.5048828125 0.8289930555555556 0.5078125 0.8402777777777778 0.5126953125 0.8411458333333334 0.517578125 0.8350694444444444 0.51806640625 0.828125 0.51513671875 0.8203125 0.51025390625 0.8185763888888888 0.50537109375 0.8220486111111112
0 0.232421875 0.6536458333333334 0.232421875 0.6623263888888888 0.23681640625 0.6623263888888888 0.23681640625 0.6536458333333334 0.232421875 0.6536458333333334
0 0.38818359375 0.1189236111111111 0.3876953125 0.12586805555555555 0.39306640625 0.1267361111111111 0.39306640625 0.11805555555555555 0.38818359375 0.1189236111111111
0 0.4052734375 0.5911458333333334 0.40478515625 0.5998263888888888 0.4091796875 0.6076388888888888 0.412109375 0.6076388888888888 0.41650390625 0.5998263888888888 0.416015625 0.5876736111111112 0.41455078125 0.5859375 0.41015625 0.5850694444444444 0.4052734375 0.5911458333333334
0 0.4755859375 0.014756944444444444 0.47509765625 0.03298611111111111 0.48388671875 0.03125 0.48388671875 0.011284722222222222 0.478515625 0.009548611111111112 0.4765625 0.010416666666666666 0.4755859375 0.014756944444444444
0 0.3505859375 0.051215277777777776 0.3505859375 0.0625 0.3564453125 0.06597222222222222 0.3583984375 0.0642361111111111 0.36376953125 0.04774305555555555 0.36376953125 0.041666666666666664 0.361328125 0.03732638888888889 0.357421875 0.03732638888888889 0.3505859375 0.051215277777777776
0 0.5634765625 0.7743055555555556 0.5625 0.7855902777777778 0.56396484375 0.7907986111111112 0.57177734375 0.7925347222222222 0.57421875 0.7890625 0.5751953125 0.7786458333333334 0.57177734375 0.7699652777777778 0.56640625 0.7699652777777778 0.5634765625 0.7743055555555556
0 0.47607421875 0.5651041666666666 0.4765625 0.5815972222222222 0.48095703125 0.5859375 0.484375 0.5859375 0.4892578125 0.5807291666666666 0.48974609375 0.5659722222222222 0.48583984375 0.5607638888888888 0.4794921875 0.5607638888888888 0.47607421875 0.5651041666666666
0 0.53759765625 0.5112847222222222 0.5361328125 0.5225694444444444 0.53857421875 0.5277777777777778 0.54931640625 0.5329861111111112 0.5517578125 0.5295138888888888 0.5517578125 0.5104166666666666 0.5390625 0.5060763888888888 0.53759765625 0.5112847222222222