0 0.7984375 0.0859375 0.7875 0.0859375 0.7875 0.09375 0.79375 0.1 0.8 0.0984375 0.7984375 0.0859375
0 0.525 0.74375 0.5234375 0.7546875 0.5359375 0.7609375 0.534375 0.75 0.525 0.74375
0 0.6984375 0.34375 0.696875 0.35 0.7046875 0.35625 0.696875 0.3609375 0.7 0.3625 0.7046875 0.359375 0.70625 0.3453125 0.6984375 0.34375
0 0.95 0.0140625 0.95 0.0296875 0.959375 0.03125 0.9609375 0.01875 0.95625 0.0125 0.95 0.0140625
0 0.7296875 0.5859375 0.728125 0.603125 0.734375 0.603125 0.7375 0.5859375 0.7296875 0.5859375
0 0.9296875 0.28125 0.9234375 0.28125 0.925 0.3 0.93125 0.2984375 0.9296875 0.28125
0 0.834375 0.071875 0.8328125 0.09375 0.8390625 0.096875 0.84375 0.09375 0.84375 0.075 0.834375 0.071875
0 0.5765625 0.4875 0.575 0.4921875 0.58125 0.4984375 0.5921875 0.4890625 0.5859375 0.48125 0.5765625 0.4875
0 0.5796875 0.3875 0.5765625 0.4 0.5796875 0.40625 0.5859375 0.40625 0.5875 0.4 0.5796875 0.39375 0.5875 0.3875 0.5796875 0.3875
0 0.4671875 0.4453125 0.4625 0.45625 0.465625 0.465625 0.4734375 0.4609375 0.465625 0.4546875 0.4734375 0.4484375 0.4671875 0.4453125
0 0.596875 0.3359375 0.59375 0.3421875 0.6046875 0.35 0.6046875 0.3375 0.596875 0.3359375
0 0.83125 0.075 0.8265625 0.10625 0.8328125 0.109375 0.84375 0.09375 0.84375 0.0734375 0.8421875 0.06875 0.8359375 0.06875 0.83125 0.075
0 0.3375 0.0296875 0.3359375 0.0453125 0.3421875 0.0484375 0.34375 0.03125 0.3375 0.0296875
0 0.74375 0.1453125 0.7375 0.159375 0.7421875 0.16875 0.753125 0.1546875 0.7484375 0.14375 0.74375 0.1453125
0 0.86875 0.15625 0.86875 0.171875 0.878125 0.1734375 0.88125 0.15625 0.86875 0.15625
0 0.6484375 0.8078125 0.6453125 0.8171875 0.6546875 0.821875 0.659375 0.8109375 0.6484375 0.8078125
0 0.825 0.3546875 0.8234375 0.371875 0.83125 0.371875 0.83125 0.35625 0.825 0.3546875