0 0.3953125 0.7453125 0.39375 0.7546875 0.4109375 0.75625 0.4046875 0.7703125 0.39375 0.76875 0.4046875 0.7734375 0.415625 0.75 0.4109375 0.7296875 0.40625 0.7296875 0.3953125 0.7453125
0 0.5203125 0.7015625 0.51875 0.7109375 0.5296875 0.7171875 0.53125 0.70625 0.5234375 0.6984375 0.5203125 0.7015625
0 0.1515625 0.9578125 0.15 0.96875 0.1578125 0.978125 0.1609375 0.9609375 0.1515625 0.9578125
0 0.4078125 0.73125 0.40625 0.75625 0.4109375 0.75625 0.4125 0.7359375 0.4078125 0.73125
0 0.3125 0.7890625 0.309375 0.7953125 0.3171875 0.8015625 0.3109375 0.8078125 0.31875 0.8 0.3109375 0.79375 0.31875 0.790625 0.3171875 0.7875 0.3125 0.7890625
0 0.59375 0.9609375 0.5921875 0.9734375 0.5984375 0.9640625 0.59375 0.9609375
0 0.4375 0.8328125 0.43125 0.8328125 0.434375 0.853125 0.4390625 0.85 0.4375 0.8328125
0 0.48125 0.96875 0.4796875 0.99375 0.4859375 0.99375 0.4875 0.9734375 0.48125 0.96875
0 0.25 0.9921875 0.2484375 0.9984375 0.2546875 0.9984375 0.2546875 0.9921875 0.25 0.9921875
0 0.3640625 0.7296875 0.3640625 0.7484375 0.371875 0.75 0.3734375 0.7390625 0.3640625 0.7296875
0 0.5859375 0.690625 0.5828125 0.6984375 0.5875 0.709375 0.59375 0.7109375 0.59375 0.7015625 0.5859375 0.690625