0 0.6046875 0.0140625 0.596875 0.0140625 0.596875 0.025 0.60625 0.025 0.609375 0.01875 0.6046875 0.0140625
0 0.3765625 0.6171875 0.375 0.6296875 0.38125 0.63125 0.3859375 0.628125 0.3859375 0.61875 0.3765625 0.6171875
0 0.678125 0.8203125 0.6765625 0.8359375 0.6875 0.8265625 0.6828125 0.81875 0.678125 0.8203125
0 0.3125 0.2609375 0.3125 0.2734375 0.3171875 0.2734375 0.31875 0.2625 0.3125 0.2609375
0 0.61875 0.8859375 0.6171875 0.90625 0.621875 0.90625 0.625 0.8890625 0.61875 0.8859375
0 0.2359375 0.759375 0.23125 0.7703125 0.234375 0.7765625 0.24375 0.76875 0.2359375 0.7640625 0.24375 0.759375 0.2421875 0.75625 0.2359375 0.759375
0 0.44375 0.375 0.4421875 0.3875 0.446875 0.3890625 0.4515625 0.3765625 0.446875 0.3734375 0.4515625 0.36875 0.44375 0.375
0 0.5671875 0.3296875 0.5625 0.3296875 0.5625 0.3375 0.5671875 0.3375 0.5671875 0.3296875
0 0.64375 0.61875 0.6421875 0.6296875 0.6515625 0.63125 0.65 0.6203125 0.64375 0.61875
0 0.215625 0.4515625 0.2125 0.465625 0.21875 0.4703125 0.215625 0.4578125 0.2203125 0.4546875 0.215625 0.4515625
0 0.6171875 0.2375 0.6125 0.2484375 0.6203125 0.2546875 0.625 0.2375 0.6171875 0.2375
0 0.44375 0.0859375 0.4375 0.0859375 0.4375 0.1015625 0.4421875 0.10625 0.4484375 0.09375 0.44375 0.0859375
0 0.6484375 0.403125 0.6453125 0.4109375 0.6484375 0.41875 0.6546875 0.41875 0.6546875 0.4046875 0.6484375 0.403125