0 0.8265625 0.24375 0.81875 0.24375 0.81875 0.26875 0.825 0.26875 0.8265625 0.2640625 0.8265625 0.24375
0 0.68125 0.2703125 0.6796875 0.284375 0.6875 0.2859375 0.69375 0.26875 0.68125 0.2703125
0 0.0375 0.1875 0.0359375 0.1921875 0.0421875 0.1921875 0.0375 0.1875
0 0.8125 0.49375 0.80625 0.50625 0.815625 0.5109375 0.81875 0.496875 0.8125 0.49375
0 0.0046875 0.6484375 0.003125 0.6625 0.0078125 0.6671875 0.0140625 0.6625 0.0140625 0.6546875 0.0125 0.6484375 0.0046875 0.6484375
0 0.66875 0.51875 0.6671875 0.521875 0.6765625 0.528125 0.6671875 0.5328125 0.675 0.5421875 0.6796875 0.53125 0.66875 0.51875
0 0.390625 0.4234375 0.3953125 0.434375 0.3984375 0.425 0.390625 0.4234375
0 0.146875 0.53125 0.1421875 0.5375 0.1453125 0.55 0.1546875 0.540625 0.153125 0.53125 0.146875 0.53125
0 0.7546875 0.6796875 0.7609375 0.6875 0.7609375 0.6921875 0.753125 0.68984375 0.753125 0.6984375 0.7578125 0.7015625 0.7625 0.6984375 0.7625 0.6796875 0.7546875 0.6796875
0 0.2375 0.4359375 0.2359375 0.4421875 0.246875 0.45 0.2484375 0.4375 0.2375 0.4359375
0 0.63125 0.421875 0.6328125 0.4390625 0.6375 0.421875 0.63125 0.421875
0 0.1203125 0.309375 0.1171875 0.3171875 0.1234375 0.33125 0.128125 0.33125 0.121875 0.3234375 0.1296875 0.3171875 0.1203125 0.309375
0 0.35 0.215625 0.3484375 0.2296875 0.35625 0.23125 0.359375 0.2203125 0.35 0.215625
0 0.5265625 0.3171875 0.525 0.33125 0.53125 0.33125 0.5375 0.315625 0.53125 0.3125 0.5265625 0.3171875
0 0.2859375 0.1734375 0.2859375 0.1875 0.2953125 0.1875 0.296875 0.171875 0.290625 0.16875 0.2859375 0.1734375
0 0.00625 0.1296875 0.00625 0.1453125 0.0171875 0.153125 0.0171875 0.1375 0.0125 0.1296875 0.00625 0.1296875
0 0.55625 0.2359375 0.5515625 0.246875 0.5625 0.2546875 0.565625 0.246875 0.5609375 0.2359375 0.55625 0.2359375
0 0.7453125 0.45625 0.74375 0.465625 0.7546875 0.4671875 0.75625 0.4578125 0.7453125 0.45625