0 0.6828125 0.6234375 0.68125 0.6296875 0.6890625 0.6265625 0.690625 0.6359375 0.6921875 0.628125 0.6828125 0.6234375
0 0.925 0.84375 0.91875 0.8546875 0.9234375 0.8671875 0.93125 0.8546875 0.925 0.84375
0 0.6109375 0.7734375 0.6109375 0.784375 0.61875 0.7875 0.61875 0.7765625 0.6109375 0.7734375
0 0.5390625 0.7625 0.546875 0.771875 0.5375 0.7765625 0.546875 0.784375 0.546875 0.76875 0.5390625 0.7625
0 0.575 0.61875 0.5734375 0.628125 0.5859375 0.63125 0.584375 0.6203125 0.575 0.61875
0 0.5375 0.6875 0.5296875 0.6875 0.534375 0.6984375 0.5375 0.6875
0 0.86875 0.6546875 0.86875 0.6703125 0.878125 0.671875 0.8796875 0.6515625 0.86875 0.6546875
0 0.81875 0.83125 0.81875 0.846875 0.8234375 0.8484375 0.8265625 0.8359375 0.81875 0.83125
0 0.7296875 0.8078125 0.725 0.8125 0.725 0.8265625 0.734375 0.8296875 0.7296875 0.8078125
0 0.75625 0.6359375 0.7546875 0.6546875 0.759375 0.659375 0.7609375 0.6359375 0.75625 0.6359375
0 0.5359375 0.6125 0.5375 0.63125 0.5421875 0.634375 0.5421875 0.6171875 0.5359375 0.6125