0 0.75625 0.0921875 0.75625 0.1 0.7609375 0.090625 0.76875 0.1 0.775 0.09375 0.7734375 0.0890625 0.75625 0.0921875
0 0.325 0.7640625 0.3234375 0.771875 0.33125 0.7734375 0.33125 0.7640625 0.325 0.7640625
0 0.1359375 0.33125 0.1296875 0.33125 0.1328125 0.3421875 0.146875 0.34375 0.1359375 0.33125
0 0.9859375 0.184375 0.975 0.1875 0.978125 0.1921875 0.9984375 0.1921875 0.9984375 0.184375 0.9859375 0.184375
0 0.915625 0.259375 0.9125 0.26875 0.9234375 0.2703125 0.925 0.2609375 0.915625 0.259375
0 0.1984375 0.3875 0.1921875 0.4 0.21875 0.4109375 0.23125 0.4046875 0.2375 0.3953125 0.2359375 0.3875 0.2296875 0.3859375 0.1984375 0.3875
0 0.44375 0.3328125 0.4375 0.3375 0.4375 0.346875 0.446875 0.353125 0.46875 0.3484375 0.4796875 0.3375 0.46875 0.3265625 0.44375 0.3328125
0 0.2734375 0.7734375 0.2703125 0.7796875 0.2828125 0.7796875 0.28125 0.7734375 0.2734375 0.7734375
0 0.45 0.3375 0.44375 0.3484375 0.45625 0.35 0.4578125 0.340625 0.45 0.3375
0 0.2875 0.7671875 0.2875 0.7734375 0.2984375 0.7703125 0.2875 0.7671875
0 0.4171875 0.2796875 0.4109375 0.2890625 0.4234375 0.2921875 0.425 0.2828125 0.4171875 0.2796875
0 0.8984375 0.5375 0.8859375 0.5421875 0.8859375 0.55 0.921875 0.546875 0.921875 0.5421875 0.8984375 0.5375
0 0.3046875 0.76875 0.3046875 0.775 0.3125 0.7765625 0.3125 0.7703125 0.3046875 0.76875
0 0.2375 0.3421875 0.24375 0.3484375 0.2546875 0.3484375 0.2484375 0.340625 0.2375 0.3421875
0 0.10625 0.79375 0.1015625 0.8015625 0.109375 0.79375 0.115625 0.8046875 0.125 0.8046875 0.1671875 0.7875 0.1609375 0.78125 0.1328125 0.78125 0.121875 0.7921875 0.10625 0.79375
0 0.5140625 0.3484375 0.5125 0.35625 0.5171875 0.359375 0.53125 0.359375 0.5296875 0.35 0.5140625 0.3484375
0 0.7484375 0.225 0.7484375 0.2359375 0.7625 0.2359375 0.76875 0.23125 0.7671875 0.225 0.7484375 0.225
0 0.95625 0.234375 0.9484375 0.24375 0.9640625 0.246875 0.96875 0.2421875 0.9671875 0.23125 0.95625 0.234375
0 0.6171875 0.3265625 0.6125 0.3375 0.6265625 0.3375 0.634375 0.33125 0.63125 0.3234375 0.6171875 0.3265625
0 0.2484375 0.7734375 0.2421875 0.7734375 0.2421875 0.778125 0.2484375 0.7796875 0.2484375 0.7734375
0 0.3609375 0.2 0.3546875 0.2015625 0.3546875 0.2125 0.359375 0.215625 0.36875 0.209375 0.3671875 0.2015625 0.3609375 0.2
0 0.540625 0.1875 0.5375 0.1984375 0.5515625 0.1984375 0.55625 0.1921875 0.540625 0.1875
0 0.834375 0.4671875 0.8328125 0.4734375 0.84375 0.478125 0.8546875 0.4734375 0.859375 0.4625 0.85 0.4609375 0.834375 0.4671875