0 0.53125 0.7765625 0.5296875 0.7859375 0.5375 0.7859375 0.5375 0.7953125 0.5296875 0.8 0.5359375 0.8015625 0.540625 0.7875 0.53125 0.7765625
0 0.38125 0.0671875 0.38125 0.0859375 0.3875 0.0859375 0.3921875 0.06875 0.38125 0.0671875
0 0.7984375 0.8328125 0.79375 0.8328125 0.79375 0.846875 0.8046875 0.853125 0.80625 0.8421875 0.7984375 0.8328125
0 0.48125 0.5515625 0.4796875 0.5640625 0.4890625 0.5734375 0.49375 0.56875 0.49375 0.5578125 0.48125 0.5515625
0 0.65625 0.8625 0.659375 0.8671875 0.6546875 0.8765625 0.6609375 0.88125 0.65625 0.8625
0 0.5203125 0.4875 0.51875 0.50625 0.5234375 0.50625 0.5265625 0.4921875 0.5203125 0.4875
0 0.6921875 0.9765625 0.6921875 0.9921875 0.6984375 0.9921875 0.6984375 0.9734375 0.6921875 0.9765625
0 0.4234375 0.1765625 0.4234375 0.1921875 0.43125 0.1921875 0.43125 0.18125 0.4234375 0.1765625
0 0.6078125 0.6578125 0.6046875 0.6671875 0.6125 0.6734375 0.6171875 0.65625 0.6078125 0.6578125
0 0.5515625 0.2046875 0.55 0.2171875 0.5609375 0.21875 0.5609375 0.209375 0.5515625 0.2046875
0 0.3796875 0.9734375 0.3765625 0.98125 0.3859375 0.984375 0.3796875 0.9734375
0 0.6765625 0.7046875 0.675 0.7171875 0.6875 0.725 0.690625 0.7125 0.6765625 0.7046875