0 0.5 0.7015625 0.49375 0.7109375 0.5 0.721875 0.50625 0.7109375 0.5 0.7015625
0 0.6328125 0.6203125 0.63125 0.634375 0.6375 0.634375 0.64375 0.6296875 0.64375 0.61875 0.6328125 0.6203125
0 0.421875 0.59375 0.4171875 0.59375 0.4171875 0.603125 0.425 0.609375 0.4265625 0.6 0.421875 0.59375
0 0.5359375 0.60625 0.53125 0.6171875 0.5375 0.6234375 0.5421875 0.61875 0.5421875 0.6046875 0.5359375 0.60625
0 0.9015625 0.909375 0.8984375 0.921875 0.9015625 0.9296875 0.909375 0.9296875 0.909375 0.91875 0.9015625 0.909375
0 0.5375 0.525 0.534375 0.5328125 0.5421875 0.5546875 0.5484375 0.5421875 0.5421875 0.5234375 0.5375 0.525
0 0.509375 0.4640625 0.50625 0.4734375 0.5109375 0.4828125 0.5171875 0.484375 0.5171875 0.46875 0.509375 0.4640625
0 0.3890625 0.340625 0.3859375 0.3625 0.39375 0.3625 0.3953125 0.34375 0.3890625 0.340625
0 0.63125 0.8234375 0.63125 0.84375 0.6421875 0.8421875 0.6421875 0.825 0.63125 0.8234375
0 0.19375 0.9625 0.1921875 0.9984375 0.2359375 0.9984375 0.2421875 0.9515625 0.225 0.940625 0.2234375 0.93125 0.2125 0.91875 0.19375 0.9625
0 0.4421875 0.41875 0.4375 0.4234375 0.4390625 0.43125 0.446875 0.43125 0.4484375 0.41875 0.4421875 0.41875
0 0.425 0.6765625 0.4234375 0.69375 0.4296875 0.6984375 0.425 0.6765625
0 0.7234375 0.70625 0.7296875 0.7125 0.721875 0.71875 0.7296875 0.7234375 0.7296875 0.70625 0.7234375 0.70625
0 0.9671875 0.971875 0.9640625 0.9796875 0.96875 0.9921875 0.975 0.9921875 0.975 0.98359375 0.9671875 0.98125 0.975 0.975 0.9671875 0.971875
0 0.7328125 0.9265625 0.73125 0.9375 0.7375 0.94375 0.74375 0.925 0.7328125 0.9265625
0 0.8015625 0.7921875 0.8 0.8046875 0.8078125 0.8109375 0.8109375 0.8078125 0.8015625 0.7984375 0.8109375 0.79375 0.8015625 0.7921875