0 0.075 0.28125 0.06875 0.2875 0.0703125 0.2984375 0.08125 0.2921875 0.08125 0.2828125 0.075 0.28125
0 0.790625 0.6109375 0.7875 0.6234375 0.796875 0.6296875 0.7984375 0.61875 0.790625 0.6109375
0 0.4359375 0.909375 0.43125 0.909375 0.434375 0.9171875 0.4359375 0.909375
0 0.421875 0.571875 0.4171875 0.571875 0.4171875 0.5921875 0.421875 0.59375 0.421875 0.571875
0 0.7609375 0.7859375 0.75625 0.7859375 0.75625 0.8 0.7625 0.7984375 0.7609375 0.7859375
0 0.525 0.565625 0.5203125 0.56875 0.5234375 0.58125 0.53125 0.575 0.53125 0.565625 0.525 0.565625
0 0.2890625 0.4734375 0.28125 0.4734375 0.28125 0.4859375 0.290625 0.4859375 0.2890625 0.4734375
0 0.3015625 0.7734375 0.3015625 0.7859375 0.3125 0.78125 0.3125 0.76875 0.3015625 0.7734375
0 0.2625 0.68125 0.2609375 0.6921875 0.26875 0.696875 0.2703125 0.6828125 0.2625 0.68125
0 0.13125 0.45625 0.1296875 0.46875 0.140625 0.46875 0.1421875 0.4578125 0.13125 0.45625
0 0.0875 0.496875 0.0859375 0.5109375 0.0921875 0.51875 0.096875 0.5140625 0.096875 0.503125 0.09375 0.496875 0.0875 0.496875
0 0.534375 0.96484375 0.00625 0.0078125
0 0.7 0.9078125 0.7 0.925 0.70625 0.925 0.70625 0.909375 0.7 0.9078125
0 0.49375 0.7734375 0.4875 0.7734375 0.4890625 0.79375 0.49375 0.79375 0.49375 0.7734375
0 0.0671875 0.1578125 0.0625 0.1625 0.0671875 0.1796875 0.075 0.18125 0.0734375 0.1609375 0.0671875 0.1578125
0 0.6796875 0.56875 0.675 0.5734375 0.6765625 0.5859375 0.6859375 0.58125 0.6859375 0.5734375 0.6796875 0.56875