0 0.428125 0.3859375 0.425 0.396875 0.4328125 0.4 0.4359375 0.3890625 0.428125 0.3859375
0 0.7171875 0.1375 0.7140625 0.1484375 0.7234375 0.153125 0.7296875 0.1421875 0.7171875 0.1375
0 0.2984375 0.1453125 0.296875 0.1609375 0.3015625 0.1625 0.30625 0.15 0.2984375 0.1453125
0 0.6171875 0.7609375 0.6140625 0.7765625 0.61875 0.7796875 0.625 0.7640625 0.6171875 0.7609375
0 0.26875 0.45 0.2703125 0.4671875 0.2796875 0.4484375 0.26875 0.45
0 0.68125 0.7296875 0.6796875 0.7375 0.6921875 0.7421875 0.69375 0.7296875 0.68125 0.7296875
0 0.6828125 0.51875 0.68125 0.5296875 0.6921875 0.534375 0.69375 0.525 0.6828125 0.51875
0 0.41875 0.0078125 0.41875 0.01875 0.4296875 0.01875 0.425 0.00625 0.41875 0.0078125
0 0.5359375 0.1796875 0.5265625 0.1890625 0.53125 0.1984375 0.5359375 0.1984375 0.540625 0.1875 0.540625 0.18125 0.5359375 0.1796875
0 0.2875 0.7296875 0.2953125 0.7359375 0.2859375 0.7421875 0.2859375 0.753125 0.296875 0.7609375 0.3 0.7421875 0.2875 0.7296875
0 0.725 0.3125 0.7234375 0.3296875 0.7296875 0.33125 0.73125 0.3171875 0.725 0.3125