0 0.8671875 0.1046875 0.8640625 0.115625 0.875 0.1203125 0.875 0.109375 0.8671875 0.1046875
0 0.5 0.4890625 0.4984375 0.503125 0.5046875 0.50625 0.50625 0.4890625 0.5 0.4890625
0 0.75625 0 0.75 0 0.753125 0.0140625 0.7609375 0.0109375 0.75625 0
0 0.3921875 0.51875 0.3890625 0.53125 0.4 0.53125 0.4 0.51875 0.3921875 0.51875
0 0.7625 0.465625 0.7609375 0.4734375 0.7671875 0.478125 0.7734375 0.4625 0.7625 0.465625
0 0.1125 0.3546875 0.1109375 0.365625 0.1203125 0.371875 0.1234375 0.3625 0.1125 0.3546875
0 0.64375 0.50625 0.6421875 0.525 0.6484375 0.5203125 0.6484375 0.50625 0.64375 0.50625
0 0.1390625 0.4796875 0.1390625 0.496875 0.146875 0.5 0.146875 0.48125 0.1390625 0.4796875
0 0.2640625 0.4625 0.2625 0.478125 0.26875 0.4796875 0.2703125 0.4734375 0.2640625 0.465625 0.2703125 0.4625 0.2640625 0.4625
0 0.45625 0.1390625 0.4625 0.1484375 0.4546875 0.1515625 0.45625 0.15625 0.465625 0.1609375 0.465625 0.15 0.45625 0.1390625
0 0.6296875 0.1890625 0.628125 0.203125 0.6359375 0.2046875 0.6390625 0.19375 0.6296875 0.1890625
0 0.7859375 0.3453125 0.784375 0.3625 0.790625 0.3625 0.7921875 0.35625 0.7859375 0.35 0.7921875 0.34375 0.7859375 0.3453125