0 0.5265625 0.0796875 0.5234375 0.096875 0.53125 0.1 0.534375 0.0890625 0.5265625 0.0796875
0 0.71875 0.0859375 0.71875 0.10625 0.7234375 0.1015625 0.7234375 0.0875 0.71875 0.0859375
0 0.60625 0.1859375 0.60625 0.2 0.6125 0.20625 0.6171875 0.1953125 0.6125 0.184375 0.60625 0.1859375
0 0.43125 0.0484375 0.425 0.05 0.425 0.059375 0.4375 0.0625 0.4375 0.05 0.43125 0.0484375
0 0.14375 0.64375 0.1421875 0.6625 0.15 0.6671875 0.1546875 0.659375 0.14375 0.6515625 0.1546875 0.6453125 0.14375 0.64375
0 0.01875 0.6109375 0.0171875 0.64375 0.0296875 0.6546875 0.0375 0.64375 0.034375 0.6140625 0.03125 0.60625 0.01875 0.6109375
0 0.265625 0.4421875 0.2625 0.4484375 0.275 0.4609375 0.2796875 0.45625 0.278125 0.45 0.275 0.44375 0.265625 0.4421875
0 0.2703125 0.6203125 0.26875 0.6296875 0.275 0.634375 0.2859375 0.6140625 0.2796875 0.6125 0.2703125 0.6203125
0 0.375 0.3890625 0.3734375 0.4109375 0.378125 0.4125 0.38125 0.39375 0.375 0.3890625
0 0.471875 0.0078125 0.4734375 0.03125 0.4796875 0.034375 0.4796875 0.0109375 0.478125 0.00625 0.471875 0.0078125
0 0.2578125 0.5078125 0.2546875 0.525 0.2625 0.5359375 0.26875 0.5296875 0.26875 0.509375 0.2578125 0.5078125
0 0.3890625 0.1421875 0.3875 0.1453125 0.396875 0.15 0.3875 0.15625 0.3875 0.1671875 0.39375 0.16875 0.3984375 0.15 0.3953125 0.1421875 0.3890625 0.1421875
0 0.4578125 0.634375 0.4515625 0.64375 0.45625 0.659375 0.465625 0.6453125 0.4578125 0.634375
0 0.1421875 0.04375 0.1390625 0.065625 0.1609375 0.075 0.1640625 0.0671875 0.15625 0.0609375 0.1625 0.05625 0.1609375 0.05 0.15625 0.0421875 0.1484375 0.05 0.146875 0.04375 0.1421875 0.04375
0 0.51875 0.325 0.5109375 0.3328125 0.5109375 0.34375 0.5203125 0.340625 0.5234375 0.3328125 0.51875 0.325
0 0.4078125 0.9375 0.4078125 0.9484375 0.415625 0.9484375 0.41875 0.9328125 0.4078125 0.9375
0 0.2609375 0.9453125 0.259375 0.959375 0.26875 0.9625 0.2734375 0.95 0.2609375 0.9453125