0 0.4859375 0.7921875 0.4734375 0.7921875 0.4734375 0.8 0.4875 0.8 0.4859375 0.7921875
0 0.68125 0.725 0.6796875 0.7375 0.6875 0.734375 0.6875 0.725 0.68125 0.725
0 0.7015625 0.2203125 0.7 0.2328125 0.7078125 0.234375 0.7109375 0.2234375 0.7015625 0.2203125
0 0.74375 0.4546875 0.7375 0.4609375 0.7375 0.4703125 0.7484375 0.46875 0.75 0.45625 0.74375 0.4546875
0 0.4046875 0.4328125 0.4 0.4421875 0.409375 0.44375 0.4109375 0.43125 0.4046875 0.4328125
0 0.4890625 0.7453125 0.4875 0.7484375 0.49375 0.75 0.4875 0.759375 0.496875 0.7609375 0.496875 0.753125 0.4890625 0.7453125
0 0.565625 0.5 0.5625 0.5109375 0.5703125 0.5203125 0.5734375 0.5171875 0.565625 0.5125 0.5734375 0.5046875 0.571875 0.5 0.565625 0.5
0 0.6953125 0.0296875 0.7015625 0.0359375 0.69375 0.0421875 0.7 0.0484375 0.7046875 0.0375 0.6984375 0.028125 0.6953125 0.0296875
0 0.7375 0.6625 0.7359375 0.66875 0.7421875 0.6734375 0.7359375 0.678125 0.7390625 0.6796875 0.74375 0.671875 0.7375 0.6671875 0.74375 0.6625 0.7375 0.6625
0 0.3859375 0.0296875 0.3796875 0.03125 0.3828125 0.04375 0.3921875 0.0375 0.3859375 0.0296875
0 0.21875 0 0.209375 0 0.2171875 0.0171875 0.21875 0
0 0.2625 0.3125 0.2625 0.328125 0.26875 0.33125 0.26875 0.3125 0.2625 0.3125
0 0.5046875 0.2203125 0.503125 0.2296875 0.5125 0.2375 0.5140625 0.2234375 0.5109375 0.21875 0.5046875 0.2203125
0 0.56875 0.9109375 0.5671875 0.921875 0.5734375 0.9265625 0.5765625 0.915625 0.56875 0.9109375