0 0.2203125 0.15625 0.2203125 0.16875 0.2359375 0.16875 0.240625 0.1625 0.234375 0.1546875 0.2203125 0.15625
0 0.5734375 0.65 0.5765625 0.65625 0.571875 0.6671875 0.5859375 0.6875 0.5859375 0.66875 0.5734375 0.65
0 0.4359375 0.425 0.4234375 0.425 0.4265625 0.4375 0.4421875 0.44375 0.4421875 0.4265625 0.4359375 0.425
0 0.1484375 0.1359375 0.146875 0.14375 0.1546875 0.1421875 0.153125 0.15 0.1578125 0.15 0.1546875 0.1390625 0.1484375 0.1359375
0 0.1046875 0.4546875 0.1 0.484375 0.1109375 0.4859375 0.1171875 0.49375 0.11875 0.4828125 0.1265625 0.4734375 0.1421875 0.484375 0.1421875 0.4625 0.1328125 0.4609375 0.121875 0.45 0.109375 0.4484375 0.1046875 0.4546875
0 0.29375 0.2546875 0.2875 0.2609375 0.2875 0.26875 0.3 0.26875 0.3 0.25625 0.29375 0.2546875
0 0.39375 0.4625 0.3890625 0.4796875 0.4 0.4734375 0.4 0.4625 0.39375 0.4625
0 0.25 0.25625 0.24375 0.2796875 0.246875 0.3 0.259375 0.2921875 0.2625 0.2796875 0.2609375 0.25625 0.25 0.25625
0 0.3734375 0.378125 0.371875 0.3859375 0.3953125 0.3859375 0.3984375 0.38125 0.39375 0.375 0.3734375 0.378125
0 0.1734375 0.3953125 0.16875 0.4375 0.18125 0.4265625 0.18125 0.4088546875 0.1734375 0.40625 0.18125 0.4 0.1734375 0.3953125
0 0.94375 0.81875 0.9375 0.8375 0.925 0.8546875 0.9328125 0.853125 0.9421875 0.8421875 0.94375 0.8359375 0.9390625 0.83125 0.94375 0.81875
0 0.4578125 0.5859375 0.45625 0.59375 0.46875 0.59375 0.4734375 0.5984375 0.4796875 0.58125 0.46875 0.5765625 0.4578125 0.5859375
0 0.5234375 0.6734375 0.5203125 0.690625 0.5359375 0.69375 0.5421875 0.6875 0.5421875 0.6796875 0.5234375 0.6734375
0 0.4734375 0.4625 0.4578125 0.4625 0.4578125 0.4703125 0.4796875 0.4734375 0.4734375 0.4625