0 0.2359375 0.94375 0.2359375 0.9609375 0.259375 0.9609375 0.2609375 0.95625 0.2546875 0.95 0.2359375 0.94375
0 0.7375 0.628125 0.734375 0.6359375 0.753125 0.6359375 0.759375 0.63125 0.75 0.625 0.7375 0.628125
0 0.8625 0.98125 0.85625 0.9921875 0.8671875 0.99375 0.875 0.9890625 0.8734375 0.98125 0.8625 0.98125
0 0.8328125 0.4625 0.8328125 0.4734375 0.846875 0.4734375 0.85 0.46875 0.85 0.4625 0.8328125 0.4625
0 0.8171875 0.2234375 0.8125 0.225 0.8125 0.23125 0.83125 0.2296875 0.83125 0.2234375 0.8171875 0.2234375
0 0.9890625 0.9671875 0.9875 0.9734375 0.9984375 0.975 0.9984375 0.9640625 0.9890625 0.9671875
0 0.2328125 0.7734375 0.2125 0.7734375 0.2125 0.784375 0.2328125 0.78125 0.2328125 0.7734375
0 0.39375 0.7625 0.3875 0.7703125 0.4 0.7765625 0.4109375 0.7734375 0.4046875 0.7640625 0.39375 0.7625
0 0.5375 0.5125 0.5375 0.5203125 0.546875 0.5234375 0.5515625 0.51875 0.55 0.5140625 0.5375 0.5125
0 0.521875 0.746875 0.5234375 0.753125 0.54375 0.75 0.5375 0.74375 0.521875 0.746875
0 0.675 0.3234375 0.671875 0.33125 0.6921875 0.3296875 0.6921875 0.3234375 0.675 0.3234375
0 0.65 0.3 0.65 0.309375 0.6734375 0.30625 0.671875 0.3 0.65 0.3
0 0.2921875 0.5875 0.2859375 0.5984375 0.296875 0.6 0.3015625 0.5890625 0.2921875 0.5875