0 0.6828125 0.1640625 0.68125 0.178125 0.6890625 0.1796875 0.6921875 0.1734375 0.6828125 0.16875 0.6921875 0.1625 0.6828125 0.1640625
0 0.6609375 0.05 0.665625 0.0546875 0.659375 0.0640625 0.6671875 0.0703125 0.6671875 0.05625 0.6609375 0.05
0 0.15625 0.7984375 0.15 0.8015625 0.15 0.8109375 0.1546875 0.8125 0.1609375 0.8109375 0.1609375 0.8 0.15625 0.7984375
0 0.215625 0.8640625 0.2125 0.8703125 0.2171875 0.8796875 0.2234375 0.88125 0.2234375 0.8640625 0.215625 0.8640625
0 0.309375 0.7078125 0.30625 0.7109375 0.3125 0.7171875 0.30625 0.725 0.3125 0.728125 0.309375 0.7078125
0 0.6109375 0.3265625 0.60625 0.3375 0.6109375 0.346875 0.6171875 0.3484375 0.6171875 0.3328125 0.6109375 0.3265625
0 0.1875 0.2703125 0.18125 0.2703125 0.18125 0.2828125 0.1859375 0.2875 0.1875 0.2703125
0 0.5015625 0.4734375 0.49375 0.4734375 0.49375 0.4859375 0.5 0.4890625 0.5046875 0.4875 0.5015625 0.4734375
0 0.340625 0.259375 0.3375 0.26875 0.353125 0.26875 0.3515625 0.2609375 0.340625 0.259375
0 0.4234375 0.615625 0.4265625 0.628125 0.43125 0.625 0.4234375 0.61875 0.43125 0.6125 0.4265625 0.6109375 0.4234375 0.615625
0 0.040625 0.1171875 0.0375 0.125 0.0421875 0.1296875 0.0546875 0.1265625 0.053125 0.115625 0.040625 0.1171875
0 0.490625 0.1046875 0.4875 0.11875 0.4984375 0.115625 0.4984375 0.10625 0.490625 0.1046875