0 0.26708984375 0.7743055555555556 0.26220703125 0.7855902777777778 0.2685546875 0.8003472222222222 0.2724609375 0.8020833333333334 0.27880859375 0.7960069444444444 0.27880859375 0.7847222222222222 0.27392578125 0.7717013888888888 0.27099609375 0.7699652777777778 0.26708984375 0.7743055555555556
0 0.33349609375 0.2873263888888889 0.33349609375 0.2916666666666667 0.34814453125 0.2916666666666667 0.34716796875 0.2873263888888889 0.3427734375 0.2847222222222222 0.33642578125 0.2847222222222222 0.33349609375 0.2873263888888889
0 0.17724609375 0.1953125 0.1767578125 0.21354166666666666 0.177734375 0.21614583333333334 0.18212890625 0.2170138888888889 0.18798828125 0.20399305555555555 0.18896484375 0.19444444444444445 0.185546875 0.1892361111111111 0.18115234375 0.18836805555555555 0.1787109375 0.19010416666666666 0.17724609375 0.1953125
0 0.12939453125 0.7022569444444444 0.12890625 0.7135416666666666 0.13232421875 0.71875 0.14013671875 0.71875 0.142578125 0.7152777777777778 0.14306640625 0.703125 0.1416015625 0.6979166666666666 0.1318359375 0.6979166666666666 0.12939453125 0.7022569444444444
0 0.06689453125 0.2986111111111111 0.0673828125 0.3038194444444444 0.07177734375 0.3003472222222222 0.07275390625 0.2960069444444444 0.0703125 0.2951388888888889 0.06689453125 0.2986111111111111
0 0.19482421875 0.7578125 0.19482421875 0.7734375 0.20263671875 0.78125 0.20556640625 0.7786458333333334 0.2080078125 0.7699652777777778 0.2080078125 0.7569444444444444 0.20361328125 0.7534722222222222 0.1982421875 0.7534722222222222 0.19482421875 0.7578125
0 0.28125 0.3993055555555556 0.27685546875 0.3993055555555556 0.27685546875 0.4071180555555556 0.2822265625 0.4071180555555556 0.28125 0.3993055555555556
0 0.22900390625 0.6944444444444444 0.228515625 0.7161458333333334 0.2314453125 0.7196180555555556 0.23681640625 0.7196180555555556 0.23779296875 0.6944444444444444 0.236328125 0.6909722222222222 0.2314453125 0.6909722222222222 0.22900390625 0.6944444444444444
0 0.134765625 0.3411458333333333 0.13525390625 0.3637152777777778 0.14208984375 0.3628472222222222 0.142578125 0.3411458333333333 0.134765625 0.3411458333333333
0 0.271484375 0.1953125 0.271484375 0.20572916666666666 0.27392578125 0.2109375 0.28662109375 0.203125 0.2880859375 0.1987847222222222 0.28515625 0.19010416666666666 0.271484375 0.1953125
0 0.52392578125 0.5512152777777778 0.521484375 0.5555555555555556 0.52197265625 0.5625 0.529296875 0.5763888888888888 0.5341796875 0.5763888888888888 0.53564453125 0.5685763888888888 0.53125 0.5546875 0.529296875 0.5512152777777778 0.52392578125 0.5512152777777778
0 0.3818359375 0.296875 0.38232421875 0.3090277777777778 0.39013671875 0.3098958333333333 0.392578125 0.3038194444444444 0.39208984375 0.296875 0.3896484375 0.2925347222222222 0.384765625 0.2916666666666667 0.3818359375 0.296875
0 0.53857421875 0.4861111111111111 0.5380859375 0.4930555555555556 0.54052734375 0.4973958333333333 0.55078125 0.4965277777777778 0.55419921875 0.4921875 0.55419921875 0.4878472222222222 0.55078125 0.4826388888888889 0.53857421875 0.4861111111111111