0 0.853125 0.3890625 0.85 0.3953125 0.8546875 0.3984375 0.8609375 0.3890625 0.86875 0.3984375 0.8734375 0.39375 0.865625 0.3875 0.853125 0.3890625
0 0.3625 0.78125 0.3546875 0.78125 0.35625 0.79375 0.3671875 0.7921875 0.3625 0.78125
0 0.6453125 0.484375 0.6390625 0.4875 0.64375 0.496875 0.65 0.49375 0.6453125 0.484375
0 0.0765625 0.5140625 0.075 0.5234375 0.0921875 0.5203125 0.0890625 0.5140625 0.0765625 0.5140625
0 0.4484375 0.6125 0.4484375 0.6234375 0.4625 0.6234375 0.4625 0.6140625 0.4484375 0.6125
0 0.7875 0.85 0.76875 0.85 0.76875 0.85625 0.7859375 0.859375 0.7875 0.85
0 0.1671875 0.6625 0.1578125 0.6625 0.1578125 0.671875 0.1703125 0.6734375 0.171875 0.6671875 0.1671875 0.6625
0 0.2578125 0.346875 0.2625 0.35625 0.2859375 0.353125 0.2796875 0.34375 0.2578125 0.346875
0 0.2609375 0.4625 0.2609375 0.4734375 0.275 0.465625 0.26875 0.45625 0.2609375 0.4625
0 0.16875 0.725 0.1671875 0.7359375 0.1796875 0.7390625 0.18125 0.7296875 0.16875 0.725
0 0.8890625 0.353125 0.8875 0.359375 0.8984375 0.35625 0.8890625 0.353125
0 0.6 0.2984375 0.59375 0.30625 0.609375 0.30625 0.609375 0.3 0.6 0.2984375
0 0.746875 0.6296875 0.74375 0.6375 0.76875 0.6359375 0.76875 0.63125 0.7609375 0.628125 0.746875 0.6296875
0 0.596875 0.8046875 0.59375 0.8171875 0.6078125 0.8171875 0.609375 0.80625 0.596875 0.8046875
0 0.2875 0.4859375 0.2875 0.49375 0.3 0.49375 0.30625 0.4875 0.2875 0.4859375