0 0.696875 0.1359375 0.696875 0.1515625 0.7046875 0.153125 0.7046875 0.1390625 0.696875 0.1359375
0 0.54375 0.3109375 0.5421875 0.3296875 0.5484375 0.3296875 0.55 0.3125 0.54375 0.3109375
0 0.23125 0.8359375 0.2296875 0.85 0.2359375 0.85 0.2421875 0.84375 0.2421875 0.8359375 0.2359375 0.83125 0.23125 0.8359375
0 0.6828125 0.5546875 0.6796875 0.5671875 0.6875 0.571875 0.69375 0.5671875 0.69375 0.55625 0.6828125 0.5546875
0 0.2640625 0.534375 0.2625 0.546875 0.26875 0.55 0.2734375 0.534375 0.2640625 0.534375
0 0.4578125 0.096875 0.45625 0.109375 0.4625 0.1109375 0.4671875 0.096875 0.4578125 0.096875
0 0.6875 0.7296875 0.6859375 0.7484375 0.690625 0.75 0.69375 0.73125 0.6875 0.7296875
0 0.64375 0.9328125 0.6390625 0.9421875 0.65 0.9484375 0.65 0.9375 0.64375 0.9328125
0 0.44375 0.05625 0.4421875 0.0671875 0.45625 0.06875 0.4546875 0.05625 0.44375 0.05625
0 0.390625 0.7796875 0.3875 0.790625 0.4 0.790625 0.3984375 0.78125 0.390625 0.7796875
0 0.5 0.58125 0.49375 0.59375 0.496875 0.5984375 0.50625 0.59375 0.50625 0.5828125 0.5 0.58125
0 0.6390625 0.0890625 0.6375 0.0984375 0.6453125 0.1046875 0.6484375 0.09375 0.64375 0.0875 0.6390625 0.0890625
0 0.70625 0.33125 0.7046875 0.340625 0.7109375 0.3453125 0.71875 0.34375 0.71875 0.3375 0.70625 0.33125
0 0.39375 0.4046875 0.3890625 0.4109375 0.4 0.4171875 0.4 0.4078125 0.39375 0.4046875