0 0.34375 0.9125 0.34375 0.93125 0.35 0.9171875 0.3484375 0.9109375 0.34375 0.9125
0 0.6125 0.76875 0.609375 0.775 0.6171875 0.784375 0.6203125 0.775 0.6125 0.76875
0 0.4265625 0.45625 0.425 0.46875 0.43125 0.4703125 0.434375 0.45 0.4265625 0.45625
0 0.6765625 0.9375 0.675 0.94375 0.68125 0.95 0.675 0.953125 0.68125 0.95625 0.6828125 0.9421875 0.6796875 0.9359375 0.6765625 0.9375
0 0.3625 0.8625 0.3640625 0.8734375 0.3671875 0.8640625 0.3625 0.8625
0 0.28125 0.3375 0.2796875 0.3515625 0.2859375 0.353125 0.2859375 0.3375 0.28125 0.3375
0 0.2296875 0.0015625 0.2265625 0.0125 0.23125 0.01875 0.2359375 0.0140625 0.2296875 0.0046875 0.2375 0 0.2296875 0.0015625
0 0.278125 0.4484375 0.275 0.4515625 0.28125 0.4546875 0.275 0.4609375 0.28125 0.465625 0.2828125 0.45625 0.278125 0.4484375
0 0.2796875 0.0203125 0.275 0.0203125 0.275 0.03125 0.2828125 0.0375 0.2796875 0.0203125
0 0.4 0.68125 0.3984375 0.6875 0.4046875 0.6921875 0.4 0.6984375 0.40625 0.690625 0.4015625 0.68125 0.40625 0.6765625 0.4 0.68125
0 0.50625 0.575 0.5046875 0.5859375 0.5109375 0.5921875 0.5140625 0.58125 0.50625 0.575
0 0.3734375 0.215625 0.3765625 0.23125 0.3796875 0.2171875 0.375 0.2125 0.3734375 0.215625