0 0.8125 0.2203125 0.8125 0.23125 0.825 0.23125 0.8296875 0.2265625 0.825 0.21875 0.8125 0.2203125
0 0.6203125 0.2515625 0.6171875 0.259375 0.634375 0.2609375 0.6296875 0.25 0.6203125 0.2515625
0 0.725 0.35 0.721875 0.35625 0.7296875 0.3625 0.75 0.3625 0.7625 0.35625 0.7578125 0.3484375 0.734375 0.3453125 0.725 0.35
0 0.93125 0.3203125 0.93125 0.3265625 0.9515625 0.325 0.9484375 0.3171875 0.93125 0.3203125
0 0.8234375 0.5296875 0.81875 0.5359375 0.846875 0.54375 0.8703125 0.5421875 0.875 0.5375 0.8359375 0.5296875 0.8296875 0.5375 0.8234375 0.5296875
0 0.05 0.5890625 0.0421875 0.5890625 0.04375 0.6 0.05 0.5984375 0.05 0.5890625
0 0.0140625 0.5828125 0.0140625 0.5921875 0.0234375 0.5921875 0.0234375 0.5828125 0.0140625 0.5828125
0 0.3546875 0.196875 0.353125 0.2109375 0.359375 0.2125 0.3609375 0.1984375 0.3546875 0.196875
0 0.9984375 0.36875 0.96875 0.36875 0.96875 0.3734375 0.9875 0.3859375 0.9984375 0.3859375 0.9984375 0.36875
0 0.5875 0.30625 0.58125 0.3125 0.5859375 0.3171875 0.6 0.3125 0.5984375 0.30625 0.5875 0.30625
0 0.65625 0.1734375 0.6515625 0.178125 0.6546875 0.18125 0.6609375 0.1734375 0.66875 0.171875 0.6671875 0.18125 0.6734375 0.1734375 0.6671875 0.16875 0.65625 0.1734375
0 0.73125 0.35 0.725 0.353125 0.725 0.3609375 0.7484375 0.3625 0.746875 0.353125 0.73125 0.35
0 0.4296875 0.2390625 0.4265625 0.24375 0.43125 0.25 0.4421875 0.2484375 0.4375 0.2375 0.4296875 0.2390625
0 0.9328125 0.3125 0.9296875 0.325 0.94375 0.3296875 0.9609375 0.3234375 0.96875 0.3046875 0.9640625 0.3 0.9484375 0.3015625 0.9328125 0.3125
0 0.6359375 0.3265625 0.63125 0.33125 0.63125 0.3453125 0.64375 0.3484375 0.64375 0.33125 0.6359375 0.3265625
0 0.9328125 0.3140625 0.93125 0.3265625 0.9421875 0.3296875 0.9546875 0.325 0.9546875 0.30625 0.9421875 0.30625 0.9328125 0.3140625
0 0.71875 0.6046875 0.7140625 0.6109375 0.725 0.6171875 0.7421875 0.61875 0.7484375 0.6140625 0.7328125 0.6046875 0.7203125 0.6125 0.71875 0.6046875
0 0.584375 0.303125 0.58125 0.3171875 0.6140625 0.3171875 0.6234375 0.3125 0.6203125 0.3046875 0.584375 0.303125
0 0.6421875 0.53125 0.63125 0.5375 0.63125 0.546875 0.665625 0.54375 0.6859375 0.5515625 0.70625 0.546875 0.696875 0.53125 0.6421875 0.53125
0 0.7375 0.325 0.7375 0.3359375 0.753125 0.3328125 0.7484375 0.3234375 0.7375 0.325
0 0.06875 0.59375 0.0625 0.59375 0.0625 0.6 0.0703125 0.6 0.06875 0.59375