0 0.35400390625 0.7309027777777778 0.35400390625 0.7421875 0.35595703125 0.7439236111111112 0.357421875 0.7421875 0.357421875 0.7369791666666666 0.3564453125 0.7326388888888888 0.35400390625 0.7309027777777778
0 0.64892578125 0.3949652777777778 0.64599609375 0.4001736111111111 0.64599609375 0.4097222222222222 0.64990234375 0.4166666666666667 0.65478515625 0.4166666666666667 0.66259765625 0.4071180555555556 0.66259765625 0.3949652777777778 0.65966796875 0.3897569444444444 0.65380859375 0.3897569444444444 0.64892578125 0.3949652777777778
0 0.7626953125 0.6467013888888888 0.76220703125 0.6579861111111112 0.763671875 0.6631944444444444 0.76611328125 0.6657986111111112 0.77197265625 0.6657986111111112 0.77392578125 0.6631944444444444 0.77392578125 0.6475694444444444 0.77197265625 0.6449652777777778 0.7626953125 0.6467013888888888
0 0.947265625 0.9496527777777778 0.94775390625 0.9652777777777778 0.95068359375 0.96875 0.95751953125 0.9661458333333334 0.9580078125 0.9583333333333334 0.95556640625 0.9487847222222222 0.947265625 0.9496527777777778
0 0.501953125 0.9201388888888888 0.5009765625 0.9253472222222222 0.50390625 0.9296875 0.5068359375 0.9296875 0.5078125 0.9227430555555556 0.50439453125 0.9184027777777778 0.501953125 0.9201388888888888
0 0.390625 0.6015625 0.39013671875 0.6111111111111112 0.39306640625 0.6163194444444444 0.40234375 0.6119791666666666 0.40234375 0.6041666666666666 0.39599609375 0.5998263888888888 0.390625 0.6015625
0 0.3251953125 0.3298611111111111 0.3251953125 0.3541666666666667 0.32763671875 0.3585069444444444 0.33251953125 0.3576388888888889 0.333984375 0.3532986111111111 0.33251953125 0.3307291666666667 0.3310546875 0.328125 0.3251953125 0.3298611111111111
0 0.91064453125 0.7439236111111112 0.9111328125 0.7552083333333334 0.91357421875 0.7578125 0.91796875 0.7595486111111112 0.921875 0.7552083333333334 0.921875 0.7439236111111112 0.91845703125 0.7395833333333334 0.9140625 0.7395833333333334 0.91064453125 0.7439236111111112
0 0.59228515625 0.6267361111111112 0.59228515625 0.6397569444444444 0.5947265625 0.6449652777777778 0.599609375 0.6475694444444444 0.6025390625 0.6440972222222222 0.603515625 0.6310763888888888 0.6015625 0.6267361111111112 0.59228515625 0.6267361111111112
0 0.38134765625 0.3420138888888889 0.3798828125 0.3506944444444444 0.3828125 0.3532986111111111 0.384765625 0.3515625 0.38525390625 0.3454861111111111 0.38427734375 0.3411458333333333 0.38134765625 0.3420138888888889
0 0.44384765625 0.3567708333333333 0.4423828125 0.3645833333333333 0.4462890625 0.3645833333333333 0.44677734375 0.3585069444444444 0.44384765625 0.3567708333333333
0 0.630859375 0.5112847222222222 0.62939453125 0.5243055555555556 0.6318359375 0.5329861111111112 0.63720703125 0.5364583333333334 0.64306640625 0.5286458333333334 0.642578125 0.5104166666666666 0.64013671875 0.5078125 0.63232421875 0.5078125 0.630859375 0.5112847222222222
0 0.30859375 0.5078125 0.30859375 0.5182291666666666 0.3125 0.5243055555555556 0.3193359375 0.5286458333333334 0.32421875 0.5269097222222222 0.32421875 0.515625 0.318359375 0.5069444444444444 0.3134765625 0.5026041666666666 0.30859375 0.5078125
0 0.39599609375 0.1501736111111111 0.39599609375 0.1657986111111111 0.39892578125 0.17447916666666666 0.404296875 0.1753472222222222 0.40625 0.1675347222222222 0.40478515625 0.1545138888888889 0.4013671875 0.14930555555555555 0.39599609375 0.1501736111111111
0 0.779296875 0.5381944444444444 0.779296875 0.5512152777777778 0.78515625 0.5581597222222222 0.7900390625 0.5529513888888888 0.79296875 0.5451388888888888 0.7890625 0.5329861111111112 0.7822265625 0.5329861111111112 0.779296875 0.5381944444444444