0 0.675 0.0734375 0.66875 0.0765625 0.66875 0.0859375 0.6828125 0.084375 0.6828125 0.075 0.675 0.0734375
0 0.3765625 0.9359375 0.375 0.946875 0.384375 0.9453125 0.3859375 0.9359375 0.3765625 0.9359375
0 0.64375 0.0296875 0.6453125 0.04375 0.65 0.03125 0.64375 0.0296875
0 0.346875 0.715625 0.3453125 0.728125 0.3546875 0.734375 0.3546875 0.71875 0.346875 0.715625
0 0.225 0.8640625 0.2234375 0.8796875 0.23125 0.884375 0.234375 0.8671875 0.225 0.8640625
0 0.325 0.9296875 0.3265625 0.94375 0.3328125 0.9375 0.3328125 0.9296875 0.325 0.9296875
0 0.1796875 0.9546875 0.1734375 0.9546875 0.1734375 0.9703125 0.1828125 0.975 0.1875 0.9625 0.1796875 0.9546875
0 0.3671875 0.5359375 0.3640625 0.55 0.3703125 0.55625 0.3734375 0.540625 0.3671875 0.5359375
0 0.43125 0.3921875 0.425 0.39375 0.425 0.40625 0.434375 0.40625 0.43125 0.3921875
0 0.3015625 0.703125 0.3 0.71875 0.3125 0.7171875 0.3140625 0.7140625 0.3015625 0.7046875 0.3140625 0.7 0.30625 0.6984375 0.3015625 0.703125
0 0.65 0.1390625 0.6484375 0.1546875 0.6546875 0.1546875 0.659375 0.1375 0.65625 0.1328125 0.65 0.1390625
0 0.603125 0 0.596875 0.00625 0.6 0.0171875 0.609375 0.0078125 0.603125 0
0 0.2625 0.7484375 0.2609375 0.7515625 0.26875 0.7546875 0.2609375 0.7609375 0.265625 0.7625 0.2734375 0.7453125 0.2671875 0.7421875 0.2625 0.7484375
0 0.484375 0.57265625 0.009375 0.0203125
0 0.48125 0.2609375 0.4796875 0.275 0.4890625 0.278125 0.4921875 0.26875 0.4875 0.2609375 0.48125 0.2609375
0 0.5484375 0.3953125 0.55 0.4140625 0.5546875 0.415625 0.55 0.4078125 0.55625 0.4046875 0.5546875 0.3953125 0.5484375 0.3953125
0 0.4 0.796875 0.4 0.8125 0.40625 0.8125 0.40625 0.7984375 0.4 0.796875
0 0.5625 0.10625 0.55625 0.1125 0.5578125 0.1234375 0.56875 0.115625 0.5671875 0.10625 0.5625 0.10625
0 0.59375 0.3015625 0.59375 0.3125 0.5984375 0.3125 0.6046875 0.3015625 0.6 0.296875 0.59375 0.3015625