0 0.51875 0.6734375 0.509375 0.675 0.509375 0.6796875 0.5234375 0.69375 0.5375 0.696875 0.54375 0.6875 0.55 0.6984375 0.5546875 0.69375 0.51875 0.6734375
0 0.809375 0.615625 0.8125 0.6234375 0.81875 0.6234375 0.8234375 0.6125 0.809375 0.615625
0 0.7828125 0.3859375 0.7734375 0.3859375 0.7734375 0.39375 0.778125 0.3953125 0.784375 0.3875 0.7890625 0.3953125 0.7890625 0.3890625 0.7828125 0.3859375
0 0.79375 0.5171875 0.79375 0.5234375 0.8125 0.5234375 0.8125 0.51875 0.8015625 0.5140625 0.79375 0.5171875
0 0.3609375 0.2375 0.3609375 0.24375 0.3796875 0.24375 0.375 0.23125 0.3609375 0.2375
0 0.5046875 0.4421875 0.503125 0.4546875 0.5078125 0.45625 0.5171875 0.4421875 0.5046875 0.4421875
0 0.8671875 0.6234375 0.8640625 0.63125 0.8703125 0.634375 0.8859375 0.63125 0.8859375 0.625 0.8671875 0.6234375
0 0.98671875 0.996875 0.0015625 0.003125
0 0.9796875 0.8125 0.96875 0.8265625 0.9984375 0.825 0.9984375 0.8125 0.9796875 0.8125
0 0.4078125 0.2921875 0.3984375 0.2921875 0.3984375 0.3 0.40625 0.3015625 0.4078125 0.2921875
0 0.56875 0.3609375 0.5625 0.3625 0.5625 0.371875 0.5734375 0.371875 0.5765625 0.3640625 0.56875 0.3609375
0 0.8984375 0.8359375 0.89375 0.8375 0.89375 0.846875 0.9 0.85 0.91875 0.8546875 0.9375 0.85 0.9359375 0.8390625 0.925 0.83125 0.8984375 0.8359375
0 0.48125 0.403125 0.48125 0.4109375 0.4984375 0.4109375 0.503125 0.40625 0.5 0.4 0.48125 0.403125
0 0.66875 0.296875 0.6671875 0.3046875 0.678125 0.296875 0.6796875 0.3046875 0.690625 0.3 0.6828125 0.29375 0.66875 0.296875
0 0.9609375 0.7296875 0.95625 0.734375 0.9578125 0.7421875 0.978125 0.7421875 0.971875 0.73125 0.9609375 0.7296875
0 0.2875 0.2921875 0.2859375 0.3125 0.3015625 0.3171875 0.321875 0.3171875 0.325 0.3125 0.3234375 0.2984375 0.3171875 0.2921875 0.2875 0.2921875
0 0.790625 0.56875 0.7875 0.5765625 0.8015625 0.5921875 0.8234375 0.5875 0.8171875 0.5765625 0.790625 0.56875
0 0.971875 0.6140625 0.9671875 0.6171875 0.9703125 0.625 0.984375 0.6296875 0.9859375 0.625 0.971875 0.6140625
0 0.575 0.48125 0.5765625 0.49375 0.59375 0.496875 0.6 0.4921875 0.5921875 0.48125 0.575 0.48125
0 0.4796875 0.4015625 0.4796875 0.409375 0.4921875 0.415625 0.51875 0.4171875 0.5234375 0.4125 0.5234375 0.4078125 0.50625 0.4 0.4796875 0.4015625
0 0.6375 0.9359375 0.6390625 0.94375 0.6484375 0.946875 0.6546875 0.940625 0.6625 0.946875 0.6515625 0.9375 0.6375 0.9359375
0 0.6203125 0.19375 0.6109375 0.19375 0.6109375 0.1984375 0.6171875 0.2 0.6203125 0.19375
0 0.4234375 0.846875 0.421875 0.85 0.4296875 0.8546875 0.4390625 0.85625 0.4375 0.8484375 0.4484375 0.8546875 0.43125 0.84375 0.4234375 0.846875