0 0.24375 0.6875 0.2375 0.7 0.2421875 0.7078125 0.2546875 0.6921875 0.2546875 0.6796875 0.24375 0.6875
0 0.2515625 0.984375 0.2546875 0.99375 0.24375 0.9921875 0.24375 0.9984375 0.2609375 0.99375 0.2671875 0.9984375 0.2640625 0.98125 0.2515625 0.984375
0 0.1 0.6171875 0.0890625 0.625 0.0890625 0.63125 0.109375 0.6453125 0.1125 0.63125 0.1 0.6171875
0 0.240625 0.5359375 0.2359375 0.5375 0.2359375 0.55 0.246875 0.5515625 0.246875 0.5375 0.240625 0.5359375
0 0.2421875 0.2375 0.240625 0.26875 0.2453125 0.26875 0.25 0.25 0.2484375 0.2359375 0.2421875 0.2375
0 0.2375 0.34375 0.23125 0.3546875 0.2421875 0.3578125 0.23125 0.36875 0.2421875 0.3609375 0.246875 0.3375 0.2375 0.34375
0 0.1875 0.1109375 0.1859375 0.1296875 0.2015625 0.1296875 0.2046875 0.1 0.1875 0.1109375
0 0.2 0.5859375 0.1984375 0.6046875 0.20625 0.609375 0.21875 0.60625 0.2234375 0.5890625 0.2 0.5859375
0 0.2109375 0.28125 0.2 0.28125 0.2 0.2921875 0.2109375 0.2921875 0.2109375 0.28125
0 0.24375 0.1734375 0.24375 0.2 0.25 0.2 0.2546875 0.19375 0.2546875 0.16875 0.24375 0.1734375
0 0.20625 0.8078125 0.2046875 0.8234375 0.2125 0.8265625 0.2125 0.8078125 0.20625 0.8078125