0 0.55625 0.34375 0.5515625 0.35 0.55625 0.359375 0.565625 0.3578125 0.56875 0.340625 0.55625 0.34375
0 0.1390625 0.5625 0.1328125 0.5625 0.1359375 0.58125 0.1421875 0.5796875 0.1390625 0.5625
0 0.25 0.00625 0.2484375 0.025 0.253125 0.025 0.25625 0.0140625 0.25 0.00625
0 0.61875 0.9515625 0.6171875 0.965625 0.621875 0.96875 0.628125 0.9546875 0.625 0.95 0.61875 0.9515625
0 0.15625 0.8875 0.153125 0.9046875 0.159375 0.90625 0.1640625 0.8953125 0.15625 0.8921875 0.1640625 0.8859375 0.1609375 0.88125 0.15625 0.8875
0 0.2375 0.3609375 0.2359375 0.371875 0.246875 0.371875 0.246875 0.3625 0.2375 0.3609375
0 0.30625 0.7375 0.3046875 0.7515625 0.3109375 0.753125 0.3140625 0.740625 0.30625 0.7375
0 0.5921875 0.5125 0.5875 0.525 0.59375 0.534375 0.5984375 0.5203125 0.5921875 0.5125
0 0.3734375 0.1765625 0.371875 0.1875 0.378125 0.1953125 0.3796875 0.178125 0.3734375 0.1765625
0 0.3765625 0.48125 0.375 0.490625 0.38125 0.496875 0.3859375 0.475 0.3765625 0.48125
0 0.5828125 0.7421875 0.5828125 0.7546875 0.5921875 0.75625 0.59375 0.74375 0.5828125 0.7421875
0 0.540625 0.1046875 0.5375 0.1171875 0.5484375 0.1171875 0.55 0.10625 0.540625 0.1046875