0 0.525 0.10625 0.5203125 0.115625 0.525 0.1390625 0.5296875 0.1390625 0.53125 0.10625 0.525 0.10625
0 0.4765625 0.234375 0.4734375 0.2546875 0.4796875 0.2546875 0.48125 0.25 0.48125 0.234375 0.4765625 0.234375
0 0.41875 0.38125 0.41875 0.41875 0.4265625 0.425 0.421875 0.4125 0.4265625 0.4109375 0.425 0.39375 0.41875 0.38125
0 0.003125 0.7390625 0 0.7296875 0 0.7734375 0.0046875 0.7625 0.003125 0.7390625
0 0.371875 0.4234375 0.36875 0.43125 0.3796875 0.4375 0.3796875 0.4265625 0.371875 0.4234375
0 0.39375 0.4875 0.403125 0.4953125 0.3921875 0.5015625 0.39375 0.5109375 0.3984375 0.5109375 0.40625 0.4890625 0.403125 0.475 0.39375 0.4875
0 0.2796875 0.7625 0.2828125 0.775 0.278125 0.78125 0.2921875 0.7609375 0.2921875 0.75 0.2796875 0.7625
0 0.3171875 0.546875 0.3125 0.54375 0.3125 0.5859375 0.3234375 0.5828125 0.321875 0.5546875 0.3171875 0.546875
0 0.26875 0.66875 0.2671875 0.6890625 0.2734375 0.6921875 0.275 0.66875 0.26875 0.66875
0 0.2796875 0.7640625 0.278125 0.78125 0.2859375 0.7734375 0.2875 0.759375 0.2796875 0.7640625
0 0.371875 0.0375 0.36875 0.0421875 0.3765625 0.0546875 0.39375 0.0546875 0.3921875 0.0375 0.371875 0.0375
0 0.3796875 0.5375 0.3765625 0.5578125 0.3796875 0.571875 0.384375 0.5734375 0.3875 0.5421875 0.3859375 0.5375 0.3796875 0.5375
0 0.45625 0.1609375 0.45625 0.1796875 0.4734375 0.1875 0.478125 0.18125 0.4734375 0.1671875 0.4625 0.1578125 0.45625 0.1609375