0 0.9640625 0.2203125 0.9609375 0.2328125 0.96875 0.234375 0.975 0.2234375 0.9734375 0.21875 0.9640625 0.2203125
0 0.1203125 0.55625 0.1203125 0.5671875 0.15 0.5734375 0.15 0.5671875 0.1375 0.5546875 0.1203125 0.55625
0 0.7234375 0.6484375 0.725 0.6609375 0.75 0.6609375 0.753125 0.65625 0.75 0.6515625 0.7234375 0.6484375
0 0.9515625 0.546875 0.9421875 0.54375 0.94375 0.55625 0.95625 0.55625 0.9515625 0.546875
0 0.4109375 0.6296875 0.4109375 0.6375 0.4265625 0.6359375 0.4296875 0.63125 0.4109375 0.6296875
0 0.275 0.2203125 0.2734375 0.23125 0.2921875 0.23125 0.2921875 0.2234375 0.275 0.2203125
0 0.8234375 0.4046875 0.81875 0.4078125 0.821875 0.4171875 0.8421875 0.4125 0.8375 0.4046875 0.8234375 0.4046875
0 0.353125 0.1578125 0.3484375 0.1671875 0.3609375 0.16875 0.3625 0.1578125 0.353125 0.1578125
0 0.5671875 0.4734375 0.5625 0.475 0.5625 0.4875 0.5734375 0.484375 0.5671875 0.4734375
0 0.559375 0.190625 0.5578125 0.2 0.56875 0.2046875 0.571875 0.1953125 0.5671875 0.1890625 0.559375 0.190625
0 0.7859375 0.1875 0.78125 0.19375 0.7984375 0.1984375 0.8 0.1875 0.7859375 0.1875