0 0.7375 0.146875 0.73125 0.153125 0.73125 0.1609375 0.7421875 0.15625 0.7421875 0.146875 0.7375 0.146875
0 0.4796875 0.4625 0.4734375 0.46875 0.4734375 0.4796875 0.484375 0.4703125 0.484375 0.4625 0.4796875 0.4625
0 0.5796875 0.3453125 0.5765625 0.35625 0.5859375 0.3625 0.5859375 0.35 0.5796875 0.3453125
0 0.50625 0.246875 0.5 0.246875 0.503125 0.2640625 0.509375 0.2625 0.50625 0.246875
0 0.5 0.0078125 0.4984375 0.025 0.50625 0.028125 0.5109375 0.025 0.5109375 0.0140625 0.5 0.0078125
0 0.4546875 0.8125 0.4484375 0.8125 0.4484375 0.8265625 0.45625 0.8234375 0.4546875 0.8125
0 0.5125 0.5109375 0.5109375 0.5140625 0.51875 0.51875 0.5109375 0.5234375 0.51875 0.5296875 0.51875 0.5140625 0.5125 0.5109375
0 0.5625 0.759375 0.5578125 0.7640625 0.565625 0.7734375 0.56875 0.7640625 0.5625 0.759375
0 0.609375 0.146875 0.60625 0.1609375 0.6125 0.1609375 0.609375 0.146875
0 0.6328125 0.0390625 0.6390625 0.046875 0.63125 0.05 0.6390625 0.0546875 0.6421875 0.05 0.6375 0.0375 0.6328125 0.0390625
0 0.421875 0.9125 0.4171875 0.925 0.428125 0.93125 0.4296875 0.9234375 0.421875 0.9125
0 0.64375 0.2828125 0.6359375 0.290625 0.6359375 0.3 0.6421875 0.3 0.6484375 0.2921875 0.64375 0.2828125