0 0.7765625 0.1234375 0.7734375 0.1375 0.7828125 0.1375 0.7859375 0.125 0.7765625 0.1234375
0 0.6734375 0.3328125 0.671875 0.3421875 0.6859375 0.340625 0.68125 0.33125 0.6734375 0.3328125
0 0.7921875 0.5109375 0.7875 0.5125 0.7875 0.5296875 0.796875 0.525 0.796875 0.5140625 0.7921875 0.5109375
0 0.7921875 0.784375 0.7875 0.7921875 0.790625 0.8015625 0.796875 0.8 0.7984375 0.7921875 0.7984375 0.7859375 0.7921875 0.784375
0 0.6125 0.721875 0.6046875 0.721875 0.6046875 0.7296875 0.6109375 0.734375 0.6171875 0.73125 0.6171875 0.7234375 0.6125 0.721875
0 0.6625 0.425 0.65625 0.425 0.659375 0.45 0.665625 0.4421875 0.6625 0.425
0 0.8234375 0.05 0.8125 0.05 0.8125 0.0578125 0.825 0.0609375 0.8234375 0.05
0 0.64375 0.8546875 0.6421875 0.8625 0.6484375 0.865625 0.6421875 0.871875 0.6453125 0.8734375 0.6515625 0.8625 0.64375 0.8609375 0.6515625 0.853125 0.6453125 0.85 0.64375 0.8546875
0 0.9109375 0.225 0.9125 0.2375 0.915625 0.23125 0.9109375 0.225
0 0.6125 0.775 0.6109375 0.7890625 0.615625 0.79375 0.6203125 0.790625 0.6203125 0.78125 0.6171875 0.7734375 0.6125 0.775
0 0.8390625 0.3546875 0.8375 0.3671875 0.846875 0.375 0.8484375 0.3625 0.8390625 0.3546875
0 0.69375 0.63125 0.6875 0.63125 0.690625 0.65 0.69375 0.63125
0 0.70625 0.2796875 0.7015625 0.2828125 0.7015625 0.2921875 0.7109375 0.3015625 0.7140625 0.290625 0.70625 0.2796875
0 0.7015625 0.28125 0.7015625 0.309375 0.70625 0.31875 0.7125 0.31875 0.7171875 0.309375 0.7171875 0.2859375 0.7109375 0.278125 0.7015625 0.28125
0 0.759375 0.315625 0.75625 0.3265625 0.759375 0.33125 0.76875 0.33125 0.76875 0.3171875 0.7625 0.3125 0.759375 0.315625
0 0.5484375 0.9375 0.5421875 0.9375 0.54375 0.9578125 0.55 0.9578125 0.5484375 0.9375