0 0.0765625 0.44375 0.06875 0.4578125 0.06875 0.4671875 0.075 0.4734375 0.0859375 0.4515625 0.0765625 0.44375
0 0.38125 0.6625 0.3796875 0.675 0.3859375 0.675 0.3890625 0.6625 0.38125 0.6625
0 0.309375 0.3109375 0.3015625 0.3125 0.30625 0.3328125 0.3125 0.33125 0.309375 0.3109375
0 0.2125 0.3125 0.2046875 0.3125 0.2046875 0.31875 0.2140625 0.325 0.2125 0.3125
0 0.834375 0.809375 0.8359375 0.8234375 0.846875 0.821875 0.846875 0.8078125 0.834375 0.809375
0 0.1546875 0.2125 0.153125 0.2234375 0.1625 0.2265625 0.1625 0.2140625 0.1546875 0.2125
0 0.2125 0.5609375 0.2125 0.5734375 0.2234375 0.5734375 0.221875 0.559375 0.2125 0.5609375
0 0.5515625 0.6859375 0.5578125 0.6921875 0.55 0.6984375 0.5609375 0.6984375 0.5578125 0.6875 0.5515625 0.6859375
0 0.2734375 0.06875 0.2640625 0.06875 0.2640625 0.0875 0.26875 0.0921875 0.2734375 0.0890625 0.2734375 0.06875
0 0.709375 0.8109375 0.7078125 0.8296875 0.715625 0.8328125 0.7171875 0.815625 0.709375 0.8109375
0 0.53125 0.9265625 0.5296875 0.940625 0.53125 0.946875 0.5359375 0.946875 0.540625 0.9328125 0.53125 0.9265625
0 0.3125 0.45625 0.309375 0.4671875 0.3171875 0.4703125 0.321875 0.45625 0.3171875 0.4515625 0.3125 0.45625
0 0.33125 0.70625 0.3375 0.7140625 0.3296875 0.7171875 0.33125 0.7296875 0.340625 0.7296875 0.3375 0.70625 0.33125 0.70625