0 0.546875 0.2951388888888889 0.544921875 0.3003472222222222 0.55029296875 0.3046875 0.55712890625 0.3185763888888889 0.560546875 0.3194444444444444 0.560546875 0.3142361111111111 0.55517578125 0.2977430555555556 0.5498046875 0.2925347222222222 0.546875 0.2951388888888889
0 0.07177734375 0.6223958333333334 0.072265625 0.6302083333333334 0.07568359375 0.6354166666666666 0.08251953125 0.6354166666666666 0.08642578125 0.625 0.08642578125 0.6171875 0.08447265625 0.6137152777777778 0.07763671875 0.6128472222222222 0.07177734375 0.6223958333333334
0 0.6328125 0.7578125 0.63134765625 0.7612847222222222 0.6328125 0.7769097222222222 0.64306640625 0.7881944444444444 0.6484375 0.7873263888888888 0.6484375 0.7769097222222222 0.6396484375 0.7569444444444444 0.6357421875 0.7552083333333334 0.6328125 0.7578125
0 0.45556640625 0.016493055555555556 0.45263671875 0.022569444444444444 0.453125 0.028645833333333332 0.45556640625 0.03211805555555555 0.46435546875 0.03211805555555555 0.47216796875 0.026909722222222224 0.4716796875 0.014756944444444444 0.4697265625 0.009548611111111112 0.46142578125 0.011284722222222222 0.45556640625 0.016493055555555556
0 0.58642578125 0.7925347222222222 0.58544921875 0.8142361111111112 0.5869140625 0.8263888888888888 0.5947265625 0.8272569444444444 0.595703125 0.7960069444444444 0.59423828125 0.7916666666666666 0.58642578125 0.7925347222222222
0 0.109375 0.7222222222222222 0.10888671875 0.7378472222222222 0.1123046875 0.7421875 0.11865234375 0.7413194444444444 0.12353515625 0.7326388888888888 0.12353515625 0.7213541666666666 0.12060546875 0.7161458333333334 0.11376953125 0.7161458333333334 0.109375 0.7222222222222222
0 0.2744140625 0.609375 0.2744140625 0.6354166666666666 0.27783203125 0.6388888888888888 0.2861328125 0.6397569444444444 0.2880859375 0.6354166666666666 0.2890625 0.6102430555555556 0.2744140625 0.609375
0 0.22802734375 0.5034722222222222 0.2275390625 0.5147569444444444 0.23193359375 0.5243055555555556 0.23779296875 0.5243055555555556 0.24267578125 0.5147569444444444 0.24267578125 0.5026041666666666 0.23974609375 0.4973958333333333 0.232421875 0.4965277777777778 0.22802734375 0.5034722222222222
0 0.4560546875 0.3142361111111111 0.45263671875 0.3142361111111111 0.453125 0.3237847222222222 0.45751953125 0.3229166666666667 0.4560546875 0.3142361111111111
0 0.58154296875 0.375 0.58056640625 0.3819444444444444 0.5869140625 0.390625 0.59228515625 0.3897569444444444 0.59423828125 0.3845486111111111 0.59375 0.3767361111111111 0.591796875 0.3723958333333333 0.583984375 0.3723958333333333 0.58154296875 0.375
0 0.20361328125 0.3645833333333333 0.20263671875 0.3767361111111111 0.20556640625 0.3819444444444444 0.20849609375 0.3854166666666667 0.21337890625 0.3854166666666667 0.21728515625 0.3810763888888889 0.21875 0.3689236111111111 0.216796875 0.3645833333333333 0.21142578125 0.3619791666666667 0.20361328125 0.3645833333333333
0 0.359375 0.0876736111111111 0.359375 0.09461805555555555 0.3642578125 0.09722222222222222 0.37060546875 0.0859375 0.3701171875 0.07465277777777778 0.3662109375 0.0720486111111111 0.3623046875 0.07465277777777778 0.36181640625 0.08246527777777778 0.359375 0.0876736111111111
0 0.14599609375 0.05555555555555555 0.14697265625 0.0642361111111111 0.150390625 0.06336805555555555 0.15185546875 0.059895833333333336 0.1513671875 0.0546875 0.14599609375 0.05555555555555555
0 0.53515625 0.13975694444444445 0.5341796875 0.14756944444444445 0.5361328125 0.1519097222222222 0.5458984375 0.1579861111111111 0.55126953125 0.1579861111111111 0.55126953125 0.1449652777777778 0.53955078125 0.1345486111111111 0.53515625 0.13975694444444445