0 0.8765625 0.26875 0.875 0.2859375 0.88125 0.290625 0.8859375 0.2859375 0.8859375 0.275 0.8765625 0.26875
0 0.634375 0.6796875 0.63125 0.6921875 0.64375 0.69375 0.6421875 0.6796875 0.634375 0.6796875
0 0.20625 0.4078125 0.2046875 0.4171875 0.21875 0.421875 0.2171875 0.4109375 0.20625 0.4078125
0 0.68125 0.3578125 0.6796875 0.3828125 0.6859375 0.384375 0.6875 0.359375 0.68125 0.3578125
0 0.8 0.028125 0.8 0.0421875 0.80625 0.0421875 0.8109375 0.03125 0.8 0.028125
0 0.4890625 0.1 0.484375 0.1046875 0.4859375 0.11875 0.49375 0.115625 0.49375 0.1046875 0.4890625 0.1
0 0.8359375 0.7359375 0.8328125 0.7546875 0.8421875 0.75625 0.84375 0.7359375 0.8359375 0.7359375
0 0.69375 0.2609375 0.69375 0.26875 0.70625 0.2671875 0.70625 0.25625 0.7 0.2546875 0.69375 0.2609375
0 0.9515625 0.1265625 0.95 0.1421875 0.9546875 0.1390625 0.9515625 0.1265625
0 0.825 0.4421875 0.8234375 0.4546875 0.83125 0.4578125 0.8359375 0.4484375 0.83125 0.4390625 0.825 0.4421875
0 0.7234375 0.5734375 0.71875 0.575 0.721875 0.596875 0.728125 0.5890625 0.7234375 0.5734375
0 0.6390625 0.740625 0.6375 0.7546875 0.6484375 0.7609375 0.6484375 0.7375 0.6390625 0.740625
0 0.728125 0.2 0.725 0.2125 0.73125 0.2203125 0.7375 0.2203125 0.7375 0.2046875 0.728125 0.2
0 0.6765625 0.81875 0.675 0.8265625 0.6859375 0.834375 0.675 0.840625 0.6796875 0.84375 0.6859375 0.8375 0.6875 0.8234375 0.6859375 0.81875 0.6765625 0.81875
0 0.79375 0.23125 0.7875 0.23125 0.7875 0.246875 0.796875 0.2484375 0.8 0.24375 0.79375 0.23125
0 0.5703125 0.9203125 0.56875 0.9234375 0.5765625 0.928125 0.56875 0.9375 0.5765625 0.9421875 0.58125 0.9328125 0.5734375 0.91875 0.5703125 0.9203125