0 0.6171875 0.45 0.6140625 0.465625 0.6203125 0.4703125 0.6140625 0.475 0.6140625 0.484375 0.6203125 0.4875 0.6234375 0.45 0.6171875 0.45
0 0.7828125 0.7734375 0.78125 0.7859375 0.7921875 0.8015625 0.7984375 0.8015625 0.7984375 0.7875 0.79375 0.7875 0.7828125 0.7734375
0 0.4875 0.20625 0.4859375 0.2328125 0.490625 0.2421875 0.49375 0.2125 0.4875 0.20625
0 0.546875 0.321875 0.54375 0.3375 0.55 0.3375 0.546875 0.321875
0 0.7921875 0.690625 0.7921875 0.709375 0.7984375 0.7125 0.8 0.690625 0.7921875 0.690625
0 0.671875 0.5921875 0.6671875 0.5921875 0.66875 0.628125 0.675 0.625 0.671875 0.5921875
0 0.36875 0 0.3640625 0.0171875 0.3734375 0.0203125 0.3796875 0.0109375 0.3796875 0 0.36875 0
0 0.734375 0.5828125 0.73125 0.6140625 0.740625 0.61875 0.7421875 0.5859375 0.7390625 0.58125 0.734375 0.5828125
0 0.64375 0.5375 0.6453125 0.5546875 0.6546875 0.5671875 0.6484375 0.55625 0.65625 0.55 0.64375 0.5375
0 0.4703125 0.0765625 0.475 0.084375 0.46875 0.0859375 0.475 0.09375 0.478125 0.0875 0.4703125 0.0765625
0 0.54375 0.25 0.5421875 0.2625 0.553125 0.26875 0.565625 0.25 0.5625 0.2359375 0.5546875 0.2359375 0.54375 0.25
0 0.6671875 0.4734375 0.665625 0.4875 0.671875 0.4875 0.6734375 0.4734375 0.6671875 0.4734375