0 0.7734375 0.53125 0.7625 0.5375 0.7625 0.5421875 0.7703125 0.534375 0.775 0.5421875 0.7796875 0.540625 0.78125 0.534375 0.7734375 0.53125
0 0.975 0.30625 0.9734375 0.3171875 0.9921875 0.3171875 0.9859375 0.30625 0.975 0.30625
0 0.9359375 0.78125 0.9328125 0.7875 0.95 0.790625 0.9484375 0.784375 0.9359375 0.78125
0 0.9375 0.59375 0.9375 0.603125 0.9484375 0.6046875 0.95625 0.6 0.9515625 0.59375 0.9375 0.59375
0 0.21875 0.80625 0.2109375 0.8125 0.2125 0.81875 0.23125 0.815625 0.2296875 0.80625 0.21875 0.80625
0 0.26875 0.7921875 0.2671875 0.8046875 0.2546875 0.81875 0.2546875 0.825 0.2921875 0.8234375 0.296875 0.8046875 0.290625 0.8 0.26875 0.8015625 0.26875 0.7921875
0 0.2546875 0.821875 0.2609375 0.8296875 0.2515625 0.84375 0.25625 0.8625 0.2703125 0.8671875 0.30625 0.8671875 0.3234375 0.8625 0.3234375 0.8265625 0.3125 0.8234375 0.3015625 0.8296875 0.2953125 0.825 0.2984375 0.8046875 0.2921875 0.8 0.275 0.8 0.26875 0.7921875 0.26875 0.8015625 0.2546875 0.821875
0 0.9734375 0.54375 0.96875 0.5546875 0.9796875 0.55625 0.9875 0.5515625 0.98125 0.54375 0.9734375 0.54375
0 0.7671875 0.7078125 0.7640625 0.7171875 0.78125 0.71875 0.775 0.7078125 0.7671875 0.7078125
0 0.2546875 0.8359375 0.2515625 0.85625 0.25625 0.8625 0.284375 0.859375 0.2875 0.85 0.28125 0.83125 0.2671875 0.8296875 0.2546875 0.8359375
0 0.90625 0.3234375 0.90625 0.33125 0.925 0.3296875 0.921875 0.3171875 0.90625 0.3234375