0 0.66875 0.3546875 0.6625 0.3546875 0.6625 0.38125 0.671875 0.3734375 0.66875 0.3546875
0 0.1015625 0.2609375 0.1 0.27265625 0.10625 0.2765625 0.1 0.28125 0.109375 0.275 0.10625 0.2609375 0.1015625 0.2609375
0 0.4671875 0.5359375 0.46875 0.5546875 0.4734375 0.5484375 0.4671875 0.540625 0.4734375 0.534375 0.4671875 0.5359375
0 0.653125 0.61875 0.6515625 0.6296875 0.6625 0.63125 0.6625 0.61875 0.653125 0.61875
0 0.3828125 0.3421875 0.3875 0.359375 0.3921875 0.3609375 0.39375 0.3375 0.3828125 0.3421875
0 0.05625 0.540625 0.05 0.540625 0.05 0.5546875 0.0546875 0.5609375 0.0625 0.5546875 0.05625 0.540625
0 0.1640625 0.3140625 0.1625 0.3265625 0.16875 0.33125 0.175 0.3171875 0.171875 0.3125 0.1640625 0.3140625
0 0.2125 0.525 0.2109375 0.540625 0.2171875 0.54375 0.21875 0.53125 0.2125 0.525
0 0.509375 0.6390625 0.5046875 0.6390625 0.5171875 0.65 0.5046875 0.653125 0.5109375 0.6625 0.51875 0.6515625 0.509375 0.6390625
0 0.5953125 0.8140625 0.59375 0.825 0.6 0.8359375 0.6046875 0.83125 0.603125 0.8078125 0.5953125 0.8140625
0 0.51875 0.378125 0.5171875 0.3828125 0.5265625 0.3875 0.521875 0.3953125 0.5171875 0.39140625 0.5171875 0.4 0.5296875 0.3859375 0.528125 0.378125 0.51875 0.378125
0 0.5875 0.575 0.5859375 0.5859375 0.59375 0.5859375 0.59375 0.575 0.5875 0.575
0 0.3609375 0.41875 0.3546875 0.428125 0.3625 0.4375 0.36875 0.434375 0.36875 0.4234375 0.365625 0.4171875 0.3609375 0.41875