0 0.628125 0.29375 0.625 0.2984375 0.63125 0.303125 0.625 0.3125 0.63125 0.3109375 0.634375 0.3 0.634375 0.29375 0.628125 0.29375
0 0.80625 0.1734375 0.8 0.1796875 0.8046875 0.1921875 0.8171875 0.18125 0.8125 0.1734375 0.80625 0.1734375
0 0.853125 0.7609375 0.85 0.7734375 0.8578125 0.775 0.8625 0.7640625 0.853125 0.7609375
0 0.4109375 0.659375 0.40625 0.6640625 0.40625 0.68125 0.415625 0.675 0.415625 0.6609375 0.4109375 0.659375
0 0.8234375 0.559375 0.8234375 0.5734375 0.83125 0.5734375 0.83125 0.5625 0.8234375 0.559375
0 0.39375 0.359375 0.3953125 0.384375 0.4 0.3796875 0.4 0.3609375 0.3953125 0.35625 0.39375 0.359375
0 0.5 0.1734375 0.49375 0.1734375 0.496875 0.1875 0.503125 0.184375 0.5 0.1734375
0 0.790625 0.8234375 0.7875 0.8390625 0.7921875 0.8421875 0.7984375 0.825 0.790625 0.8234375
0 0.5515625 0.5359375 0.55 0.5484375 0.5546875 0.55 0.5609375 0.540625 0.5515625 0.5359375
0 0.6296875 0.00625 0.625 0.0109375 0.625 0.0234375 0.63125 0.028125 0.6359375 0.0140625 0.6296875 0.00625
0 0.8328125 0.3421875 0.840625 0.3484375 0.83125 0.3546875 0.8359375 0.3625 0.8421875 0.3484375 0.8328125 0.3421875