0 0.8125 0.20625 0.8109375 0.2171875 0.8171875 0.21875 0.821875 0.209375 0.81875 0.2046875 0.8125 0.20625
0 0.46328125 0.67578125 0.0046875 0.0015625
0 0.3609375 0.796875 0.3609375 0.8046875 0.36875 0.8078125 0.36875 0.8 0.3609375 0.796875
0 0.3125 0.546875 0.30625 0.55 0.309375 0.5625 0.31875 0.5546875 0.3171875 0.546875 0.3125 0.546875
0 0.78125 0.1484375 0.7765625 0.15625 0.7875 0.1609375 0.7921875 0.153125 0.78125 0.1484375
0 0.534375 0.3625 0.53125 0.375 0.5375 0.3796875 0.5421875 0.3671875 0.540625 0.3625 0.534375 0.3625
0 0.25 0.625 0.2515625 0.6421875 0.25625 0.6359375 0.25 0.6296875 0.25625 0.628125 0.25 0.625
0 0.184375 0.6609375 0.18125 0.675 0.1921875 0.6875 0.19375 0.6671875 0.184375 0.6609375
0 0.4484375 0.4421875 0.446875 0.459375 0.4515625 0.4625 0.4546875 0.4421875 0.4484375 0.4421875
0 0.3890625 0.5828125 0.3890625 0.6 0.39375 0.603125 0.3953125 0.5859375 0.3890625 0.5828125
0 0.790625 0.3046875 0.7875 0.31875 0.796875 0.3234375 0.8015625 0.30625 0.8 0.3015625 0.790625 0.3046875
0 0.3890625 0.5171875 0.3875 0.521875 0.3921875 0.5234375 0.39375 0.51875 0.3890625 0.5171875
0 0.64375 0.4515625 0.6390625 0.45625 0.6390625 0.4734375 0.646875 0.475 0.6484375 0.45625 0.64375 0.4515625
0 0.825 0.26875 0.825 0.2796875 0.8359375 0.2828125 0.8359375 0.26875 0.825 0.26875
0 0.5421875 0.5515625 0.5375 0.56875 0.5484375 0.5734375 0.55 0.5546875 0.5421875 0.5515625
0 0.7125 0.40625 0.7046875 0.40625 0.70625 0.41875 0.7125 0.4171875 0.7125 0.40625
0 0.421875 0.69375 0.415625 0.69375 0.4171875 0.7109375 0.4234375 0.70625 0.421875 0.69375
0 0.71875 0.2125 0.7171875 0.2234375 0.7296875 0.2234375 0.728125 0.2125 0.71875 0.2125
0 0.6140625 0.2859375 0.6125 0.3 0.6203125 0.30625 0.6234375 0.2921875 0.6140625 0.2859375
0 0.321875 0.7546875 0.3171875 0.75625 0.31875 0.7671875 0.3296875 0.7609375 0.3296875 0.75625 0.321875 0.7546875
0 0.353125 0.5375 0.35 0.55 0.353125 0.5546875 0.365625 0.55625 0.36875 0.54375 0.3625 0.5375 0.353125 0.5375