0 0.8015625 0.1984375 0.8015625 0.2125 0.80625 0.2171875 0.8109375 0.2125 0.8109375 0.2015625 0.80625 0.1953125 0.8015625 0.1984375
0 0.5125 0.425 0.5109375 0.4328125 0.51875 0.4375 0.5203125 0.425 0.5125 0.425
0 0.83125 0.634375 0.8296875 0.646875 0.8359375 0.6484375 0.8390625 0.6359375 0.83125 0.634375
0 0.7640625 0.028125 0.7625 0.034375 0.7734375 0.0375 0.78125 0.0296875 0.78125 0.0203125 0.7734375 0.0203125 0.7640625 0.028125
0 0.3421875 0.24375 0.340625 0.2640625 0.3453125 0.2625 0.3421875 0.24375
0 0.3625 0.5703125 0.3640625 0.5890625 0.371875 0.58125 0.3734375 0.56875 0.36875 0.5625 0.3625 0.5703125
0 0.4421875 0.04375 0.4421875 0.0546875 0.4546875 0.0484375 0.453125 0.0421875 0.4421875 0.04375
0 0.76875 0.7015625 0.7671875 0.721875 0.775 0.725 0.775 0.7046875 0.76875 0.7015625
0 0.5875 0.15625 0.58125 0.15625 0.58125 0.1796875 0.5859375 0.1796875 0.5890625 0.171875 0.5828125 0.1671875 0.5875 0.15625
0 0.3421875 0.24375 0.340625 0.275 0.3484375 0.275 0.3421875 0.24375
0 0.79375 0.4265625 0.7921875 0.4359375 0.80625 0.4359375 0.803125 0.425 0.79375 0.4265625