0 0.434375 0.3484375 0.4296875 0.35625 0.421875 0.3484375 0.421875 0.353125 0.4359375 0.359375 0.4421875 0.3546875 0.434375 0.3484375
0 0.9421875 0.68125 0.9375 0.6875 0.9484375 0.690625 0.975 0.690625 0.98125 0.6859375 0.9796875 0.6796875 0.9421875 0.68125
0 0.0046875 0.340625 0.0046875 0.3484375 0.025 0.3453125 0.021875 0.340625 0.0046875 0.340625
0 0.35 0.384375 0.3546875 0.3921875 0.36875 0.3890625 0.3671875 0.38125 0.35 0.384375
0 0.246875 0.3546875 0.24375 0.359375 0.2640625 0.3734375 0.275 0.3734375 0.2828125 0.3671875 0.275 0.35625 0.246875 0.3546875
0 0.1984375 0.30625 0.1953125 0.3125 0.2125 0.3125 0.209375 0.30625 0.1984375 0.30625
0 0.0890625 0.2046875 0.075 0.2046875 0.075 0.2125 0.0921875 0.2125 0.0890625 0.2046875
0 0.3 0.3859375 0.2984375 0.39375 0.3078125 0.3953125 0.3109375 0.3875 0.3 0.3859375
0 0.6828125 0.296875 0.6796875 0.30625 0.6875 0.309375 0.69375 0.3046875 0.6921875 0.296875 0.6828125 0.296875
0 0.5984375 0.1859375 0.6 0.1921875 0.6125 0.19375 0.6109375 0.1875 0.5984375 0.1859375
0 0.05625 0.671875 0.046875 0.6765625 0.0734375 0.6765625 0.05625 0.671875
0 0.3609375 0.2 0.3421875 0.2 0.3421875 0.2046875 0.359375 0.209375 0.3640625 0.2046875 0.3609375 0.2
0 0.51875 0.45 0.5140625 0.4546875 0.5171875 0.4578125 0.534375 0.45625 0.53125 0.4484375 0.51875 0.45