0 0.6494140625 0.3949652777777778 0.64599609375 0.3993055555555556 0.646484375 0.4079861111111111 0.6494140625 0.4157986111111111 0.654296875 0.4166666666666667 0.66259765625 0.4071180555555556 0.6630859375 0.3993055555555556 0.65966796875 0.3897569444444444 0.65478515625 0.3897569444444444 0.6494140625 0.3949652777777778
0 0.94775390625 0.9496527777777778 0.94775390625 0.9644097222222222 0.95068359375 0.96875 0.955078125 0.96875 0.95751953125 0.9644097222222222 0.95751953125 0.9557291666666666 0.95556640625 0.9496527777777778 0.94775390625 0.9496527777777778
0 0.50146484375 0.9210069444444444 0.501953125 0.9262152777777778 0.50439453125 0.9296875 0.5068359375 0.9288194444444444 0.50634765625 0.9201388888888888 0.50146484375 0.9210069444444444
0 0.390625 0.6015625 0.39013671875 0.6111111111111112 0.39306640625 0.6163194444444444 0.40185546875 0.6137152777777778 0.40380859375 0.609375 0.40234375 0.6041666666666666 0.39794921875 0.6006944444444444 0.390625 0.6015625
0 0.3251953125 0.328125 0.32568359375 0.3541666666666667 0.32763671875 0.3585069444444444 0.33251953125 0.3576388888888889 0.33251953125 0.3333333333333333 0.32958984375 0.3272569444444444 0.3251953125 0.328125
0 0.9111328125 0.7439236111111112 0.91064453125 0.7491319444444444 0.9130859375 0.7569444444444444 0.92138671875 0.7560763888888888 0.92138671875 0.7430555555555556 0.9150390625 0.7395833333333334 0.9111328125 0.7439236111111112
0 0.59228515625 0.6267361111111112 0.591796875 0.6362847222222222 0.5947265625 0.6449652777777778 0.5986328125 0.6475694444444444 0.6025390625 0.6440972222222222 0.6025390625 0.6276041666666666 0.599609375 0.625 0.59228515625 0.6267361111111112
0 0.44384765625 0.3567708333333333 0.4423828125 0.3645833333333333 0.4462890625 0.3645833333333333 0.4462890625 0.3559027777777778 0.44384765625 0.3567708333333333
0 0.7802734375 0.5364583333333334 0.779296875 0.5503472222222222 0.7822265625 0.5564236111111112 0.78857421875 0.5555555555555556 0.79296875 0.5460069444444444 0.79296875 0.5416666666666666 0.7890625 0.5329861111111112 0.7822265625 0.5329861111111112 0.7802734375 0.5364583333333334
0 0.630859375 0.5147569444444444 0.62939453125 0.5234375 0.6328125 0.5338541666666666 0.6376953125 0.5347222222222222 0.64306640625 0.5286458333333334 0.6435546875 0.5147569444444444 0.64111328125 0.5104166666666666 0.6357421875 0.5078125 0.630859375 0.5147569444444444
0 0.30908203125 0.5078125 0.30859375 0.5190972222222222 0.31103515625 0.5225694444444444 0.3193359375 0.5286458333333334 0.32421875 0.5269097222222222 0.3251953125 0.5190972222222222 0.3232421875 0.515625 0.31640625 0.5104166666666666 0.3134765625 0.5034722222222222 0.30908203125 0.5078125
0 0.39697265625 0.1527777777777778 0.396484375 0.16145833333333334 0.3994140625 0.17447916666666666 0.404296875 0.1753472222222222 0.40625 0.1640625 0.404296875 0.15364583333333334 0.4013671875 0.14930555555555555 0.39697265625 0.1527777777777778
0 0.763671875 0.6475694444444444 0.7626953125 0.6614583333333334 0.76806640625 0.6657986111111112 0.77392578125 0.6623263888888888 0.7744140625 0.6493055555555556 0.77294921875 0.6449652777777778 0.765625 0.6449652777777778 0.763671875 0.6475694444444444