0 0.475 0.9421875 0.4734375 0.96875 0.4796875 0.96875 0.48125 0.946875 0.475 0.9421875
0 0.590625 0.615625 0.5890625 0.628125 0.5984375 0.6296875 0.5984375 0.6140625 0.590625 0.615625
0 0.64375 0.53125 0.63125 0.53125 0.63125 0.540625 0.64375 0.5421875 0.64375 0.53125
0 0.2296875 0.1671875 0.2265625 0.1734375 0.2328125 0.18125 0.2359375 0.16875 0.2296875 0.1671875
0 0.66875 0.8625 0.6765625 0.8703125 0.6671875 0.8765625 0.678125 0.8859375 0.6796875 0.8734375 0.675 0.8640625 0.66875 0.8625
0 0.2234375 0.1953125 0.2203125 0.2046875 0.228125 0.20625 0.2296875 0.2 0.2234375 0.1953125
0 0.74375 0.7140625 0.7421875 0.721875 0.7484375 0.728125 0.75 0.71875 0.74375 0.7140625
0 0.5796875 0.8265625 0.5765625 0.8359375 0.5859375 0.84375 0.5796875 0.8375 0.5875 0.83125 0.5796875 0.8265625
0 0.234375 0.1875 0.23125 0.2 0.2359375 0.1984375 0.234375 0.1875
0 0.4859375 0.84375 0.4875 0.8546875 0.4984375 0.8546875 0.50625 0.8484375 0.4984375 0.8390625 0.4859375 0.84375
0 0.2234375 0.1734375 0.2203125 0.1921875 0.23125 0.19375 0.2359375 0.171875 0.23125 0.1671875 0.2234375 0.1734375
0 0.2234375 0.21875 0.21875 0.21875 0.2203125 0.23125 0.2234375 0.21875
0 0.5203125 0.784375 0.51875 0.8234375 0.5203125 0.8296875 0.5296875 0.83125 0.53125 0.7921875 0.528125 0.7859375 0.5203125 0.784375
0 0.5203125 0.7859375 0.5296875 0.7921875 0.51875 0.8 0.5296875 0.80625 0.53125 0.79375 0.5203125 0.7859375
0 0.2609375 0.7859375 0.2546875 0.7875 0.2546875 0.7921875 0.2609375 0.8 0.26875 0.8 0.26875 0.7875 0.2609375 0.7859375
0 0.24375 0.1421875 0.24375 0.153125 0.2484375 0.15 0.24375 0.1421875