0 0.7171875 0 0.70625 0.0015625 0.7171875 0.0046875 0.7171875 0
0 0.68125 0.2109375 0.6796875 0.2203125 0.690625 0.2234375 0.69375 0.2125 0.68125 0.2109375
0 0.3953125 0.4375 0.39375 0.4421875 0.4046875 0.4484375 0.40625 0.4375 0.3953125 0.4375
0 0.275 0.1921875 0.2734375 0.2125 0.2796875 0.2125 0.28125 0.1984375 0.275 0.1921875
0 0.64375 0.7765625 0.6390625 0.7875 0.646875 0.79375 0.6515625 0.784375 0.6484375 0.7765625 0.64375 0.7765625
0 0.2546875 0.7609375 0.259375 0.765625 0.2515625 0.78125 0.25625 0.7921875 0.2640625 0.7921875 0.2671875 0.7796875 0.2546875 0.7609375
0 0.24375 0.4875 0.2375 0.49375 0.240625 0.50625 0.25 0.496875 0.25 0.4890625 0.24375 0.4875
0 0.6484375 0.575 0.64375 0.575 0.64375 0.5875 0.6515625 0.5921875 0.65625 0.5828125 0.6484375 0.575
0 0.3953125 0.06875 0.3953125 0.0796875 0.4046875 0.0796875 0.4046875 0.0703125 0.3953125 0.06875
0 0.50625 0.240625 0.5 0.24375 0.509375 0.25 0.5 0.2546875 0.503125 0.259375 0.5109375 0.2484375 0.5109375 0.2421875 0.50625 0.240625
0 0.575 0.809375 0.5734375 0.8234375 0.5796875 0.825 0.58125 0.80625 0.575 0.809375
0 0.6921875 0.3765625 0.6875 0.3765625 0.6875 0.3984375 0.69375 0.3953125 0.6921875 0.3765625