0 0.8546875 0.4984375 0.85 0.4984375 0.85 0.5140625 0.8546875 0.51875 0.8546875 0.4984375
0 0.3625 0.7921875 0.3609375 0.8046875 0.371875 0.80625 0.371875 0.796875 0.3625 0.7921875
0 0.2046875 0.6375 0.2046875 0.6546875 0.2125 0.65625 0.2125 0.6359375 0.2046875 0.6375
0 0.8796875 0.625 0.875 0.625 0.875 0.6359375 0.88125 0.6421875 0.8859375 0.6359375 0.8796875 0.625
0 0.225 0.525 0.2234375 0.534375 0.23125 0.5375 0.2359375 0.5234375 0.2296875 0.5203125 0.225 0.525
0 0.11875 0.875 0.1203125 0.8875 0.1296875 0.89375 0.1296875 0.875 0.11875 0.875
0 0.35 0.4703125 0.3484375 0.4921875 0.3546875 0.4921875 0.3546875 0.46875 0.35 0.4703125
0 0.5359375 0.8328125 0.53125 0.8359375 0.540625 0.8421875 0.53125 0.846875 0.5421875 0.85625 0.5421875 0.84375 0.5359375 0.8328125
0 0.49375 0.4921875 0.4890625 0.5046875 0.4953125 0.5109375 0.4984375 0.49375 0.49375 0.4921875
0 0.6 0.465625 0.5984375 0.478125 0.603125 0.4796875 0.609375 0.475 0.609375 0.465625 0.6 0.465625
0 0.728125 0.51875 0.725 0.5234375 0.73125 0.528125 0.725 0.5359375 0.7296875 0.5375 0.734375 0.5203125 0.728125 0.51875
0 0.240625 0.9796875 0.2359375 0.996875 0.246875 0.9984375 0.2484375 0.9875 0.240625 0.9796875