0 0.5921875 0.36875 0.5859375 0.36875 0.5890625 0.3859375 0.596875 0.38125 0.5921875 0.36875
0 0.40625 0.5875 0.403125 0.5984375 0.4109375 0.6 0.4046875 0.609375 0.4125 0.5984375 0.4046875 0.596875 0.4125 0.590625 0.40625 0.5875
0 0.6359375 0.634375 0.63125 0.6421875 0.6359375 0.6484375 0.64375 0.64375 0.6421875 0.63125 0.6359375 0.634375
0 0.5078125 0.5234375 0.5 0.5234375 0.50625 0.534375 0.5 0.5375 0.503125 0.5421875 0.509375 0.53125 0.5078125 0.5234375
0 0.0125 0.43125 0.0046875 0.43125 0.00625 0.4421875 0.0125 0.44375 0.0171875 0.4375 0.0125 0.43125
0 0.35625 0.3984375 0.3546875 0.4125 0.3609375 0.4171875 0.36875 0.4109375 0.36875 0.4 0.365625 0.39375 0.35625 0.3984375
0 0.01875 0.5109375 0.0125 0.5109375 0.0171875 0.5296875 0.025 0.5234375 0.01875 0.5109375
0 0.1640625 0.3671875 0.1640625 0.375 0.1734375 0.3796875 0.1734375 0.36875 0.1671875 0.3640625 0.1640625 0.3671875
0 0.0125 0.35625 0.0125 0.371875 0.021875 0.3765625 0.01875 0.3546875 0.0125 0.35625
0 0.70625 0.65625 0.7046875 0.6625 0.7109375 0.6640625 0.7046875 0.675 0.7078125 0.6828125 0.7125 0.6796875 0.7125 0.665625 0.70625 0.65625
0 0.3 0.575 0.3015625 0.59375 0.309375 0.58125 0.3046875 0.5734375 0.3 0.575
0 0.559375 0.6375 0.5546875 0.6375 0.5546875 0.6484375 0.5671875 0.6546875 0.5671875 0.64375 0.559375 0.6375
0 0.0921875 0.51875 0.0859375 0.51875 0.0859375 0.5296875 0.0984375 0.534375 0.1 0.525 0.0921875 0.51875
0 0.05625 0.3625 0.0546875 0.375 0.0671875 0.3765625 0.065625 0.3625 0.05625 0.3625
0 0.6125 0.45 0.6125 0.4625 0.61875 0.4625 0.61875 0.4515625 0.6125 0.45
0 0.2375 0.384375 0.2359375 0.3984375 0.24375 0.4 0.2484375 0.38125 0.240625 0.3796875 0.2375 0.384375
0 0.5140625 0.5921875 0.5109375 0.5953125 0.521875 0.6 0.5109375 0.609375 0.521875 0.6203125 0.525 0.6046875 0.5140625 0.5921875
0 0.5859375 0.925 0.5859375 0.946875 0.575 0.965625 0.5765625 0.9734375 0.58125 0.971875 0.5921875 0.94375 0.5921875 0.925 0.5859375 0.925
0 0.5125 0.4046875 0.5109375 0.421875 0.5171875 0.421875 0.51875 0.4046875 0.5125 0.4046875
0 0.20625 0.5546875 0.2046875 0.571875 0.2140625 0.5734375 0.2125 0.55625 0.20625 0.5546875