0 0.5421875 0.2984375 0.540625 0.3078125 0.5484375 0.3125 0.55 0.2984375 0.5421875 0.2984375
0 0.95625 0.3734375 0.95 0.38125 0.9515625 0.3890625 0.95625 0.39375 0.9671875 0.39375 0.9671875 0.3796875 0.95625 0.3734375
0 0.9515625 0.371875 0.95 0.3875 0.95625 0.3953125 0.95625 0.40625 0.9609375 0.40625 0.9671875 0.39375 0.9671875 0.3796875 0.959375 0.3671875 0.9515625 0.371875
0 0.7640625 0.0359375 0.7625 0.0421875 0.771875 0.05 0.7734375 0.034375 0.7671875 0.03125 0.7640625 0.0359375
0 0.5 0.115625 0.5 0.1265625 0.5078125 0.1265625 0.509375 0.1171875 0.5046875 0.1125 0.5 0.115625
0 0.9625 0.3953125 0.95625 0.3953125 0.95625 0.40625 0.9609375 0.40625 0.9625 0.3953125
0 0.41875 0.153125 0.415625 0.165625 0.425 0.16875 0.4265625 0.15625 0.41875 0.153125
0 0.95625 0.34375 0.9484375 0.34375 0.95 0.3546875 0.95625 0.3546875 0.95625 0.34375
0 0.9546875 0.3671875 0.9515625 0.375 0.9609375 0.375 0.9609375 0.36875 0.9546875 0.3671875
0 0.53125 0.4 0.525 0.40625 0.5265625 0.4125 0.5375 0.4078125 0.5375 0.4 0.53125 0.4
0 0.5546875 0.1 0.5515625 0.1109375 0.5640625 0.1171875 0.565625 0.1046875 0.5546875 0.1
0 0.5484375 0.08125 0.55 0.1109375 0.5546875 0.1171875 0.5640625 0.1171875 0.565625 0.0921875 0.5578125 0.08125 0.5484375 0.08125
0 0.56875 0.0375 0.5671875 0.046875 0.5734375 0.05 0.571875 0.0546875 0.5796875 0.0421875 0.56875 0.0375
0 0.2984375 0.8625 0.2875 0.8625 0.2875 0.86875 0.3 0.8734375 0.2984375 0.8625