0 0.4421875 0.5375 0.4390625 0.55 0.4484375 0.55 0.4484375 0.540625 0.4421875 0.5375
0 0.1921875 0.178125 0.1875 0.178125 0.190625 0.19375 0.1984375 0.1890625 0.1984375 0.18125 0.1921875 0.178125
0 0.1734375 0.5609375 0.1640625 0.5625 0.1671875 0.5734375 0.178125 0.5734375 0.178125 0.5609375 0.1734375 0.5609375
0 0.6046875 0.3609375 0.6 0.3609375 0.6 0.3859375 0.6046875 0.3859375 0.6046875 0.3609375
0 0.1609375 0.34375 0.1578125 0.3609375 0.1640625 0.3625 0.1671875 0.3453125 0.1609375 0.34375
0 0.3671875 0.0109375 0.3640625 0.0234375 0.371875 0.0296875 0.3734375 0.0125 0.3671875 0.0109375
0 0.5828125 0.6609375 0.5828125 0.675 0.5859375 0.68125 0.5921875 0.68125 0.5921875 0.665625 0.5828125 0.6609375
0 0.36875 0.29375 0.3640625 0.29375 0.3640625 0.30625 0.3734375 0.3140625 0.375 0.3015625 0.36875 0.29375
0 0.4984375 0.1734375 0.496875 0.1859375 0.503125 0.1890625 0.50625 0.178125 0.4984375 0.1734375
0 0.1390625 0.7609375 0.1375 0.7734375 0.146875 0.7765625 0.1484375 0.7640625 0.1390625 0.7609375
0 0.2046875 0.8234375 0.2015625 0.8421875 0.209375 0.84375 0.2109375 0.8265625 0.2046875 0.8234375