0 0.0578125 0.6296875 0.0546875 0.6359375 0.0609375 0.6375 0.096875 0.634375 0.0890625 0.625 0.0796875 0.625 0.075 0.6359375 0.0578125 0.6296875
0 0.7046875 0.33125 0.7 0.340625 0.7109375 0.3375 0.7109375 0.3328125 0.7046875 0.33125
0 0.025 0.7640625 0.025 0.7765625 0.034375 0.7671875 0.0390625 0.7765625 0.0421875 0.775 0.040625 0.7671875 0.025 0.7640625
0 0.184375 0.6296875 0.1796875 0.63125 0.18125 0.64375 0.1921875 0.6484375 0.1921875 0.6359375 0.184375 0.6296875
0 0.084375 0.625 0.06875 0.6296875 0.06875 0.6359375 0.09375 0.6359375 0.096875 0.63125 0.084375 0.625
0 0.8390625 0.665625 0.8390625 0.675 0.8578125 0.675 0.875 0.6625 0.8546875 0.659375 0.8390625 0.665625
0 0.7140625 0.33125 0.7125 0.3375 0.71875 0.3421875 0.7296875 0.3375 0.7265625 0.3296875 0.7140625 0.33125
0 0.2 0.8015625 0.2015625 0.8125 0.2171875 0.8046875 0.215625 0.8 0.2109375 0.809375 0.2 0.8015625
0 0.2171875 0.7140625 0.2125 0.725 0.23125 0.721875 0.225 0.7140625 0.2171875 0.7140625
0 0.2375 0.65625 0.23125 0.6671875 0.2484375 0.66875 0.25 0.65625 0.2375 0.65625
0 0.734375 0.3328125 0.7296875 0.34375 0.7390625 0.34375 0.734375 0.3328125
0 0.3609375 0.8546875 0.35625 0.85625 0.35625 0.8625 0.36875 0.8609375 0.3671875 0.8546875 0.3609375 0.8546875
0 0.1671875 0.3453125 0.1609375 0.3484375 0.1671875 0.3609375 0.1765625 0.3609375 0.184375 0.3546875 0.1828125 0.3484375 0.1671875 0.3453125
0 0.40625 0.7125 0.4046875 0.721875 0.4234375 0.71875 0.421875 0.7109375 0.415625 0.7078125 0.40625 0.7125
0 0.50625 0.7390625 0.5 0.7390625 0.503125 0.7546875 0.509375 0.753125 0.50625 0.7390625
0 0.6890625 0.33125 0.6796875 0.33125 0.6796875 0.3375 0.690625 0.3375 0.6890625 0.33125
0 0.359375 0.8546875 0.3546875 0.85625 0.35625 0.8625 0.36875 0.8609375 0.3671875 0.8546875 0.359375 0.8546875
0 0.2078125 0.6640625 0.2109375 0.671875 0.24375 0.671875 0.2515625 0.6609375 0.25 0.65625 0.2234375 0.65625 0.2078125 0.6640625