0 0.8 0.3609375 0.7984375 0.3984375 0.8046875 0.3921875 0.80625 0.3796875 0.80625 0.3609375 0.8 0.3609375
0 0.9296875 0.21875 0.9265625 0.2359375 0.9484375 0.2359375 0.9484375 0.209375 0.9328125 0.2125 0.9296875 0.21875
0 0.8640625 0.3859375 0.8640625 0.4171875 0.8671875 0.425 0.8734375 0.425 0.8734375 0.3859375 0.8640625 0.3859375
0 0.7859375 0.5 0.7859375 0.51875 0.7921875 0.51875 0.7921875 0.5 0.7859375 0.5
0 0.440625 0.9015625 0.4390625 0.9046875 0.4484375 0.9046875 0.4515625 0.9125 0.4390625 0.9171875 0.4390625 0.9265625 0.45 0.9375 0.45625 0.9375 0.45625 0.91875 0.446875 0.9 0.440625 0.9015625
0 0.58125 0.70625 0.5796875 0.7375 0.5859375 0.7421875 0.5859375 0.70625 0.58125 0.70625
0 0.725 0.96875 0.71875 0.9984375 0.73125 0.9984375 0.7390625 0.9640625 0.73125 0.9609375 0.725 0.96875
0 0.7765625 0.4125 0.76875 0.4125 0.76875 0.4484375 0.775 0.4421875 0.7796875 0.4421875 0.78125 0.4484375 0.7859375 0.4421875 0.784375 0.4171875 0.7765625 0.4125
0 0.728125 0.9640625 0.725 0.9796875 0.734375 0.984375 0.7390625 0.9625 0.728125 0.9640625
0 0.7375 0.4859375 0.73125 0.4859375 0.73125 0.51875 0.7359375 0.5265625 0.7390625 0.525 0.734375 0.5203125 0.7421875 0.5140625 0.7421875 0.49375 0.7375 0.4859375
0 0.93125 0.3078125 0.9296875 0.33125 0.934375 0.33125 0.9421875 0.3171875 0.940625 0.3015625 0.93125 0.3078125
0 0.64375 0.696875 0.64375 0.71875 0.659375 0.7359375 0.6625 0.7140625 0.6546875 0.7 0.64375 0.696875
0 0.7015625 0.875 0.7 0.8890625 0.721875 0.9046875 0.71875 0.88125 0.7015625 0.875
0 0.6546875 0.625 0.6484375 0.625 0.6515625 0.6453125 0.65625 0.64375 0.6546875 0.625
0 0.553125 0.85625 0.55 0.8671875 0.5546875 0.8734375 0.5609375 0.8671875 0.5515625 0.8609375 0.5609375 0.85625 0.553125 0.85625