0 0.728125 0.34375 0.725 0.353125 0.7359375 0.359375 0.7359375 0.35 0.728125 0.34375
0 0.6859375 0.40625 0.675 0.40625 0.675 0.4171875 0.6859375 0.415625 0.6859375 0.40625
0 0.7140625 0.6515625 0.71875 0.6578125 0.7125 0.665625 0.7203125 0.675 0.7234375 0.665625 0.7140625 0.6515625
0 0.5921875 0.525 0.5859375 0.53125 0.5875 0.571875 0.596875 0.571875 0.6 0.5546875 0.6 0.5359375 0.5921875 0.525
0 0.44375 0.925 0.45 0.93125 0.4421875 0.93359375 0.4421875 0.9421875 0.4484375 0.94375 0.4546875 0.9375 0.44375 0.925
0 0.5265625 0.6515625 0.525 0.6578125 0.5359375 0.6640625 0.525 0.671875 0.53125 0.675 0.5375 0.6546875 0.5359375 0.6484375 0.5265625 0.6515625
0 0.5546875 0.5671875 0.55 0.56875 0.55 0.575 0.5625 0.5796875 0.565625 0.56875 0.5546875 0.5671875
0 0.171875 0.671875 0.16875 0.6984375 0.1734375 0.6984375 0.178125 0.68125 0.1734375 0.66875 0.171875 0.671875
0 0.6375 0.5859375 0.6359375 0.5984375 0.6453125 0.603125 0.6484375 0.5921875 0.6375 0.5859375
0 0.8046875 0.5546875 0.8 0.5546875 0.8 0.56875 0.8046875 0.5671875 0.8046875 0.5546875
0 0.534375 0.8671875 0.53125 0.8921875 0.5375 0.8890625 0.534375 0.8671875
0 0.5921875 0.5265625 0.5859375 0.5328125 0.5859375 0.540625 0.590625 0.5484375 0.5984375 0.55 0.6 0.5375 0.5921875 0.5265625
0 0.6453125 0.7921875 0.64375 0.8078125 0.65 0.8078125 0.6546875 0.796875 0.6453125 0.7921875
0 0.4390625 0.9875 0.4375 0.996875 0.4484375 0.9984375 0.4484375 0.9859375 0.4390625 0.9875