0 0.434375 0.7703125 0.43125 0.7734375 0.4375 0.7796875 0.4421875 0.78125 0.4484375 0.771875 0.4546875 0.7796875 0.4546875 0.7734375 0.4453125 0.76875 0.434375 0.7703125
0 0.8328125 0.4109375 0.83125 0.421875 0.84375 0.425 0.84375 0.4125 0.8328125 0.4109375
0 0.575 0.5859375 0.575 0.596875 0.5875 0.59375 0.5859375 0.5859375 0.575 0.5859375
0 0.8546875 0.878125 0.85625 0.8859375 0.8734375 0.88125 0.8703125 0.875 0.8546875 0.878125
0 0.98125 0.75 0.98125 0.75625 0.984375 0.75 0.9984375 0.7546875 0.9984375 0.7453125 0.98125 0.75
0 0.184375 0.7484375 0.1734375 0.7484375 0.1734375 0.75625 0.1859375 0.759375 0.184375 0.7484375
0 0.3796875 0.4921875 0.375 0.49375 0.375 0.5 0.39375 0.5 0.39375 0.4921875 0.3796875 0.4921875
0 0.5140625 0.5828125 0.5125 0.59375 0.5296875 0.59375 0.5296875 0.5828125 0.5140625 0.5828125
0 0.225 0.2921875 0.2 0.2921875 0.2 0.296875 0.2125 0.3046875 0.234375 0.3046875 0.2359375 0.2984375 0.225 0.2921875
0 0.85 0.6765625 0.85 0.6859375 0.8546875 0.6875 0.8625 0.6796875 0.8703125 0.6859375 0.86875 0.6796875 0.85 0.6765625
0 0.93125 0.7984375 0.9296875 0.80625 0.9375 0.8109375 0.9484375 0.8046875 0.9453125 0.8 0.93125 0.7984375
0 0.1390625 0.61875 0.1375 0.6296875 0.1484375 0.63125 0.153125 0.625 0.15 0.61875 0.1390625 0.61875
0 0.9734375 0.96875 0.95625 0.96875 0.95625 0.9734375 0.9734375 0.9734375 0.9734375 0.96875
0 0.634375 0.6828125 0.63125 0.6875 0.6421875 0.69375 0.65625 0.6875 0.646875 0.68125 0.634375 0.6828125
0 0.3640625 0.3796875 0.3625 0.3890625 0.3671875 0.3921875 0.3859375 0.3921875 0.403125 0.3859375 0.39375 0.375 0.371875 0.375 0.3640625 0.3796875
0 0.715625 0.803125 0.71875 0.8125 0.734375 0.8125 0.734375 0.80625 0.715625 0.803125
0 0.9578125 0.70625 0.9484375 0.70625 0.9484375 0.71875 0.9578125 0.71875 0.9578125 0.70625
0 0.4265625 0.6046875 0.4265625 0.6140625 0.4421875 0.6171875 0.4375 0.6046875 0.4265625 0.6046875