0 0.5171875 0.8765625 0.5140625 0.89375 0.51875 0.8953125 0.5234375 0.878125 0.5171875 0.8765625
0 0.5265625 0.609375 0.525 0.61875 0.53125 0.6203125 0.5359375 0.60625 0.5296875 0.6046875 0.5265625 0.609375
0 0.7546875 0.978125 0.75 0.978125 0.75 0.9921875 0.759375 0.99375 0.7609375 0.984375 0.7546875 0.978125
0 0.4890625 0.6546875 0.4875 0.6703125 0.496875 0.6734375 0.4984375 0.6625 0.4890625 0.6546875
0 0.6296875 0.975 0.625 0.975 0.625 0.9953125 0.6296875 0.99375 0.6296875 0.975
0 0.5734375 0.09375 0.5734375 0.109375 0.58125 0.1109375 0.5796875 0.09375 0.5734375 0.09375
0 0.4625 0.30625 0.4625 0.321875 0.4671875 0.321875 0.4625 0.3109375 0.46875 0.30625 0.4625 0.30625
0 0.5953125 0.7765625 0.59375 0.796875 0.6046875 0.7875 0.6046875 0.7765625 0.5953125 0.7765625
0 0.434375 0.2 0.43125 0.2125 0.4375 0.2171875 0.4421875 0.2 0.434375 0.2
0 0.6546875 0.8359375 0.6515625 0.84375 0.6625 0.85625 0.6671875 0.84375 0.6546875 0.8359375
0 0.575 0.3578125 0.5734375 0.36875 0.58125 0.3734375 0.5828125 0.3625 0.5796875 0.35625 0.575 0.3578125