0 0.3484375 0.2625 0.3484375 0.2796875 0.3546875 0.2734375 0.353125 0.2625 0.3484375 0.2625
0 0.4015625 0.83125 0.39375 0.83125 0.39375 0.8421875 0.4 0.8453125 0.39375 0.853125 0.3984375 0.853125 0.403125 0.84375 0.4015625 0.83125
0 0.79375 0.71875 0.7921875 0.721875 0.796875 0.7203125 0.8 0.7265625 0.7921875 0.734375 0.8015625 0.7390625 0.8046875 0.7359375 0.79375 0.71875
0 0.090625 0.4734375 0.0859375 0.4734375 0.0890625 0.49375 0.09375 0.4921875 0.090625 0.4734375
0 0.4265625 0.49375 0.4265625 0.50625 0.434375 0.5140625 0.4296875 0.509375 0.4359375 0.503125 0.434375 0.4984375 0.4265625 0.49375
0 0.51875 0.10625 0.5109375 0.10625 0.5171875 0.11875 0.51875 0.10625
0 0.29375 0.7875 0.2921875 0.8 0.3 0.8046875 0.3015625 0.7921875 0.29375 0.7875
0 0.2 0.6609375 0.19375 0.6671875 0.19375 0.6765625 0.2 0.6765625 0.2046875 0.66875 0.2046875 0.6625 0.2 0.6609375
0 0.7125 0.55 0.7109375 0.559375 0.71875 0.56875 0.721875 0.5546875 0.7125 0.55
0 0.0859375 0.6 0.0859375 0.61875 0.0921875 0.6140625 0.0921875 0.603125 0.0859375 0.6
0 0.5140625 0.940625 0.5125 0.94375 0.5203125 0.9453125 0.5140625 0.9546875 0.5234375 0.9375 0.5140625 0.940625
0 0.5671875 0.64375 0.565625 0.6546875 0.5734375 0.6609375 0.575 0.65 0.5671875 0.64375
0 0.63125 0.9734375 0.628125 0.984375 0.6359375 0.9859375 0.6375 0.975 0.63125 0.9734375
0 0.6734375 0.8828125 0.66875 0.8953125 0.675 0.8984375 0.6796875 0.8859375 0.6734375 0.8828125
0 0.55625 0.35625 0.5546875 0.3734375 0.5625 0.3625 0.5609375 0.35625 0.55625 0.35625
0 0.7390625 0.5375 0.7375 0.5484375 0.7421875 0.55625 0.7453125 0.55 0.7390625 0.546875 0.7453125 0.5375 0.7390625 0.5375