0 0.7296875 0.6484375 0.725 0.6484375 0.73125 0.6546875 0.725 0.6625 0.734375 0.6734375 0.7296875 0.6484375
0 0.721875 0.56875 0.7171875 0.5734375 0.71875 0.5796875 0.7375 0.575 0.7375 0.565625 0.721875 0.56875
0 0.5859375 0.5765625 0.58125 0.58125 0.5828125 0.59375 0.5921875 0.5921875 0.6 0.5828125 0.6 0.5734375 0.5859375 0.5765625
0 0.2171875 0.3421875 0.2125 0.3421875 0.215625 0.353125 0.2171875 0.3421875
0 0.8953125 0.64375 0.89375 0.675 0.9 0.6765625 0.90625 0.675 0.9046875 0.6484375 0.8984375 0.6375 0.8953125 0.64375
0 0.7734375 0.6765625 0.76875 0.675 0.775 0.7125 0.7875 0.7140625 0.7875 0.7 0.7765625 0.70625 0.7734375 0.6875 0.7875 0.6875 0.7734375 0.6765625
0 0.6 0.6453125 0.6 0.6765625 0.6046875 0.6796875 0.6046875 0.6546875 0.6 0.6453125
0 0.4046875 0.5125 0.4046875 0.5234375 0.4234375 0.51875 0.421875 0.5109375 0.4046875 0.5125
0 0.434375 0.59375 0.43125 0.6046875 0.440625 0.621875 0.446875 0.6234375 0.4421875 0.6 0.434375 0.59375
0 0.3625 0.5890625 0.35625 0.6 0.3640625 0.6171875 0.3765625 0.6234375 0.3796875 0.6109375 0.375 0.6 0.359375 0.5984375 0.365625 0.590625 0.3625 0.5890625
0 0.9984375 0.5921875 0.9953125 0.6 0.9984375 0.5921875
0 0.51875 0.6390625 0.5140625 0.6484375 0.5203125 0.65625 0.534375 0.6421875 0.5359375 0.63125 0.5265625 0.63125 0.51875 0.6390625