0 0.4828125 0.6953125 0.48125 0.70625 0.496875 0.7046875 0.496875 0.69375 0.4828125 0.6953125
0 0.80625 0.4171875 0.80625 0.4375 0.8125 0.4375 0.815625 0.4234375 0.8125 0.4171875 0.80625 0.4171875
0 0.3265625 0.796875 0.3234375 0.8046875 0.3328125 0.8125 0.3359375 0.8046875 0.3265625 0.796875
0 0.1546875 0.715625 0.15 0.7234375 0.1546875 0.7296875 0.1671875 0.7234375 0.1640625 0.7125 0.1546875 0.715625
0 0.99375 0.3875 0.9921875 0.39375 0.9984375 0.39375 0.9984375 0.384375 0.99375 0.3875
0 0.2734375 0.44375 0.26875 0.45 0.2703125 0.4578125 0.2765625 0.4578125 0.28125 0.4484375 0.2796875 0.4421875 0.2734375 0.44375
0 0.434375 0.4234375 0.43125 0.425 0.4375 0.4296875 0.43125 0.4359375 0.4390625 0.4375 0.434375 0.4234375
0 0.6046875 0.4625 0.603125 0.4765625 0.609375 0.4796875 0.6125 0.4625 0.6046875 0.4625
0 0.76875 0.625 0.7625 0.625 0.7625 0.634375 0.7734375 0.64375 0.7671875 0.6375 0.7734375 0.63125 0.76875 0.625
0 0.6796875 0.8265625 0.6765625 0.8421875 0.6875 0.846875 0.6921875 0.8359375 0.6796875 0.8265625
0 0.58125 0.175 0.5765625 0.184375 0.584375 0.1890625 0.5890625 0.178125 0.5859375 0.1734375 0.58125 0.175
0 0.5765625 0.125 0.5765625 0.1359375 0.5875 0.1375 0.5890625 0.13125 0.58125 0.1234375 0.5765625 0.125
0 0.76875 0.3234375 0.7625 0.3234375 0.7625 0.334375 0.76875 0.3421875 0.7734375 0.3375 0.76875 0.3234375
0 0.6953125 0.06875 0.69375 0.08125 0.7046875 0.08125 0.70625 0.0625 0.6953125 0.06875