0 0.26513671875 0.9600694444444444 0.26513671875 0.9748263888888888 0.267578125 0.9791666666666666 0.27294921875 0.9809027777777778 0.279296875 0.9739583333333334 0.27978515625 0.9618055555555556 0.27685546875 0.9565972222222222 0.271484375 0.953125 0.26513671875 0.9600694444444444
0 0.05224609375 0.5026041666666666 0.05029296875 0.5060763888888888 0.05029296875 0.5112847222222222 0.05322265625 0.5269097222222222 0.05517578125 0.5329861111111112 0.06005859375 0.5338541666666666 0.0615234375 0.5286458333333334 0.06103515625 0.5052083333333334 0.05224609375 0.5026041666666666
0 0.3310546875 0.2925347222222222 0.33056640625 0.3012152777777778 0.333984375 0.3020833333333333 0.33447265625 0.2925347222222222 0.3310546875 0.2925347222222222
0 0.33154296875 0.9001736111111112 0.3310546875 0.9123263888888888 0.33984375 0.9166666666666666 0.3447265625 0.9166666666666666 0.34716796875 0.9123263888888888 0.34765625 0.8949652777777778 0.33447265625 0.8897569444444444 0.33154296875 0.9001736111111112
0 0.06396484375 0.6848958333333334 0.0634765625 0.6918402777777778 0.0703125 0.7022569444444444 0.076171875 0.7013888888888888 0.0771484375 0.6944444444444444 0.07470703125 0.6918402777777778 0.0712890625 0.6814236111111112 0.0673828125 0.6805555555555556 0.06396484375 0.6848958333333334
0 0.2255859375 0.4097222222222222 0.22314453125 0.4140625 0.2275390625 0.4157986111111111 0.23388671875 0.4114583333333333 0.23388671875 0.4071180555555556 0.2255859375 0.4097222222222222
0 0.14208984375 0.3949652777777778 0.1328125 0.4114583333333333 0.1328125 0.4157986111111111 0.14013671875 0.4244791666666667 0.1484375 0.4001736111111111 0.14599609375 0.3949652777777778 0.14208984375 0.3949652777777778
0 0.2109375 0.5755208333333334 0.21142578125 0.5824652777777778 0.21630859375 0.5807291666666666 0.2158203125 0.5737847222222222 0.2109375 0.5755208333333334
0 0.17431640625 0.4791666666666667 0.17529296875 0.4878472222222222 0.1796875 0.4869791666666667 0.17919921875 0.4765625 0.17431640625 0.4791666666666667
0 0.4716796875 0.4314236111111111 0.470703125 0.4401041666666667 0.47216796875 0.4435763888888889 0.4814453125 0.4479166666666667 0.48486328125 0.4479166666666667 0.48681640625 0.4444444444444444 0.4873046875 0.4383680555555556 0.48583984375 0.4340277777777778 0.47314453125 0.4270833333333333 0.4716796875 0.4314236111111111
0 0.263671875 0.3680555555555556 0.26318359375 0.3758680555555556 0.26513671875 0.3854166666666667 0.26953125 0.3854166666666667 0.27392578125 0.3802083333333333 0.2734375 0.3671875 0.26708984375 0.3645833333333333 0.263671875 0.3680555555555556
0 0.46240234375 0.3619791666666667 0.46240234375 0.3680555555555556 0.466796875 0.3715277777777778 0.4755859375 0.359375 0.47509765625 0.3472222222222222 0.4697265625 0.3463541666666667 0.46435546875 0.3550347222222222 0.46240234375 0.3619791666666667
0 0.1884765625 0.9895833333333334 0.1884765625 0.9982638888888888 0.2021484375 0.9982638888888888 0.20263671875 0.9956597222222222 0.2021484375 0.9887152777777778 0.197265625 0.9800347222222222 0.1943359375 0.9800347222222222 0.1884765625 0.9895833333333334