0 0.0078125 0.41875 0.0078125 0.4234375 0 0.425 0 0.4859375 0.00625 0.4796875 0.00625 0.4515625 0.0125 0.4421875 0.0125 0.43203125 0.00625 0.425 0.0125 0.421875 0.0078125 0.41875
0 0.003125 0.45 0 0.4859375 0.00625 0.478125 0.003125 0.45
0 0.003125 0.5109375 0 0.509375 0 0.5203125 0.0078125 0.525 0 0.53125 0.0125 0.5234375 0.003125 0.5109375
0 0.003125 0.5109375 0 0.509375 0 0.53125 0.0125 0.5234375 0.003125 0.5109375
0 0.0078125 0.4171875 0.0046875 0.425 0 0.425 0 0.484375 0.00625 0.4796875 0.00625 0.453125 0.0125 0.4421875 0.0125 0.4265625 0.00625 0.4234375 0.0125 0.41875 0.0078125 0.4171875
0 0.46875 0.6046875 0.4671875 0.6171875 0.4875 0.6171875 0.4875 0.6046875 0.46875 0.6046875
0 0.775 0.90625 0.7734375 0.9125 0.7796875 0.9234375 0.7921875 0.93125 0.796875 0.9265625 0.7921875 0.915625 0.775 0.90625
0 0.5609375 0.6 0.5546875 0.60625 0.5578125 0.6203125 0.571875 0.60625 0.56875 0.59375 0.5609375 0.6
0 0.0515625 0.5546875 0.05 0.596875 0.065625 0.6 0.0734375 0.55625 0.065625 0.55 0.0546875 0.55 0.0515625 0.5546875
0 0.00625 0.425 0 0.425 0 0.45 0.00625 0.45 0.0125 0.4390625 0.0125 0.43125 0.00625 0.425
0 0.009375 0.42109375 0.003125 0.0046875
0 0.3484375 0.29375 0.34375 0.29375 0.3484375 0.3109375 0.3625 0.31875 0.3609375 0.30625 0.3484375 0.29375
0 0.6296875 0.80625 0.628125 0.840625 0.6296875 0.85 0.634375 0.85 0.6359375 0.80625 0.6296875 0.80625
0 0.3046875 0.225 0.3015625 0.25 0.3078125 0.2515625 0.3109375 0.2265625 0.3046875 0.225
0 0.4890625 0.875 0.4890625 0.8875 0.496875 0.8921875 0.509375 0.88125 0.5109375 0.8703125 0.5 0.8671875 0.4890625 0.875
0 0.6109375 0.98125 0.6046875 0.9984375 0.6171875 0.9984375 0.609375 0.9890625 0.6171875 0.9859375 0.6109375 0.98125
0 0.6109375 0.68125 0.609375 0.690625 0.6171875 0.69375 0.628125 0.6765625 0.628125 0.66875 0.6234375 0.6671875 0.6109375 0.68125
0 0.328125 0.4609375 0.325 0.4671875 0.3328125 0.4734375 0.3484375 0.4734375 0.3453125 0.4625 0.3390625 0.4609375 0.33125 0.4703125 0.328125 0.4609375
0 0.2609375 0.9109375 0.2625 0.928125 0.2734375 0.9296875 0.2734375 0.9171875 0.2609375 0.9109375
0 0.7125 0.7078125 0.70625 0.7203125 0.7078125 0.7296875 0.71875 0.725 0.7234375 0.7046875 0.71875 0.7015625 0.7125 0.7078125