0 0.609375 0.4375 0.60625 0.4515625 0.6234375 0.4421875 0.6203125 0.43125 0.609375 0.4375
0 0.6984375 0.6109375 0.6984375 0.625 0.70625 0.621875 0.709375 0.6265625 0.70625 0.6359375 0.7171875 0.6359375 0.6984375 0.6109375
0 0.178125 0.4109375 0.1734375 0.4125 0.175 0.425 0.18125 0.425 0.178125 0.4109375
0 0.88125 0.6671875 0.878125 0.6875 0.8875 0.6890625 0.878125 0.7 0.8859375 0.6984375 0.89375 0.6796875 0.8921875 0.66875 0.88125 0.6671875
0 0.4 0.4109375 0.39375 0.4109375 0.39375 0.4171875 0.403125 0.43125 0.4109375 0.434375 0.4078125 0.41875 0.4 0.425 0.3984375 0.421875 0.4 0.4109375
0 0.44375 0.35625 0.44375 0.371875 0.4625 0.359375 0.4609375 0.35 0.45625 0.3484375 0.44375 0.35625
0 0.38125 0.2921875 0.375 0.2984375 0.375 0.3171875 0.39375 0.3125 0.4 0.3015625 0.4 0.2921875 0.38125 0.2921875
0 0.95625 0.8171875 0.95625 0.825 0.9625 0.81875 0.9671875 0.8234375 0.9671875 0.81875 0.95625 0.8171875
0 0.578125 0.4921875 0.575 0.5015625 0.5890625 0.5234375 0.59375 0.5109375 0.5859375 0.49375 0.578125 0.4921875
0 0.5375 0.38125 0.53125 0.3859375 0.53125 0.3984375 0.54375 0.41875 0.546875 0.415625 0.5375 0.4078125 0.546875 0.4046875 0.5375 0.38125
0 0.728125 0.54375 0.725 0.5546875 0.7359375 0.5546875 0.7375 0.5421875 0.728125 0.54375