0 0.45 0.5265625 0.4484375 0.540625 0.45625 0.5421875 0.4609375 0.534375 0.45 0.5265625
0 0.1859375 0.2046875 0.18125 0.21875 0.190625 0.2203125 0.1921875 0.209375 0.1859375 0.2046875
0 0.2734375 0.6046875 0.2703125 0.625 0.2796875 0.625 0.28125 0.609375 0.2734375 0.6046875
0 0.33125 0.30625 0.33125 0.3203125 0.340625 0.321875 0.3421875 0.3125 0.33125 0.30625
0 0.11875 0.3890625 0.1109375 0.3953125 0.1109375 0.40625 0.125 0.3984375 0.125 0.3921875 0.11875 0.3890625
0 0.1265625 0.8015625 0.125 0.8109375 0.1359375 0.815625 0.1375 0.8 0.1265625 0.8015625
0 0.1375 0.425 0.1328125 0.4375 0.1421875 0.4421875 0.14375 0.4359375 0.1359375 0.4359375 0.14375 0.4265625 0.1375 0.425
0 0.46875 0.7765625 0.465625 0.7921875 0.4734375 0.79375 0.475 0.784375 0.46875 0.7765625
0 0.5046875 0.9609375 0.50625 0.984375 0.5109375 0.978125 0.5109375 0.9640625 0.5046875 0.9609375
0 0.403125 0.3234375 0.4 0.3359375 0.4078125 0.3421875 0.4109375 0.3296875 0.403125 0.3234375
0 0.278125 0.928125 0.275 0.9421875 0.28125 0.94375 0.2875 0.9296875 0.2796875 0.9265625 0.2875 0.921875 0.2859375 0.91875 0.278125 0.928125