0 0.6484375 0.44375 0.6484375 0.4578125 0.6578125 0.4578125 0.659375 0.446875 0.6484375 0.44375
0 0.775 0.2359375 0.7734375 0.25 0.784375 0.2546875 0.7859375 0.24375 0.775 0.2359375
0 0.33125 0.2171875 0.3296875 0.2328125 0.3359375 0.2359375 0.3375 0.21875 0.33125 0.2171875
0 0.7921875 0.73125 0.790625 0.7421875 0.7984375 0.74375 0.8 0.728125 0.7921875 0.73125
0 0.8 0.2015625 0.8046875 0.2078125 0.7984375 0.2171875 0.8015625 0.2296875 0.80625 0.2234375 0.80625 0.209375 0.8046875 0.2015625 0.8 0.2015625
0 0.6671875 0.7796875 0.665625 0.796875 0.671875 0.8 0.6734375 0.79375 0.6671875 0.790625 0.6734375 0.78125 0.6671875 0.7796875
0 0.1421875 0.7625 0.1375 0.7671875 0.146875 0.771875 0.1375 0.7796875 0.1390625 0.784375 0.1484375 0.7796875 0.1421875 0.7625
0 0.2703125 0.7390625 0.26875 0.759375 0.275 0.7609375 0.2796875 0.7421875 0.2703125 0.7390625
0 0.1109375 0.63125 0.10625 0.63125 0.10625 0.6390625 0.1109375 0.6484375 0.1171875 0.6484375 0.11875 0.6375 0.1109375 0.63125
0 0.896875 0.35 0.8953125 0.3609375 0.90625 0.3671875 0.909375 0.35625 0.9046875 0.35 0.896875 0.35
0 0.46875 0.3953125 0.4671875 0.4078125 0.4765625 0.4171875 0.4796875 0.4078125 0.4734375 0.3953125 0.46875 0.3953125
0 0.40625 0.7984375 0.403125 0.8109375 0.4109375 0.8125 0.4125 0.8 0.40625 0.7984375
0 0.51875 0.7625 0.5140625 0.7765625 0.521875 0.78125 0.5234375 0.771875 0.5171875 0.7671875 0.5234375 0.7640625 0.51875 0.7625
0 0.56875 0.15625 0.5671875 0.1734375 0.5734375 0.1734375 0.5734375 0.15625 0.56875 0.15625
0 0.815625 0.6046875 0.8125 0.609375 0.81875 0.6171875 0.8125 0.6234375 0.81875 0.625 0.821875 0.60625 0.815625 0.6046875