0 0.540625 0.7625 0.5375 0.7765625 0.546875 0.784375 0.5484375 0.76875 0.540625 0.7625
0 0.6859375 0.6203125 0.68125 0.6296875 0.690625 0.6359375 0.6921875 0.625 0.6859375 0.6203125
0 0.4078125 0.4734375 0.4078125 0.4859375 0.4171875 0.4859375 0.415625 0.4734375 0.4109375 0.46875 0.4078125 0.4734375
0 0.91875 0.85 0.9171875 0.859375 0.9234375 0.8671875 0.9296875 0.8484375 0.921875 0.84375 0.91875 0.85
0 0.6125 0.7734375 0.6109375 0.784375 0.61875 0.7875 0.61875 0.7796875 0.6125 0.7734375
0 0.575 0.61875 0.575 0.6296875 0.5859375 0.63125 0.584375 0.6203125 0.575 0.61875
0 0.434375 0.49375 0.43125 0.5109375 0.4375 0.5109375 0.434375 0.49375
0 0.5375 0.6875 0.5296875 0.6875 0.534375 0.6984375 0.5375 0.6875
0 0.75625 0.6359375 0.75625 0.659375 0.7625 0.6546875 0.75625 0.64375 0.7625 0.6421875 0.7609375 0.6359375 0.75625 0.6359375
0 0.86875 0.653125 0.8671875 0.6671875 0.875 0.671875 0.88125 0.6671875 0.88125 0.6546875 0.86875 0.653125
0 0.821875 0.8296875 0.8171875 0.8296875 0.81875 0.8484375 0.8265625 0.84375 0.821875 0.8296875
0 0.7296875 0.8078125 0.725 0.8109375 0.725 0.825 0.734375 0.83125 0.734375 0.8078125 0.7296875 0.8078125
0 0.540625 0.6125 0.5359375 0.6125 0.5375 0.63125 0.54375 0.6296875 0.540625 0.6125