0 0.3734375 0.8953125 0.371875 0.9046875 0.38125 0.90625 0.3796875 0.8953125 0.3734375 0.8953125
0 0.234375 0.796875 0.23125 0.8125 0.2359375 0.815625 0.240625 0.8109375 0.240625 0.8 0.234375 0.796875
0 0.3609375 0.6765625 0.3671875 0.684375 0.359375 0.6890625 0.3640625 0.696875 0.36875 0.6859375 0.3609375 0.6765625
0 0.3265625 0.8796875 0.325 0.89375 0.33125 0.8890625 0.33125 0.8796875 0.3265625 0.8796875
0 0.40625 0.7671875 0.40625 0.784375 0.4109375 0.784375 0.4109375 0.76875 0.40625 0.7671875
0 0.178125 0.8703125 0.1734375 0.875 0.1734375 0.8859375 0.1859375 0.8921875 0.1859375 0.875 0.178125 0.8703125
0 0.2765625 0.690625 0.2734375 0.6984375 0.2796875 0.7015625 0.275 0.70625 0.2859375 0.696875 0.2859375 0.6875 0.2765625 0.690625
0 0.4578125 0.38125 0.45625 0.3953125 0.4625 0.3984375 0.465625 0.3859375 0.4578125 0.38125
0 0.69375 0.18125 0.6875 0.1890625 0.690625 0.1984375 0.7 0.1875 0.6984375 0.1796875 0.69375 0.18125
0 0.5765625 0.4078125 0.5734375 0.4109375 0.58125 0.415625 0.5734375 0.4203125 0.58125 0.43125 0.5828125 0.4171875 0.5765625 0.4078125
0 0.65 0.0375 0.6484375 0.0515625 0.6609375 0.0484375 0.6609375 0.040625 0.65 0.0375
0 0.321875 0.6515625 0.3125 0.65625 0.3171875 0.6734375 0.33125 0.6671875 0.33125 0.65625 0.321875 0.6515625
0 0.6921875 0.0765625 0.6875 0.084375 0.6953125 0.0875 0.6984375 0.075 0.6921875 0.0765625
0 0.5 0.55625 0.496875 0.5734375 0.5046875 0.58125 0.4984375 0.56875 0.50625 0.5671875 0.50625 0.55625 0.5 0.55625
0 0.51875 0.2671875 0.51875 0.2796875 0.5296875 0.28125 0.5265625 0.2703125 0.51875 0.2671875
0 0.6046875 0.134375 0.603125 0.1375 0.6125 0.140625 0.609375 0.146875 0.603125 0.146875 0.6046875 0.15 0.6140625 0.1390625 0.6125 0.13125 0.6046875 0.134375
0 0.6296875 0.325 0.625 0.3296875 0.628125 0.340625 0.6359375 0.33125 0.634375 0.325 0.6296875 0.325
0 0.7171875 0.125 0.7140625 0.1359375 0.7265625 0.1375 0.728125 0.125 0.7171875 0.125
0 0.39375 0.50625 0.3890625 0.50625 0.3890625 0.525 0.39375 0.5296875 0.39375 0.50625