0 0.7375 0.3421875 0.725 0.3640625 0.7421875 0.353125 0.7453125 0.34375 0.7375 0.3421875
0 0.6828125 0.30625 0.68125 0.3203125 0.6921875 0.321875 0.696875 0.3171875 0.69375 0.30625 0.6828125 0.30625
0 0.0046875 0.8640625 0 0.8640625 0 0.88125 0.00625 0.875 0.0046875 0.8640625
0 0.3046875 0.3953125 0.3015625 0.43125 0.3125 0.434375 0.3140625 0.40625 0.3109375 0.3953125 0.3046875 0.3953125
0 0.321875 0.675 0.31875 0.6875 0.3265625 0.69375 0.3375 0.69375 0.3359375 0.6828125 0.321875 0.675
0 0.784375 0.45 0.78125 0.4703125 0.784375 0.4796875 0.790625 0.4796875 0.790625 0.4515625 0.784375 0.45
0 0.16875 0.79375 0.1734375 0.828125 0.1796875 0.8296875 0.184375 0.8234375 0.1796875 0.8015625 0.16875 0.79375
0 0.5296875 0.45625 0.5234375 0.45 0.528125 0.45625 0.5234375 0.459375 0.5265625 0.4703125 0.53125 0.46875 0.5296875 0.45625
0 0.4 0.609375 0.40625 0.625 0.4109375 0.6171875 0.4 0.609375
0 0.246875 0.6625 0.24375 0.671875 0.25 0.675 0.2546875 0.6625 0.246875 0.6625
0 0.01875 0.9484375 0.0125 0.9484375 0.0125 0.9609375 0.025 0.96875 0.028125 0.9609375 0.01875 0.9484375
0 0.5578125 0.50625 0.55 0.5140625 0.5515625 0.5234375 0.56875 0.5140625 0.56875 0.50625 0.5578125 0.50625
0 0.5015625 0.534375 0.49375 0.534375 0.49375 0.540625 0.5109375 0.5546875 0.5125 0.5421875 0.5015625 0.534375
0 0.6078125 0.371875 0.6046875 0.38125 0.621875 0.39375 0.6234375 0.384375 0.6078125 0.371875
0 0.5875 0.4890625 0.5859375 0.5 0.6046875 0.503125 0.6046875 0.49375 0.5875 0.4890625
0 0.3609375 0.5625 0.3625 0.603125 0.371875 0.6046875 0.371875 0.5734375 0.36875 0.5625 0.3609375 0.5625
0 0.3671875 0.2046875 0.3609375 0.2046875 0.3625 0.2125 0.3671875 0.2125 0.3671875 0.2046875