0 0.6390625 0.3265625 0.6375 0.3375 0.6515625 0.3375 0.6484375 0.3296875 0.6390625 0.3265625
0 0.2296875 0.03125 0.225 0.03125 0.225 0.0421875 0.23125 0.0421875 0.2296875 0.03125
0 0.5265625 0.5828125 0.525 0.5984375 0.5359375 0.6046875 0.5359375 0.5890625 0.5265625 0.5828125
0 0.23125 0.0109375 0.2296875 0.01875 0.234375 0.0203125 0.2359375 0.0109375 0.23125 0.0109375
0 0.48125 0.7421875 0.4796875 0.7640625 0.484375 0.76875 0.4875 0.7421875 0.48125 0.7421875
0 0.675 0.659375 0.675 0.675 0.68125 0.6796875 0.6859375 0.671875 0.675 0.659375
0 0.5984375 0.4140625 0.596875 0.425 0.603125 0.4265625 0.60625 0.415625 0.5984375 0.4140625
0 0.49375 0.6421875 0.49375 0.65 0.50625 0.6484375 0.5046875 0.6375 0.49375 0.6421875
0 0.5859375 0.6234375 0.5828125 0.63125 0.5921875 0.6359375 0.59375 0.625 0.5859375 0.6234375
0 0.525 0.58125 0.525 0.6234375 0.5375 0.628125 0.540625 0.5890625 0.525 0.58125
0 0.753125 0.5109375 0.75 0.5234375 0.7546875 0.5234375 0.753125 0.5109375
0 0.6234375 0.8375 0.6203125 0.8546875 0.6296875 0.853125 0.63125 0.846875 0.6296875 0.8359375 0.6234375 0.8375
0 0.240625 0 0.2359375 0.00625 0.240625 0.0125 0.240625 0
0 0.5140625 0.9734375 0.5140625 0.99375 0.5203125 0.99375 0.5234375 0.978125 0.51875 0.971875 0.5140625 0.9734375