0 0.9125 0.5046875 0.909375 0.51875 0.91875 0.5296875 0.925 0.5234375 0.925 0.5109375 0.9203125 0.5046875 0.9125 0.5046875
0 0.8625 0.7453125 0.85625 0.75625 0.8671875 0.7640625 0.86875 0.75625 0.8625 0.7453125
0 0.00625 0.6421875 0 0.6453125 0 0.6765625 0.00625 0.675 0.0125 0.659375 0.0125 0.64375 0.00625 0.6421875
0 0.00625 0.6421875 0 0.6453125 0 0.66953125 0.00625 0.6734375 0 0.6776046874999999 0 0.69375 0.00625 0.6921875 0.0125 0.6609375 0.0125 0.64375 0.00625 0.6421875
0 0.9734375 0.8765625 0.975 0.890625 0.984375 0.89375 0.9859375 0.88125 0.9796875 0.875 0.9734375 0.8765625
0 0.884375 0.7140625 0.88125 0.7171875 0.8890625 0.728125 0.88125 0.73125 0.8875 0.7421875 0.8921875 0.7296875 0.884375 0.7140625
0 0.3921875 0.3640625 0.3890625 0.375 0.3953125 0.3859375 0.4 0.3859375 0.3921875 0.3765625 0.4 0.371875 0.3921875 0.3640625
0 0.434375 0.6625 0.43125 0.6671875 0.4390625 0.671875 0.4375 0.6765625 0.43125 0.6765625 0.4375 0.6796875 0.4421875 0.6671875 0.434375 0.6625
0 0.21875 0.4171875 0.2171875 0.4328125 0.2265625 0.4375 0.2359375 0.415625 0.2234375 0.4125 0.21875 0.4171875
0 0.6625 0.6359375 0.6609375 0.6484375 0.6625 0.6546875 0.6671875 0.6546875 0.6671875 0.6359375 0.6625 0.6359375
0 0.5578125 0.8546875 0.5546875 0.8671875 0.5671875 0.8796875 0.5671875 0.8640625 0.5625 0.8546875 0.5578125 0.8546875
0 0.7296875 0.9296875 0.728125 0.9421875 0.7375 0.946875 0.7390625 0.9328125 0.7296875 0.9296875
0 0.5703125 0.409375 0.5734375 0.41875 0.58125 0.41875 0.58125 0.4109375 0.5703125 0.409375