0 0.796875 0.228125 0.79375 0.25 0.8 0.2546875 0.8046875 0.23125 0.7984375 0.2265625 0.803125 0.2171875 0.796875 0.228125
0 0.690625 0.78125 0.6875 0.7859375 0.69375 0.8 0.7078125 0.8046875 0.7078125 0.7921875 0.696875 0.78125 0.690625 0.78125
0 0.5359375 0.875 0.525 0.875 0.525 0.88125 0.5421875 0.89375 0.534375 0.8875 0.54375 0.8796875 0.5359375 0.875
0 0.61875 0.8578125 0.6171875 0.8734375 0.625 0.8734375 0.6359375 0.8671875 0.6421875 0.8546875 0.6296875 0.853125 0.61875 0.8578125
0 0.7125 0.9515625 0.70625 0.9515625 0.70625 0.96875 0.7109375 0.9734375 0.7234375 0.9734375 0.725 0.9640625 0.7125 0.9515625
0 0.6875 0.5234375 0.6796875 0.5234375 0.6796875 0.546875 0.6828125 0.5546875 0.690625 0.55625 0.69375 0.546875 0.6875 0.5234375
0 0.64375 0.81875 0.6390625 0.8234375 0.6421875 0.8296875 0.653125 0.83125 0.65625 0.81875 0.64375 0.81875
0 0.4578125 0.2984375 0.4546875 0.3125 0.45625 0.3171875 0.4625 0.3171875 0.4671875 0.3125 0.4671875 0.3 0.4578125 0.2984375
0 0.5515625 0.6453125 0.5515625 0.6765625 0.565625 0.6765625 0.565625 0.6515625 0.5515625 0.6453125
0 0.7078125 0.24375 0.7125 0.2484375 0.70625 0.253125 0.70625 0.2765625 0.7125 0.28125 0.7140625 0.25 0.7078125 0.24375
0 0.7109375 0.6625 0.70625 0.6671875 0.70625 0.6796875 0.725 0.690625 0.7234375 0.675 0.7109375 0.6625