0 0.2875 0.3609375 0.2859375 0.375 0.29375 0.375 0.29375 0.3625 0.2875 0.3609375
0 0.3546875 0.75625 0.35 0.7640625 0.3546875 0.7734375 0.3625 0.7625 0.3625 0.753125 0.3546875 0.75625
0 0.4171875 0.54375 0.41875 0.5609375 0.425 0.5421875 0.4171875 0.54375
0 0.29375 0 0.2859375 0 0.2875 0.01875 0.29375 0
0 0.5515625 0.9484375 0.5515625 0.9609375 0.5609375 0.9625 0.5609375 0.9515625 0.5515625 0.9484375
0 0.2609375 0.9640625 0.25625 0.971875 0.2609375 0.9796875 0.26875 0.971875 0.259375 0.975 0.26875 0.9578125 0.2609375 0.9640625
0 0.2875 0.91875 0.2875 0.9296875 0.2921875 0.9296875 0.2875 0.91875
0 0.2640625 0.46875 0.2625 0.4765625 0.2703125 0.4859375 0.275 0.48125 0.275 0.4703125 0.2640625 0.46875
0 0.4796875 0.7015625 0.4734375 0.7109375 0.48125 0.721875 0.4859375 0.7125 0.4796875 0.7015625
0 0.3296875 0.0421875 0.3265625 0.05 0.3328125 0.0609375 0.3375 0.05 0.3359375 0.04375 0.3296875 0.0421875
0 0.2671875 0.7375 0.2625 0.7375 0.2640625 0.74375 0.2671875 0.7375
0 0.4 0.28125 0.3984375 0.2921875 0.403125 0.2984375 0.40625 0.2859375 0.4 0.28125