0 0.4265625 0.8609375 0.425 0.86875 0.4359375 0.875 0.4375 0.8625 0.4265625 0.8609375
0 0.2125 0.5171875 0.20625 0.5375 0.2125 0.5375 0.21875 0.5234375 0.21875 0.5171875 0.2125 0.5171875
0 0.6796875 0.8328125 0.6796875 0.8546875 0.6890625 0.8546875 0.6921875 0.8484375 0.6875 0.8359375 0.6796875 0.8328125
0 0.5015625 0.6125 0.49375 0.6125 0.49375 0.625 0.5 0.634375 0.50625 0.634375 0.5015625 0.6125
0 0.275 0.53125 0.275 0.5421875 0.2796875 0.5421875 0.2859375 0.53125 0.28125 0.525 0.275 0.53125
0 0.8015625 0.86875 0.8 0.871875 0.8078125 0.8765625 0.8 0.8859375 0.8078125 0.8921875 0.8125 0.884375 0.8015625 0.86875
0 0.2109375 0.7875 0.2046875 0.7875 0.209375 0.8015625 0.2109375 0.7875
0 0.4453125 0.5578125 0.4390625 0.5734375 0.4484375 0.5734375 0.4515625 0.565625 0.4453125 0.559375 0.4515625 0.55625 0.4453125 0.5578125
0 0.371875 0.6578125 0.36875 0.675 0.3796875 0.66875 0.3765625 0.65625 0.371875 0.6578125
0 0.6875 0.940625 0.6859375 0.9484375 0.6984375 0.9546875 0.6984375 0.94375 0.6875 0.940625
0 0.4 0.5546875 0.3984375 0.5796875 0.4046875 0.5828125 0.40625 0.55625 0.4 0.5546875
0 0.5203125 0.1546875 0.525 0.159375 0.51875 0.16484375 0.51875 0.1734375 0.5265625 0.178125 0.5296875 0.16875 0.5203125 0.1546875
0 0.5578125 0.81875 0.55625 0.8296875 0.5671875 0.8375 0.56875 0.8234375 0.5625 0.8171875 0.5578125 0.81875
0 0.321875 0.7984375 0.31875 0.81875 0.325 0.821875 0.3265625 0.8015625 0.321875 0.7984375
0 0.6609375 0.7828125 0.65625 0.79375 0.659375 0.8 0.665625 0.8 0.659375 0.790625 0.6609375 0.784375 0.6671875 0.784375 0.6609375 0.7828125