0 0.8015625 0.28125 0.8 0.290625 0.809375 0.3015625 0.8125 0.3 0.8046875 0.29375 0.8125 0.2875 0.8015625 0.28125
0 0.73125 0.0375 0.725 0.04375 0.7296875 0.0546875 0.7375 0.05 0.7375 0.0421875 0.73125 0.0375
0 0.65625 0.2109375 0.65625 0.2515625 0.6671875 0.25625 0.66875 0.2234375 0.6640625 0.2140625 0.65625 0.2109375
0 0.65625 0.2109375 0.65625 0.2296875 0.6625 0.234375 0.6671875 0.2234375 0.6625 0.2125 0.65625 0.2109375
0 0.878125 0.1375 0.875 0.1421875 0.8796875 0.15 0.878125 0.1375
0 0.6125 0.371875 0.60625 0.3765625 0.60625 0.3921875 0.6125 0.3984375 0.6171875 0.3890625 0.6125 0.371875
0 0.4109375 0.1109375 0.4078125 0.125 0.4125 0.1359375 0.4171875 0.13125 0.4171875 0.1125 0.4109375 0.1109375
0 0.5609375 0.69375 0.5578125 0.7015625 0.5625 0.70625 0.5734375 0.70625 0.5734375 0.696875 0.5609375 0.69375
0 0.7625 0.7453125 0.7609375 0.76875 0.76875 0.76875 0.76875 0.7453125 0.7625 0.7453125
0 0.2734375 0.3046875 0.2703125 0.30625 0.275 0.3125 0.2859375 0.3171875 0.2859375 0.3046875 0.275 0.3109375 0.2734375 0.3046875
0 0.7140625 0.246875 0.7140625 0.259375 0.725 0.2609375 0.725 0.25 0.71875 0.24375 0.7140625 0.246875
0 0.6453125 0.5875 0.64375 0.5984375 0.65 0.609375 0.6546875 0.6046875 0.6546875 0.59375 0.6453125 0.5875
0 0.5671875 0.7546875 0.565625 0.765625 0.5734375 0.7734375 0.575 0.7546875 0.5671875 0.7546875
0 0.6046875 0.834375 0.603125 0.84375 0.6109375 0.8484375 0.603125 0.853125 0.609375 0.8546875 0.6125 0.846875 0.6046875 0.8421875 0.6125 0.8328125 0.6046875 0.834375
0 0.625 0.2703125 0.6203125 0.28125 0.634375 0.28125 0.6359375 0.2703125 0.625 0.2703125
0 0.4984375 0.9328125 0.5 0.95625 0.5046875 0.95625 0.50625 0.940625 0.503125 0.9328125 0.4984375 0.9328125
0 0.75625 0.4515625 0.75 0.4578125 0.75 0.46875 0.7546875 0.4734375 0.7609375 0.465625 0.75625 0.4515625