0 0.6 0.9546875 0.59375 0.9609375 0.6015625 0.9625 0.6 0.9546875
0 0.15625 0.8125 0.15 0.8125 0.15 0.8234375 0.1609375 0.8234375 0.15625 0.8125
0 0.8296875 0.5421875 0.821875 0.5421875 0.8234375 0.5625 0.8296875 0.5609375 0.8296875 0.5421875
0 0.7734375 0.7546875 0.7703125 0.7609375 0.775 0.7734375 0.78125 0.7734375 0.7734375 0.7625 0.78125 0.7609375 0.7796875 0.75625 0.7734375 0.7546875
0 0.7078125 0.16875 0.70625 0.178125 0.7109375 0.184375 0.721875 0.18125 0.721875 0.1671875 0.7078125 0.16875
0 0.3125 0.9109375 0.3109375 0.9203125 0.3171875 0.9265625 0.31875 0.9125 0.3125 0.9109375
0 0.13125 0.815625 0.1296875 0.8265625 0.1359375 0.8296875 0.14375 0.8171875 0.1421875 0.8125 0.13125 0.815625
0 0.2625 0.5375 0.259375 0.5515625 0.26875 0.546875 0.26875 0.5359375 0.2625 0.5375
0 0.4296875 0.5234375 0.4265625 0.53125 0.434375 0.540625 0.4375 0.5296875 0.4296875 0.5234375
0 0.4796875 0.8125 0.4796875 0.8265625 0.4921875 0.821875 0.4921875 0.8125 0.4796875 0.8125
0 0.60625 0.5796875 0.60625 0.5921875 0.6125 0.59375 0.6171875 0.575 0.6125 0.5734375 0.60625 0.5796875
0 0.6859375 0.9625 0.6796875 0.9625 0.68125 0.984375 0.6921875 0.9796875 0.6859375 0.9625
0 0.5875 0.278125 0.5859375 0.2859375 0.5984375 0.2859375 0.5984375 0.275 0.5875 0.278125
0 0.5875 0.2203125 0.5859375 0.2328125 0.596875 0.2359375 0.5984375 0.225 0.5875 0.2203125
0 0.78125 0.4375 0.7765625 0.4390625 0.7765625 0.4484375 0.7859375 0.4578125 0.7875 0.446875 0.78125 0.4375
0 0.23125 0.875 0.225 0.89375 0.23125 0.9046875 0.2359375 0.9046875 0.240625 0.8859375 0.23125 0.875
0 0.5046875 0.05 0.5 0.0546875 0.5 0.075 0.5078125 0.0765625 0.5140625 0.06875 0.5140625 0.0546875 0.5046875 0.05