0 0.5109375 0.96875 0.5109375 0.9921875 0.515625 0.99375 0.51875 0.9796875 0.5171875 0.971875 0.5109375 0.96875
0 0.584375 0.7328125 0.5921875 0.74375 0.5828125 0.75 0.5859375 0.75625 0.5921875 0.75625 0.59375 0.7359375 0.584375 0.7328125
0 0.6765625 0.7859375 0.675 0.7984375 0.6875 0.8078125 0.6875 0.790625 0.6765625 0.7859375
0 0.5828125 0.73125 0.5828125 0.7546875 0.5890625 0.76875 0.5984375 0.775 0.6046875 0.7671875 0.5984375 0.7375 0.5890625 0.7296875 0.5828125 0.73125
0 0.8375 0.95625 0.8359375 0.9703125 0.84375 0.975 0.8484375 0.95625 0.84375 0.9515625 0.8375 0.95625
0 0.5578125 0.8359375 0.55625 0.846875 0.5671875 0.8546875 0.5671875 0.8359375 0.5578125 0.8359375
0 0.40625 0.69375 0.4046875 0.7109375 0.4109375 0.7109375 0.415625 0.6984375 0.4109375 0.690625 0.40625 0.69375
0 0.746875 0.9921875 0.7421875 0.9921875 0.7421875 0.9984375 0.75 0.9984375 0.746875 0.9921875
0 0.4703125 0.7015625 0.4671875 0.7109375 0.46875 0.71875 0.4734375 0.71875 0.478125 0.70625 0.4734375 0.6984375 0.4703125 0.7015625
0 0.4046875 0.9609375 0.4 0.9609375 0.4046875 0.975 0.4046875 0.9609375
0 0.63125 0.7296875 0.625 0.7359375 0.6296875 0.7484375 0.6359375 0.7421875 0.6359375 0.73125 0.63125 0.7296875