0 0.371875 0.3078125 0.36875 0.3239578125 0.375 0.3328125 0.36875 0.3338546875 0.36875 0.34375 0.3734375 0.34375 0.3796875 0.321875 0.3796875 0.3125 0.371875 0.3078125
0 0.3265625 0.3453125 0.3234375 0.35625 0.33125 0.359375 0.3375 0.35 0.3265625 0.3453125
0 0.296875 0.8984375 0.29375 0.9171875 0.3 0.91875 0.296875 0.8984375
0 0.34375 0.7796875 0.3375 0.7921875 0.340625 0.8015625 0.3484375 0.796875 0.3546875 0.775 0.35 0.7734375 0.34375 0.7796875
0 0.3015625 0.665625 0.3 0.6859375 0.3171875 0.6921875 0.3234375 0.6859375 0.3234375 0.6734375 0.31875 0.6671875 0.3015625 0.665625
0 0.325 0.1703125 0.3234375 0.184375 0.3390625 0.171875 0.3421875 0.1578125 0.3328125 0.1578125 0.325 0.1703125
0 0.1890625 0.6765625 0.184375 0.6796875 0.1875 0.69375 0.2046875 0.7046875 0.20625 0.6875 0.1984375 0.675 0.1890625 0.6765625
0 0.1203125 0.7171875 0.125 0.7296875 0.1171875 0.7375 0.1171875 0.7484375 0.1265625 0.759375 0.1375 0.759375 0.153125 0.7078125 0.15 0.6921875 0.14375 0.690625 0.1390625 0.6984375 0.1375 0.71875 0.125 0.7140625 0.1203125 0.7171875
0 0.3484375 0.621875 0.34375 0.6359375 0.3546875 0.63125 0.3484375 0.625 0.3546875 0.6234375 0.353125 0.6203125 0.3484375 0.621875
0 0.3546875 0.4265625 0.35 0.4421875 0.36875 0.4296875 0.36875 0.415625 0.3546875 0.4265625
0 0.33125 0.0109375 0.3296875 0.015625 0.3375 0.0203125 0.3296875 0.0296875 0.3328125 0.03125 0.340625 0.0125 0.3375 0.0078125 0.33125 0.0109375
0 0.3765625 0.2546875 0.375 0.2609375 0.3859375 0.25625 0.3828125 0.26875 0.375 0.271875 0.3796875 0.2734375 0.3890625 0.25 0.3875 0.240625 0.3765625 0.2546875