0 0.4421875 0.925 0.4375 0.9296875 0.4390625 0.94375 0.4515625 0.9375 0.45 0.9265625 0.4421875 0.925
0 0.4046875 0.63125 0.4 0.63125 0.403125 0.6453125 0.4078125 0.64375 0.4046875 0.63125
0 0.56875 0.4 0.5671875 0.4109375 0.5734375 0.415625 0.5796875 0.4046875 0.56875 0.4
0 0.6953125 0.309375 0.69375 0.3234375 0.7015625 0.3234375 0.7078125 0.309375 0.6953125 0.309375
0 0.7921875 0.6984375 0.790625 0.7125 0.7921875 0.71875 0.796875 0.71875 0.8 0.7109375 0.7921875 0.7046875 0.8 0.7 0.7921875 0.6984375
0 0.09375 0.8875 0.0921875 0.8984375 0.0984375 0.9015625 0.10625 0.8953125 0.10625 0.8875 0.09375 0.8875
0 0.234375 0.625 0.23125 0.6390625 0.2359375 0.6390625 0.234375 0.628125 0.24375 0.6296875 0.240625 0.6234375 0.234375 0.625
0 0.7375 0.9046875 0.734375 0.9171875 0.7421875 0.925 0.7421875 0.9109375 0.7375 0.9046875
0 0.7546875 0.5875 0.75 0.6 0.759375 0.609375 0.7609375 0.5984375 0.7546875 0.5875
0 0.5765625 0.7078125 0.575 0.7171875 0.58125 0.7234375 0.5859375 0.70625 0.58125 0.7015625 0.5765625 0.7078125
0 0.56875 0.3484375 0.56875 0.3609375 0.58125 0.3625 0.58125 0.3546875 0.56875 0.3484375
0 0.1125 0.8875 0.1109375 0.8953125 0.1234375 0.8984375 0.1234375 0.8921875 0.1171875 0.8859375 0.1125 0.8875