0 0.41015625 0.46875 0.4072265625 0.4696180555555556 0.4072265625 0.4756944444444444 0.412109375 0.4748263888888889 0.412109375 0.4704861111111111 0.41015625 0.46875
0 0.6455078125 0.2708333333333333 0.646484375 0.28125 0.6513671875 0.2795138888888889 0.66015625 0.2664930555555556 0.66015625 0.2578125 0.65771484375 0.2552083333333333 0.65234375 0.2569444444444444 0.6455078125 0.2708333333333333
0 0.388671875 0.8541666666666666 0.38818359375 0.8645833333333334 0.39111328125 0.8715277777777778 0.39599609375 0.8706597222222222 0.39990234375 0.8628472222222222 0.39892578125 0.8506944444444444 0.39501953125 0.8463541666666666 0.39208984375 0.8472222222222222 0.388671875 0.8541666666666666
0 0.271484375 0.5651041666666666 0.2685546875 0.5703125 0.2685546875 0.5737847222222222 0.2744140625 0.5859375 0.279296875 0.5868055555555556 0.2802734375 0.5807291666666666 0.27734375 0.5746527777777778 0.27587890625 0.5659722222222222 0.271484375 0.5651041666666666
0 0.65478515625 0.3368055555555556 0.654296875 0.3498263888888889 0.6611328125 0.3541666666666667 0.66796875 0.3541666666666667 0.669921875 0.3472222222222222 0.6689453125 0.3411458333333333 0.6630859375 0.3368055555555556 0.65478515625 0.3368055555555556
0 0.3330078125 0.3107638888888889 0.33251953125 0.3177083333333333 0.33642578125 0.3229166666666667 0.33935546875 0.3229166666666667 0.3466796875 0.3020833333333333 0.3447265625 0.296875 0.34033203125 0.2960069444444444 0.3330078125 0.3107638888888889
0 0.255859375 0.3993055555555556 0.2548828125 0.4079861111111111 0.2578125 0.4244791666666667 0.2626953125 0.4262152777777778 0.2646484375 0.421875 0.26318359375 0.3993055555555556 0.255859375 0.3993055555555556
0 0.2197265625 0.9166666666666666 0.216796875 0.9157986111111112 0.216796875 0.9262152777777778 0.2197265625 0.9262152777777778 0.2197265625 0.9166666666666666
0 0.4609375 0.8289930555555556 0.45947265625 0.8324652777777778 0.45947265625 0.8411458333333334 0.46240234375 0.8463541666666666 0.46728515625 0.8498263888888888 0.47265625 0.8454861111111112 0.474609375 0.8333333333333334 0.4716796875 0.8263888888888888 0.466796875 0.8229166666666666 0.4609375 0.8289930555555556
0 0.45849609375 0.2751736111111111 0.4580078125 0.2899305555555556 0.46240234375 0.2916666666666667 0.466796875 0.2829861111111111 0.46630859375 0.2743055555555556 0.46435546875 0.2708333333333333 0.46142578125 0.2708333333333333 0.45849609375 0.2751736111111111
0 0.52197265625 0.7699652777777778 0.52197265625 0.7864583333333334 0.53173828125 0.7916666666666666 0.53466796875 0.7907986111111112 0.53759765625 0.7751736111111112 0.53564453125 0.7708333333333334 0.52685546875 0.765625 0.52392578125 0.765625 0.52197265625 0.7699652777777778