0 0.0609375 0.540625 0.0546875 0.540625 0.0546875 0.55 0.0609375 0.5484375 0.0609375 0.540625
0 0.4484375 0.81875 0.44375 0.8296875 0.446875 0.8375 0.4625 0.821875 0.4625 0.8109375 0.4484375 0.81875
0 0.45625 0.7484375 0.4546875 0.759375 0.4671875 0.7609375 0.4671875 0.7546875 0.45625 0.7484375
0 0.60625 0.8671875 0.6046875 0.8859375 0.609375 0.8890625 0.6125 0.8703125 0.60625 0.8671875
0 0.053125 0.509375 0.05 0.5234375 0.0578125 0.51875 0.053125 0.509375
0 0.45625 0.74375 0.45625 0.76875 0.4703125 0.7859375 0.475 0.76875 0.46875 0.74375 0.45625 0.74375
0 0.465625 0.9171875 0.4625 0.9328125 0.4703125 0.94375 0.4734375 0.9171875 0.465625 0.9171875
0 0.4484375 0.81875 0.44375 0.8359375 0.45625 0.83125 0.45625 0.81875 0.4484375 0.81875
0 0.48125 0.4375 0.4734375 0.4421875 0.475 0.4515625 0.4890625 0.4484375 0.48125 0.4375
0 0.5984375 0.6765625 0.59375 0.6859375 0.6046875 0.69375 0.609375 0.6875 0.5984375 0.6765625
0 0.0578125 0.5609375 0.0546875 0.56875 0.0625 0.5734375 0.065625 0.5671875 0.0578125 0.5609375
0 0.46875 0.54375 0.465625 0.55 0.4734375 0.553125 0.465625 0.5625 0.475 0.5515625 0.4734375 0.54375 0.46875 0.54375
0 0.0609375 0.4796875 0.0546875 0.4796875 0.0546875 0.49375 0.0625 0.49375 0.0609375 0.4796875
0 0.5140625 0.728125 0.5125 0.7375 0.51875 0.7421875 0.5234375 0.7296875 0.51875 0.725 0.5140625 0.728125