0 0.7078125 0.075 0.7109375 0.0828125 0.70625 0.0859375 0.7109375 0.0875 0.7078125 0.075
0 0.5125 0.5296875 0.5109375 0.5484375 0.5125 0.5296875
0 0.65 0.21875 0.64375 0.21875 0.6484375 0.2375 0.6546875 0.2359375 0.65 0.21875
0 0.44375 0.69375 0.4421875 0.7109375 0.4484375 0.7171875 0.4515625 0.696875 0.4484375 0.6921875 0.44375 0.69375
0 0.503125 0.175 0.5 0.1859375 0.5078125 0.19375 0.5109375 0.178125 0.503125 0.175
0 0.1484375 0.13125 0.14375 0.15 0.15 0.15625 0.1609375 0.15625 0.1609375 0.1375 0.1546875 0.1296875 0.1484375 0.13125
0 0.46875 0.33125 0.4671875 0.3515625 0.475 0.3546875 0.4734375 0.33125 0.46875 0.33125
0 0.6515625 0.91875 0.6484375 0.9359375 0.6546875 0.9375 0.659375 0.921875 0.65625 0.9171875 0.6515625 0.91875
0 0.565625 0.003125 0.5625 0.0140625 0.5703125 0.0140625 0.5734375 0.00625 0.565625 0.003125
0 0.5609375 0.1984375 0.5578125 0.20625 0.5671875 0.2109375 0.56875 0.2 0.5609375 0.1984375
0 0.4359375 0.640625 0.434375 0.6484375 0.4390625 0.6546875 0.446875 0.64375 0.4421875 0.6390625 0.4359375 0.640625
0 0.475 0.2359375 0.475 0.246875 0.4875 0.24375 0.4859375 0.23125 0.475 0.2359375
0 0.6203125 0.665625 0.61875 0.6796875 0.625 0.6828125 0.6296875 0.6625 0.6203125 0.665625
0 0.4796875 0.765625 0.478125 0.7734375 0.484375 0.7765625 0.4796875 0.7875 0.4875 0.7640625 0.4796875 0.765625
0 0.2125 0.0171875 0.2171875 0.0234375 0.2109375 0.0328125 0.2125 0.0375 0.21875 0.0375 0.21875 0.025 0.2125 0.0171875
0 0.603125 0.3890625 0.6 0.4046875 0.6046875 0.40625 0.609375 0.4 0.603125 0.39375 0.609375 0.3890625 0.603125 0.3890625
0 0.384375 0.875 0.38125 0.884375 0.3859375 0.8953125 0.390625 0.8953125 0.3921875 0.8859375 0.384375 0.875