0 0.4546875 0.4734375 0.4484375 0.4734375 0.45 0.4859375 0.45625 0.4859375 0.4546875 0.4734375
0 0.2609375 0.6046875 0.259375 0.61875 0.2640625 0.6234375 0.26875 0.6171875 0.26875 0.6 0.2609375 0.6046875
0 0.33125 0.00625 0.321875 0.00625 0.3234375 0.01875 0.33125 0.01875 0.33125 0.00625
0 0.01875 0.6796875 0.0125 0.6796875 0.0125 0.6984375 0.01875 0.696875 0.01875 0.6796875
0 0.1203125 0.0796875 0.1125 0.0875 0.1171875 0.096875 0.1265625 0.0859375 0.125 0.0796875 0.1203125 0.0796875
0 0.1375 0.1109375 0.1359375 0.1296875 0.1421875 0.13125 0.14375 0.1171875 0.1375 0.1109375
0 0.26875 0.2921875 0.2609375 0.2921875 0.2609375 0.3125 0.26875 0.3109375 0.26875 0.2921875
0 0.1203125 0.475 0.1171875 0.4875 0.128125 0.4890625 0.1296875 0.478125 0.1203125 0.475
0 0.4859375 0.6515625 0.4796875 0.6515625 0.4796875 0.6671875 0.484375 0.671875 0.4859375 0.6515625
0 0.434375 0.2234375 0.43125 0.23125 0.4421875 0.2359375 0.4421875 0.2234375 0.434375 0.2234375
0 0.4734375 0.8890625 0.46875 0.9015625 0.478125 0.9046875 0.4796875 0.89375 0.4734375 0.8890625
0 0.3921875 0.0203125 0.3875 0.034375 0.3953125 0.040625 0.3984375 0.028125 0.3921875 0.0203125
0 0.184375 0.86875 0.18125 0.88125 0.1875 0.884375 0.1921875 0.88125 0.1921875 0.8703125 0.184375 0.86875