0 0.34375 0.978125 0.3421875 0.990625 0.353125 0.9921875 0.353125 0.98125 0.34375 0.978125
0 0.2640625 0.4578125 0.2625 0.471875 0.26875 0.4796875 0.2734375 0.4625 0.2703125 0.45625 0.2640625 0.4578125
0 0.3140625 0.28125 0.3125 0.29375 0.3171875 0.3 0.3234375 0.28125 0.3140625 0.28125
0 0.24375 0.3375 0.240625 0.346875 0.246875 0.3515625 0.2421875 0.3609375 0.246875 0.359375 0.2484375 0.35 0.2421875 0.3453125 0.2484375 0.340625 0.24375 0.3375
0 0.4265625 0.821875 0.4234375 0.840625 0.425 0.846875 0.4296875 0.846875 0.434375 0.8265625 0.4265625 0.821875
0 0.3171875 0.8046875 0.3125 0.8046875 0.3125 0.81875 0.3171875 0.8234375 0.3234375 0.8171875 0.3171875 0.8046875
0 0.33125 0.3453125 0.33125 0.36875 0.3375 0.36875 0.3375 0.3484375 0.33125 0.3453125
0 0.3359375 0.06875 0.3328125 0.0796875 0.34375 0.0734375 0.3421875 0.06875 0.3359375 0.06875
0 0.2859375 0.659375 0.2828125 0.6671875 0.2890625 0.675 0.296875 0.6671875 0.2984375 0.65625 0.2859375 0.659375
0 0.278125 0.2953125 0.275 0.309375 0.28125 0.3125 0.28125 0.29375 0.278125 0.2953125
0 0.375 0.5109375 0.36875 0.5140625 0.36875 0.53125 0.375 0.53125 0.375 0.5109375
0 0.3875 0.6328125 0.3859375 0.6484375 0.3953125 0.6484375 0.39375 0.63125 0.3875 0.6328125
0 0.3453125 0.028125 0.3375 0.028125 0.3421875 0.0421875 0.3453125 0.028125