0 0.7546875 0.21875 0.7484375 0.21875 0.7484375 0.2234375 0.7546875 0.2359375 0.7609375 0.2359375 0.7546875 0.21875
0 0.4375 0.6328125 0.4359375 0.6515625 0.4421875 0.6484375 0.44375 0.6390625 0.4421875 0.63125 0.4375 0.6328125
0 0.6859375 0.25 0.6859375 0.2609375 0.6953125 0.2609375 0.69375 0.25 0.6859375 0.25
0 0.5625 0.3265625 0.5578125 0.3546875 0.56875 0.36875 0.5796875 0.3453125 0.5796875 0.33125 0.5734375 0.31875 0.5625 0.3265625
0 0.671875 0.534375 0.66875 0.5484375 0.6765625 0.5546875 0.6765625 0.5375 0.671875 0.534375
0 0.784375 0.4875 0.78125 0.503125 0.7875 0.4984375 0.784375 0.4875
0 0.48125 0.8890625 0.475 0.8984375 0.4796875 0.9125 0.4890625 0.9 0.4859375 0.8875 0.48125 0.8890625
0 0.2 0.771875 0.1984375 0.7921875 0.2046875 0.7921875 0.20625 0.7859375 0.2 0.7796875 0.20625 0.775 0.2 0.771875
0 0.3359375 0.634375 0.33125 0.634375 0.33125 0.646875 0.3421875 0.6515625 0.34375 0.64375 0.3359375 0.634375
0 0.4796875 0.4109375 0.475 0.421875 0.4859375 0.4265625 0.475 0.434375 0.4796875 0.4375 0.4875 0.425 0.4859375 0.4125 0.4796875 0.4109375
0 0.3171875 0.69375 0.3140625 0.7078125 0.321875 0.7171875 0.3265625 0.696875 0.3234375 0.6921875 0.3171875 0.69375
0 0.6078125 0.4109375 0.6046875 0.425 0.6125 0.43125 0.6140625 0.415625 0.6078125 0.4109375
0 0.56875 0.6296875 0.5671875 0.6421875 0.575 0.64375 0.5765625 0.63125 0.56875 0.6296875
0 0.5234375 0.340625 0.5203125 0.3484375 0.534375 0.35625 0.534375 0.34375 0.5234375 0.340625
0 0.56875 0.3234375 0.575 0.3296875 0.5671875 0.3375 0.5734375 0.3484375 0.5765625 0.33125 0.575 0.3234375 0.56875 0.3234375
0 0.3234375 0.7984375 0.3140625 0.80625 0.3171875 0.8171875 0.33125 0.80625 0.33125 0.8 0.3234375 0.7984375
0 0.3453125 0.68125 0.34375 0.684375 0.35625 0.6796875 0.3546875 0.6953125 0.34375 0.6984375 0.353125 0.7 0.359375 0.6828125 0.3546875 0.675 0.3453125 0.68125