0 0.78125 0.4625 0.7796875 0.46875 0.7875 0.465625 0.7859375 0.475 0.7921875 0.4734375 0.7875 0.4625 0.78125 0.4625
0 0.66875 0.471875 0.6671875 0.4828125 0.6734375 0.484375 0.6796875 0.478125 0.6796875 0.4703125 0.66875 0.471875
0 0.05625 0.4484375 0.05625 0.4609375 0.0625 0.4609375 0.0671875 0.45625 0.0671875 0.44375 0.0625 0.4421875 0.05625 0.4484375
0 0.5875 0.8984375 0.5828125 0.8984375 0.5828125 0.90625 0.5875 0.9046875 0.5875 0.8984375
0 0.7375 0.775 0.7359375 0.7890625 0.7421875 0.79375 0.7421875 0.7765625 0.7375 0.775
0 0.034375 0.33125 0.03125 0.3375 0.0375 0.35 0.046875 0.3484375 0.0421875 0.3296875 0.034375 0.33125
0 0.51875 0.7375 0.51875 0.7578125 0.5234375 0.759375 0.5234375 0.7390625 0.51875 0.7375
0 0.1046875 0.6390625 0.1 0.6421875 0.1 0.6578125 0.109375 0.6609375 0.1109375 0.6484375 0.1046875 0.6390625
0 0.2828125 0.5375 0.28125 0.55 0.2859375 0.5546875 0.2921875 0.54375 0.2828125 0.5375
0 0.525 0.5265625 0.5234375 0.5421875 0.5296875 0.5421875 0.534375 0.5296875 0.53125 0.525 0.525 0.5265625
0 0.2984375 0.7421875 0.2921875 0.7421875 0.29375 0.759375 0.3 0.75625 0.2984375 0.7421875
0 0.8125 0.8421875 0.8140625 0.8640625 0.81875 0.8609375 0.81875 0.8421875 0.8125 0.8421875
0 0.1375 0.5859375 0.1359375 0.5953125 0.1421875 0.6 0.1484375 0.5890625 0.1421875 0.5828125 0.1375 0.5859375
0 0.4265625 0.5765625 0.425 0.59375 0.43125 0.596875 0.434375 0.5875 0.4265625 0.5765625
0 0.3484375 0.80625 0.3421875 0.8125 0.34375 0.8234375 0.353125 0.815625 0.3484375 0.80625
0 0.6 0.94375 0.6 0.9671875 0.6046875 0.9671875 0.6046875 0.946875 0.6 0.94375
0 0.78125 0.6390625 0.7734375 0.6390625 0.7734375 0.65 0.78125 0.6484375 0.78125 0.6390625