0 0.86474609375 0.0954861111111111 0.865234375 0.10416666666666667 0.87646484375 0.1076388888888889 0.88134765625 0.10069444444444445 0.88232421875 0.09288194444444445 0.86767578125 0.0876736111111111 0.86474609375 0.0954861111111111
0 0.67138671875 0.03819444444444445 0.67138671875 0.050347222222222224 0.67626953125 0.051215277777777776 0.6826171875 0.03732638888888889 0.68212890625 0.029513888888888888 0.6748046875 0.029513888888888888 0.67138671875 0.03819444444444445
0 0.8583984375 0.020833333333333332 0.85400390625 0.028645833333333332 0.85546875 0.03732638888888889 0.85986328125 0.03732638888888889 0.86962890625 0.026041666666666668 0.87109375 0.013888888888888888 0.86865234375 0.011284722222222222 0.8583984375 0.020833333333333332
0 0.4912109375 0.3272569444444444 0.48974609375 0.3359375 0.49658203125 0.3454861111111111 0.50048828125 0.3446180555555556 0.498046875 0.3246527777777778 0.49462890625 0.3229166666666667 0.4912109375 0.3272569444444444
0 0.4755859375 0.16319444444444445 0.4755859375 0.18489583333333334 0.4765625 0.1892361111111111 0.48095703125 0.1909722222222222 0.48388671875 0.18836805555555555 0.484375 0.18489583333333334 0.4833984375 0.17274305555555555 0.48046875 0.1597222222222222 0.4755859375 0.16319444444444445
0 0.61181640625 0.5946180555555556 0.61181640625 0.609375 0.61474609375 0.6137152777777778 0.61962890625 0.6128472222222222 0.62255859375 0.6059027777777778 0.62255859375 0.5989583333333334 0.6201171875 0.5920138888888888 0.6142578125 0.5911458333333334 0.61181640625 0.5946180555555556
0 0.68212890625 0.5729166666666666 0.68115234375 0.5815972222222222 0.68603515625 0.5902777777777778 0.69140625 0.5902777777777778 0.69677734375 0.5824652777777778 0.697265625 0.5737847222222222 0.693359375 0.5659722222222222 0.68603515625 0.5659722222222222 0.68212890625 0.5729166666666666
0 0.771484375 0.7751736111111112 0.77099609375 0.78125 0.77490234375 0.7881944444444444 0.779296875 0.7907986111111112 0.78515625 0.7847222222222222 0.78515625 0.7734375 0.77978515625 0.7664930555555556 0.77392578125 0.7699652777777778 0.771484375 0.7751736111111112
0 0.71728515625 0.8203125 0.71728515625 0.8315972222222222 0.72021484375 0.8368055555555556 0.724609375 0.8376736111111112 0.72802734375 0.8350694444444444 0.72900390625 0.8272569444444444 0.72509765625 0.8185763888888888 0.7197265625 0.8177083333333334 0.71728515625 0.8203125
0 0.5498046875 0.07378472222222222 0.54931640625 0.0842013888888889 0.55322265625 0.08940972222222222 0.56005859375 0.07725694444444445 0.56298828125 0.0642361111111111 0.560546875 0.059027777777777776 0.55712890625 0.059895833333333336 0.5498046875 0.07378472222222222
0 0.4443359375 0.6623263888888888 0.443359375 0.6710069444444444 0.4462890625 0.6727430555555556 0.44775390625 0.6684027777777778 0.447265625 0.6631944444444444 0.4443359375 0.6623263888888888
0 0.7421875 0.5147569444444444 0.74169921875 0.5277777777777778 0.74365234375 0.53125 0.7509765625 0.5338541666666666 0.75634765625 0.53125 0.7568359375 0.5147569444444444 0.7451171875 0.5095486111111112 0.74267578125 0.5104166666666666 0.7421875 0.5147569444444444