0 0.8375 0.0625 0.83125 0.06875 0.8328125 0.0796875 0.84375 0.0796875 0.853125 0.0734375 0.8546875 0.0625 0.8375 0.0625
0 0.0984375 0.08125 0.09375 0.084375 0.09375 0.0984375 0.1 0.1015625 0.1015625 0.1109375 0.1109375 0.1125 0.10625 0.0875 0.0984375 0.08125
0 0.375 0.2046875 0.375 0.215625 0.3625 0.2234375 0.3671875 0.234375 0.3796875 0.23125 0.3796875 0.20625 0.375 0.2046875
0 0.03125 0.3234375 0.03125 0.3328125 0.05 0.340625 0.046875 0.325 0.03125 0.3234375
0 0.1125 0.36875 0.1109375 0.38125 0.1171875 0.3921875 0.1296875 0.39375 0.1203125 0.36875 0.1125 0.36875
0 0.2234375 0.0359375 0.21875 0.0359375 0.21875 0.04453125 0.225 0.0484375 0.21875 0.053125 0.21875 0.06875 0.2296875 0.0703125 0.2234375 0.0359375
0 0.3640625 0.2234375 0.3625 0.2296875 0.36875 0.234375 0.3796875 0.2296875 0.375 0.21875 0.3640625 0.2234375
0 0.1953125 0.24375 0.19375 0.26875 0.2 0.2703125 0.2046875 0.259375 0.2 0.24375 0.1953125 0.24375
0 0.1765625 0.33125 0.1734375 0.3390625 0.1875 0.3609375 0.1859375 0.3328125 0.1765625 0.33125
0 0.6421875 0.16875 0.6375 0.1734375 0.6390625 0.184375 0.6515625 0.2046875 0.6609375 0.2046875 0.6546875 0.184375 0.6421875 0.16875
0 0.2703125 0.3546875 0.2734375 0.3609375 0.26875 0.3703125 0.278125 0.3875 0.2703125 0.3546875
0 0.5203125 0.215625 0.5234375 0.2390625 0.5359375 0.2484375 0.5375 0.2375 0.525 0.215625 0.5203125 0.215625
0 0.54375 0.0140625 0.5421875 0.0203125 0.5515625 0.025 0.5421875 0.03125 0.54375 0.046875 0.5484375 0.046875 0.5546875 0.028125 0.5484375 0.009375 0.5515625 0.0078125 0.54375 0.0140625
0 0.2171875 0.2015625 0.2125 0.215625 0.215625 0.24375 0.2203125 0.2265625 0.2171875 0.2015625
0 0.7234375 0.1734375 0.7234375 0.1890625 0.71875 0.19375 0.721875 0.1984375 0.734375 0.1921875 0.7421875 0.16875 0.7234375 0.1734375