0 0.475 0.3453125 0.475 0.3609375 0.48125 0.3640625 0.484375 0.353125 0.4796875 0.34375 0.475 0.3453125
0 0.2875 0.0578125 0.2828125 0.0671875 0.29375 0.0765625 0.2875 0.0578125
0 0.26953125 0.3296875 0.0015625 0.00625
0 0.36875 0.7609375 0.3671875 0.771875 0.375 0.7734375 0.3765625 0.7625 0.36875 0.7609375
0 0.284375 0.5109375 0.2796875 0.5109375 0.28125 0.51875 0.2859375 0.5171875 0.284375 0.5109375
0 0.5359375 0.59375 0.53125 0.59375 0.5375 0.6 0.53125 0.60234375 0.53125 0.6109375 0.5390625 0.6125 0.5421875 0.6046875 0.5359375 0.59375
0 0.2546875 0.5421875 0.25 0.546875 0.25 0.5578125 0.2609375 0.5515625 0.2609375 0.5421875 0.2546875 0.5421875
0 0.5546875 0.7953125 0.5515625 0.8109375 0.559375 0.8125 0.5625 0.8 0.5546875 0.7953125
0 0.4515625 0.8046875 0.45 0.8140625 0.45625 0.821875 0.4625 0.8078125 0.4515625 0.8046875
0 0.4265625 0.1734375 0.425 0.1875 0.4296875 0.1875 0.4375 0.18125 0.4375 0.1734375 0.4359375 0.16875 0.4265625 0.1734375
0 0.353125 0.371875 0.35 0.3796875 0.3546875 0.3859375 0.3625 0.3765625 0.3625 0.36875 0.353125 0.371875