0 0.33349609375 0.2873263888888889 0.33349609375 0.2916666666666667 0.34814453125 0.2916666666666667 0.34765625 0.2873263888888889 0.3427734375 0.2847222222222222 0.33642578125 0.2847222222222222 0.33349609375 0.2873263888888889
0 0.17822265625 0.1970486111111111 0.17724609375 0.21614583333333334 0.18212890625 0.21875 0.1884765625 0.1987847222222222 0.1884765625 0.19444444444444445 0.18603515625 0.1892361111111111 0.18212890625 0.18836805555555555 0.17822265625 0.1970486111111111
0 0.12939453125 0.7022569444444444 0.12890625 0.7135416666666666 0.1318359375 0.71875 0.1376953125 0.71875 0.14208984375 0.7144097222222222 0.14208984375 0.6987847222222222 0.1328125 0.6979166666666666 0.12939453125 0.7022569444444444
0 0.06689453125 0.2986111111111111 0.06689453125 0.3038194444444444 0.07177734375 0.3003472222222222 0.07275390625 0.2960069444444444 0.0703125 0.2951388888888889 0.06689453125 0.2986111111111111
0 0.28125 0.3993055555555556 0.27685546875 0.3993055555555556 0.27783203125 0.4079861111111111 0.2822265625 0.4071180555555556 0.28125 0.3993055555555556
0 0.1943359375 0.7604166666666666 0.1943359375 0.7743055555555556 0.1962890625 0.7777777777777778 0.20263671875 0.7795138888888888 0.20751953125 0.7734375 0.20751953125 0.7604166666666666 0.20263671875 0.7534722222222222 0.19921875 0.7534722222222222 0.1943359375 0.7604166666666666
0 0.22900390625 0.6944444444444444 0.228515625 0.7161458333333334 0.2314453125 0.7196180555555556 0.236328125 0.7196180555555556 0.23779296875 0.7144097222222222 0.23681640625 0.6909722222222222 0.2314453125 0.6909722222222222 0.22900390625 0.6944444444444444
0 0.134765625 0.3411458333333333 0.1357421875 0.359375 0.1376953125 0.3628472222222222 0.14208984375 0.3628472222222222 0.142578125 0.3411458333333333 0.134765625 0.3411458333333333
0 0.271484375 0.1953125 0.271484375 0.20572916666666666 0.2744140625 0.2109375 0.28759765625 0.1996527777777778 0.28759765625 0.19444444444444445 0.28515625 0.19010416666666666 0.271484375 0.1953125
0 0.52392578125 0.5512152777777778 0.521484375 0.5555555555555556 0.52197265625 0.5625 0.52978515625 0.5763888888888888 0.5341796875 0.5763888888888888 0.53515625 0.5677083333333334 0.52978515625 0.5520833333333334 0.52392578125 0.5512152777777778
0 0.265625 0.7760416666666666 0.26220703125 0.7855902777777778 0.2705078125 0.8012152777777778 0.2744140625 0.8003472222222222 0.27978515625 0.7916666666666666 0.27685546875 0.7786458333333334 0.27197265625 0.7699652777777778 0.265625 0.7760416666666666
0 0.3818359375 0.296875 0.38232421875 0.3090277777777778 0.39013671875 0.3098958333333333 0.392578125 0.3038194444444444 0.39208984375 0.296875 0.3896484375 0.2925347222222222 0.384765625 0.2916666666666667 0.3818359375 0.296875
0 0.53857421875 0.4861111111111111 0.5380859375 0.4939236111111111 0.54052734375 0.4973958333333333 0.55078125 0.4965277777777778 0.55322265625 0.4921875 0.5517578125 0.484375 0.53857421875 0.4861111111111111