0 0.2875 0.603125 0.2859375 0.60625 0.2953125 0.6046875 0.2859375 0.61875 0.290625 0.6171875 0.296875 0.6 0.2875 0.603125
0 0.484375 0.6375 0.4796875 0.6390625 0.4796875 0.6625 0.4859375 0.6671875 0.4890625 0.6484375 0.484375 0.6375
0 0.3015625 0.6625 0.2984375 0.6671875 0.3046875 0.671875 0.3015625 0.6625
0 0.3046875 0.6625 0.2984375 0.6625 0.3 0.675 0.309375 0.6796875 0.3046875 0.6625
0 0.7703125 0.928125 0.76875 0.9453125 0.778125 0.95625 0.7796875 0.9296875 0.7703125 0.928125
0 0.6515625 0.2203125 0.6484375 0.24375 0.659375 0.2296875 0.659375 0.2234375 0.6515625 0.2203125
0 0.35625 0.609375 0.3546875 0.6234375 0.3625 0.625 0.3640625 0.6125 0.35625 0.609375
0 0.8984375 0.9671875 0.8953125 0.9796875 0.8984375 0.9875 0.9046875 0.9890625 0.90625 0.971875 0.9015625 0.9640625 0.8984375 0.9671875
0 0.2859375 0.88125 0.2828125 0.8890625 0.2875 0.8984375 0.290625 0.8953125 0.2859375 0.8921875 0.290625 0.8890625 0.2859375 0.88125
0 0.5296875 0.6375 0.5234375 0.64375 0.5234375 0.659375 0.5359375 0.6484375 0.5359375 0.6390625 0.5296875 0.6375
0 0.4515625 0.75 0.45 0.7609375 0.45625 0.7640625 0.4609375 0.7546875 0.4578125 0.7484375 0.4515625 0.75
0 0.58125 0.696875 0.5765625 0.7078125 0.5859375 0.721875 0.5921875 0.7078125 0.58125 0.696875
0 0.6109375 0.2375 0.60625 0.2484375 0.6171875 0.25 0.6171875 0.2359375 0.6109375 0.2375
0 0.4796875 0.6390625 0.478125 0.6625 0.49375 0.6828125 0.4984375 0.6796875 0.4984375 0.659375 0.4859375 0.6375 0.4796875 0.6390625
0 0.5125 0.9515625 0.5109375 0.96875 0.51875 0.9734375 0.5234375 0.9609375 0.5125 0.9515625
0 0.6484375 0.9109375 0.6453125 0.9234375 0.65625 0.9359375 0.659375 0.9328125 0.65 0.928125 0.659375 0.921875 0.6484375 0.9109375
0 0.403125 0.8921875 0.4 0.9125 0.4046875 0.9171875 0.403125 0.8921875
0 0.7546875 0.8734375 0.75 0.878125 0.75 0.89375 0.75625 0.89375 0.759375 0.884375 0.7546875 0.8734375