0 0.525 0.40625 0.5265625 0.415625 0.5375 0.4109375 0.5375 0.403125 0.525 0.40625
0 0.553125 0.1015625 0.5546875 0.115625 0.5640625 0.1171875 0.565625 0.1046875 0.5609375 0.1 0.553125 0.1015625
0 0.5421875 0.2984375 0.5421875 0.3109375 0.5484375 0.3125 0.55 0.2984375 0.5421875 0.2984375
0 0.95625 0.3703125 0.95 0.3859375 0.95625 0.39375 0.9671875 0.39375 0.9671875 0.3796875 0.95625 0.3703125
0 0.9515625 0.36875 0.95 0.3890625 0.95625 0.3953125 0.95625 0.40625 0.9609375 0.40625 0.96875 0.3859375 0.9609375 0.36875 0.9515625 0.36875
0 0.7640625 0.0359375 0.7625 0.0421875 0.771875 0.05 0.7734375 0.034375 0.7671875 0.03125 0.7640625 0.0359375
0 0.5 0.1125 0.4984375 0.125 0.5078125 0.1265625 0.509375 0.115625 0.5 0.1125
0 0.9625 0.3953125 0.95625 0.3953125 0.95625 0.40625 0.9609375 0.40625 0.9625 0.3953125
0 0.4171875 0.1546875 0.4171875 0.1671875 0.425 0.16875 0.425 0.15625 0.4171875 0.1546875
0 0.95625 0.34375 0.9484375 0.34375 0.95 0.3546875 0.95625 0.3546875 0.95625 0.34375
0 0.5765625 0.0375 0.56875 0.0375 0.56875 0.0546875 0.5796875 0.0421875 0.5765625 0.0375
0 0.5484375 0.08125 0.55 0.1109375 0.5546875 0.1171875 0.5640625 0.1171875 0.5671875 0.09375 0.5578125 0.08125 0.5484375 0.08125
0 0.9546875 0.3671875 0.9515625 0.375 0.9609375 0.375 0.9609375 0.36875 0.9546875 0.3671875