0 0.05625 0.39375 0.0546875 0.40625 0.0375 0.4375 0.0375 0.4625 0.0421875 0.4671875 0.0375 0.525 0.046875 0.53125 0.0546875 0.53125 0.0625 0.503125 0.075 0.5171875 0.0984375 0.509375 0.078125 0.4796875 0.09375 0.4609375 0.0984375 0.403125 0.0859375 0.40625 0.0734375 0.3953125 0.05625 0.39375
0 0.7296875 0.8046875 0.7296875 0.85 0.7359375 0.85 0.7375 0.80625 0.7296875 0.8046875
0 0.5671875 0.5984375 0.5625 0.6 0.565625 0.6109375 0.5828125 0.6109375 0.58125 0.5984375 0.5671875 0.5984375
0 0.0734375 0.478125 0.06875 0.478125 0.06875 0.5140625 0.0796875 0.51875 0.0984375 0.5109375 0.0734375 0.478125
0 0.0421875 0.475 0.0375 0.4859375 0.0375 0.525 0.0515625 0.534375 0.0609375 0.5109375 0.0609375 0.4890625 0.05625 0.4796875 0.0421875 0.475
0 0.06875 0.45625 0.0625 0.4703125 0.0765625 0.4796875 0.09375 0.4609375 0.09375 0.4375 0.0859375 0.4359375 0.06875 0.45625
0 0.8890625 0.9125 0.88125 0.9125 0.88125 0.921875 0.89375 0.9375 0.9 0.9375 0.9 0.925 0.8890625 0.9125
0 0.353125 0.90625 0.35 0.9171875 0.3546875 0.925 0.3671875 0.925 0.3609375 0.9078125 0.353125 0.90625
0 0.8125 0.7125 0.8109375 0.728125 0.8171875 0.7296875 0.8265625 0.7109375 0.8203125 0.7046875 0.8265625 0.7015625 0.8234375 0.7 0.8125 0.7125
0 0.4390625 0.2796875 0.4421875 0.29375 0.45625 0.309375 0.45625 0.2921875 0.4390625 0.2796875
0 0.1375 0.540625 0.1359375 0.58125 0.15 0.5890625 0.15625 0.5828125 0.1578125 0.5421875 0.15 0.5375 0.1375 0.540625
0 0.7109375 0.9859375 0.7078125 0.9984375 0.71875 0.9984375 0.71875 0.9921875 0.7109375 0.9921875 0.7109375 0.9859375
0 0.41875 0.4484375 0.4171875 0.45625 0.4234375 0.4609375 0.4421875 0.4625 0.4421875 0.4515625 0.41875 0.4484375
0 0.6671875 0.5890625 0.6515625 0.6046875 0.65625 0.6171875 0.671875 0.6 0.671875 0.5890625 0.6671875 0.5890625
0 0.30625 0.2234375 0.3046875 0.25 0.3109375 0.2515625 0.3125 0.2265625 0.30625 0.2234375
0 0.5890625 0.871875 0.5859375 0.884375 0.5921875 0.89375 0.609375 0.878125 0.609375 0.86875 0.596875 0.8671875 0.5890625 0.871875
0 0.0546875 0.396875 0.0546875 0.40625 0.0375 0.4375 0.0375 0.4625 0.04375 0.4734375 0.0546875 0.478125 0.0671875 0.4625 0.06875 0.4734375 0.0796875 0.475 0.0796875 0.4671875 0.084375 0.46875 0.0859375 0.4625 0.078125 0.4640625 0.0734375 0.459375 0.075 0.45 0.0921875 0.4375 0.096875 0.4109375 0.0734375 0.3953125 0.0578125 0.3921875 0.0546875 0.396875
0 0.70625 0.6828125 0.7078125 0.6921875 0.71875 0.6921875 0.7296875 0.6765625 0.7296875 0.6671875 0.725 0.665625 0.70625 0.6828125