0 0.4140625 0.3177083333333333 0.4130859375 0.3246527777777778 0.41552734375 0.3263888888888889 0.41796875 0.3229166666666667 0.41796875 0.3177083333333333 0.4140625 0.3177083333333333
0 0.671875 0.7786458333333334 0.671875 0.7907986111111112 0.67724609375 0.7951388888888888 0.6796875 0.7951388888888888 0.6826171875 0.7907986111111112 0.68359375 0.7821180555555556 0.68115234375 0.7751736111111112 0.673828125 0.7743055555555556 0.671875 0.7786458333333334
0 0.80224609375 0.953125 0.80224609375 0.9661458333333334 0.80615234375 0.9704861111111112 0.810546875 0.9696180555555556 0.8125 0.9626736111111112 0.810546875 0.953125 0.80224609375 0.953125
0 0.3564453125 0.2690972222222222 0.35595703125 0.2786458333333333 0.359375 0.28125 0.36083984375 0.2786458333333333 0.36083984375 0.2708333333333333 0.359375 0.2682291666666667 0.3564453125 0.2690972222222222
0 0.404296875 0.0954861111111111 0.40234375 0.09722222222222222 0.40234375 0.1111111111111111 0.40478515625 0.1189236111111111 0.408203125 0.12065972222222222 0.41015625 0.11805555555555555 0.4111328125 0.109375 0.41015625 0.09895833333333333 0.4072265625 0.09461805555555555 0.404296875 0.0954861111111111
0 0.31982421875 0.5260416666666666 0.3193359375 0.5364583333333334 0.32568359375 0.5416666666666666 0.33056640625 0.5407986111111112 0.3310546875 0.5347222222222222 0.326171875 0.5251736111111112 0.3212890625 0.5234375 0.31982421875 0.5260416666666666
0 0.30322265625 0.23524305555555555 0.302734375 0.2552083333333333 0.31005859375 0.2578125 0.31103515625 0.22916666666666666 0.30615234375 0.2265625 0.30322265625 0.23524305555555555
0 0.259765625 0.3897569444444444 0.2578125 0.3958333333333333 0.25927734375 0.4036458333333333 0.26611328125 0.4157986111111111 0.27099609375 0.4166666666666667 0.27099609375 0.4036458333333333 0.2646484375 0.390625 0.259765625 0.3897569444444444
0 0.6015625 0.4696180555555556 0.6015625 0.4782986111111111 0.60400390625 0.4887152777777778 0.61767578125 0.4835069444444444 0.61767578125 0.4722222222222222 0.615234375 0.4626736111111111 0.6015625 0.4696180555555556
0 0.56640625 0.5720486111111112 0.564453125 0.5789930555555556 0.56591796875 0.5894097222222222 0.5693359375 0.5946180555555556 0.5751953125 0.59375 0.57958984375 0.5824652777777778 0.5771484375 0.5694444444444444 0.5693359375 0.5685763888888888 0.56640625 0.5720486111111112
0 0.509765625 0.6597222222222222 0.51025390625 0.6788194444444444 0.51806640625 0.6805555555555556 0.52099609375 0.671875 0.5205078125 0.6631944444444444 0.5166015625 0.6579861111111112 0.509765625 0.6597222222222222
0 0.373046875 0.890625 0.37158203125 0.8975694444444444 0.373046875 0.9019097222222222 0.3759765625 0.9019097222222222 0.3779296875 0.8949652777777778 0.3759765625 0.890625 0.373046875 0.890625
0 0.7080078125 0.6779513888888888 0.7060546875 0.6875 0.70849609375 0.6953125 0.7109375 0.6979166666666666 0.716796875 0.6970486111111112 0.72021484375 0.6875 0.71826171875 0.6770833333333334 0.71240234375 0.6727430555555556 0.7080078125 0.6779513888888888