0 0.184375 0.20625 0.1875 0.21875 0.1796875 0.2328125 0.1984375 0.2421875 0.20625 0.2171875 0.1953125 0.20625 0.209375 0.2 0.209375 0.1796875 0.2 0.1828125 0.2 0.2015625 0.184375 0.20625
0 0.184375 0.2078125 0.1875 0.2203125 0.18125 0.225 0.18125 0.2359375 0.1984375 0.2421875 0.2046875 0.225 0.2046875 0.2046875 0.184375 0.2078125
0 0.3578125 0.33125 0.3546875 0.346875 0.3609375 0.3484375 0.3578125 0.33125
0 0.38125 0.0765625 0.3796875 0.0875 0.384375 0.0890625 0.3921875 0.0765625 0.38125 0.0765625
0 0.2421875 0.15625 0.2421875 0.16875 0.25625 0.1796875 0.2609375 0.178125 0.2609375 0.1625 0.2546875 0.15625 0.2421875 0.15625
0 0.2015625 0.1796875 0.2 0.2 0.20625 0.2015625 0.2125 0.1875 0.2078125 0.178125 0.2015625 0.1796875
0 0.4125 0.8015625 0.4125 0.8125 0.4203125 0.8125 0.425 0.8046875 0.4140625 0.8015625 0.425 0.79375 0.4125 0.8015625
0 0.36875 0.796875 0.3640625 0.80625 0.36875 0.83125 0.3734375 0.8328125 0.36875 0.8234375 0.375 0.821875 0.36875 0.796875
0 0.35 0.1171875 0.34375 0.1234375 0.34375 0.1359375 0.3625 0.1421875 0.36875 0.1265625 0.3640625 0.1203125 0.35 0.1171875
0 0.39375 0.503125 0.3953125 0.5171875 0.4109375 0.5140625 0.4109375 0.5 0.39375 0.503125
0 0.3875 0.2203125 0.3859375 0.2234375 0.39375 0.228125 0.3859375 0.234375 0.390625 0.2359375 0.4 0.2109375 0.3953125 0.209375 0.3875 0.2203125