0 0.5265625 0.7703125 0.525 0.775 0.5359375 0.7859375 0.5375 0.78125 0.5265625 0.7703125
0 0.8375 0.7140625 0.8234375 0.725 0.8265625 0.7453125 0.84375 0.7296875 0.84375 0.7140625 0.8375 0.7140625
0 0.3203125 0.3625 0.31875 0.371875 0.3234375 0.3734375 0.3375 0.3734375 0.3421875 0.36875 0.3390625 0.3609375 0.3203125 0.3625
0 0.18125 0.0484375 0.18125 0.0609375 0.196875 0.0703125 0.1984375 0.0578125 0.18125 0.0484375
0 0.95625 0.8296875 0.946875 0.8390625 0.95 0.859375 0.975 0.8328125 0.9734375 0.8234375 0.95625 0.8296875
0 0.4796875 0.7390625 0.475 0.7734375 0.4890625 0.74375 0.4875 0.7359375 0.4796875 0.7390625
0 0.115625 0.7 0.1109375 0.7109375 0.1203125 0.7171875 0.125 0.7140625 0.125 0.7046875 0.115625 0.7
0 0.475 0.421875 0.4734375 0.4359375 0.4796875 0.4375 0.4921875 0.4125 0.48125 0.4125 0.475 0.421875
0 0.16875 0.2234375 0.16875 0.234375 0.1890625 0.234375 0.1875 0.2234375 0.16875 0.2234375
0 0.35625 0.63125 0.35 0.6390625 0.353125 0.6515625 0.3640625 0.6484375 0.3734375 0.6359375 0.3703125 0.6296875 0.35625 0.63125
0 0.81875 0.9375 0.8171875 0.9703125 0.81875 0.9796875 0.8234375 0.9796875 0.8265625 0.95625 0.81875 0.9515625 0.8265625 0.94375 0.81875 0.9375
0 0.58125 0.4375 0.575 0.45 0.5828125 0.453125 0.5765625 0.4609375 0.5828125 0.45625 0.5890625 0.4359375 0.5859375 0.43125 0.58125 0.4375
0 0.4171875 0.35 0.4125 0.3671875 0.43125 0.3640625 0.43125 0.34375 0.425 0.3421875 0.4171875 0.35
0 0.2921875 0.25 0.2921875 0.28125 0.296875 0.28125 0.3 0.2546875 0.2921875 0.25
0 0.496875 0.5515625 0.49375 0.5609375 0.5046875 0.5671875 0.49375 0.575 0.4984375 0.590625 0.503125 0.5921875 0.5046875 0.55625 0.5015625 0.55 0.496875 0.5515625
0 0.6546875 0.6390625 0.6515625 0.6453125 0.65625 0.6546875 0.6671875 0.6625 0.671875 0.6515625 0.6609375 0.6390625 0.6546875 0.6390625