0 0.8421875 0.140625 0.8390625 0.15625 0.84375 0.1609375 0.8484375 0.1578125 0.85 0.1421875 0.8484375 0.1375 0.8421875 0.140625
0 0.9359375 0.8609375 0.9328125 0.884375 0.940625 0.8859375 0.94375 0.8625 0.9359375 0.8609375
0 0.4875 0.75 0.4890625 0.7734375 0.49375 0.7703125 0.49375 0.75 0.4875 0.75
0 0.3125 0.6046875 0.3125 0.6203125 0.321875 0.625 0.3234375 0.6125 0.3125 0.6046875
0 0.340625 0.75625 0.3375 0.7609375 0.3453125 0.7640625 0.3375 0.7734375 0.3453125 0.78125 0.3484375 0.7671875 0.340625 0.75625
0 0.721875 0.39375 0.71875 0.40625 0.7296875 0.4171875 0.734375 0.4078125 0.721875 0.39375
0 0.7203125 0.6734375 0.71875 0.6828125 0.7234375 0.6859375 0.725 0.675 0.7203125 0.6734375
0 0.9265625 0.475 0.925 0.4921875 0.9375 0.4921875 0.9375 0.4796875 0.9265625 0.475
0 0.634375 0.8390625 0.63125 0.853125 0.64375 0.8546875 0.64375 0.8375 0.634375 0.8390625
0 0.5796875 0.1734375 0.5734375 0.1734375 0.575 0.1953125 0.58125 0.1875 0.5796875 0.1734375
0 0.7625 0.8234375 0.7625 0.8359375 0.76875 0.8375 0.7734375 0.8234375 0.7703125 0.81875 0.7625 0.8234375