0 0.3875 0.09375 0.38125 0.10625 0.3890625 0.109375 0.38125 0.1171875 0.3984375 0.096875 0.3984375 0.0890625 0.39375 0.0875 0.3875 0.09375
0 0.1859375 0.4171875 0.1875 0.43125 0.18125 0.4421875 0.1984375 0.4515625 0.209375 0.41875 0.2046875 0.4125 0.1984375 0.4171875 0.1875 0.4125 0.1859375 0.4171875
0 0.2046875 0.3859375 0.2015625 0.4109375 0.2125 0.40625 0.2125 0.3890625 0.2046875 0.3859375
0 0.4 0.7171875 0.3953125 0.7296875 0.4171875 0.7296875 0.4171875 0.7171875 0.4 0.7171875
0 0.3890625 0.28125 0.3875 0.2984375 0.3953125 0.2921875 0.3953125 0.2828125 0.3890625 0.28125
0 0.359375 0.5484375 0.35625 0.5546875 0.359375 0.5625 0.3640625 0.5625 0.359375 0.553125 0.3640625 0.55 0.359375 0.5484375
0 0.3984375 0 0.3921875 0 0.39375 0.0234375 0.3984375 0.0171875 0.3984375 0
0 0.24375 0.3640625 0.2421875 0.3734375 0.2484375 0.3828125 0.2609375 0.3875 0.2625 0.375 0.25625 0.3640625 0.24375 0.3640625
0 0.1859375 0.4140625 0.1875 0.4296875 0.18125 0.4359375 0.18125 0.44375 0.1984375 0.4515625 0.209375 0.425 0.209375 0.3859375 0.2015625 0.3875 0.2 0.4140625 0.1859375 0.4140625
0 0.353125 0.0328125 0.35 0.040625 0.3609375 0.0421875 0.3609375 0.03125 0.353125 0.0328125
0 0.39375 0.43125 0.3953125 0.4484375 0.40625 0.4234375 0.4 0.4234375 0.39375 0.43125
0 0.35 0.3296875 0.3484375 0.3484375 0.359375 0.353125 0.36875 0.35 0.3734375 0.34375 0.36875 0.33125 0.35 0.3296875