0 0.95 0.35625 0.9484375 0.3640625 0.95625 0.36875 0.971875 0.359375 0.96875 0.3546875 0.9625 0.3640625 0.9546875 0.3546875 0.95 0.35625
0 0.9625 0.5203125 0.9625 0.534375 0.9734375 0.534375 0.9796875 0.5234375 0.9625 0.5203125
0 0.1015625 0.65625 0.1 0.6609375 0.10625 0.6671875 0.1 0.671875 0.11875 0.65625 0.1390625 0.65625 0.1453125 0.66875 0.16875 0.678125 0.16875 0.6828125 0.184375 0.665625 0.18125 0.659375 0.1625 0.6546875 0.15 0.6453125 0.125 0.6453125 0.1015625 0.65625
0 0.1015625 0.659375 0.1046875 0.6984375 0.1390625 0.7140625 0.1515625 0.7140625 0.1609375 0.70625 0.18125 0.70625 0.1953125 0.7125 0.1921875 0.70625 0.1984375 0.696875 0.171875 0.690625 0.171875 0.675 0.18125 0.6671875 0.1796875 0.659375 0.1640625 0.65625 0.15 0.6453125 0.125 0.6453125 0.1015625 0.659375
0 0.178125 0.7 0.175 0.7046875 0.184375 0.7109375 0.1984375 0.7125 0.1921875 0.70625 0.2 0.7 0.2 0.69375 0.178125 0.7
0 0.17421875 0.6953125 0.0015625 0.003125
0 0.9171875 0.64375 0.91875 0.6546875 0.940625 0.6515625 0.9359375 0.6421875 0.9265625 0.6515625 0.925 0.6421875 0.9171875 0.64375
0 0.6671875 0.525 0.665625 0.5359375 0.68125 0.5375 0.675 0.5234375 0.6671875 0.525
0 0.68125 0.3953125 0.68125 0.4046875 0.6921875 0.403125 0.69375 0.3921875 0.68125 0.3953125
0 0.1734375 0.7140625 0.1578125 0.725 0.165625 0.7203125 0.1734375 0.7234375 0.178125 0.71875 0.178125 0.7140625 0.1734375 0.7140625
0 0.6546875 0.0234375 0.6453125 0.025 0.6453125 0.03125 0.6671875 0.0484375 0.671875 0.0375 0.6625 0.025 0.6546875 0.0234375
0 0.1640625 0.71875 0.1578125 0.725 0.1734375 0.7234375 0.178125 0.7125 0.1640625 0.71875
0 0.1734375 0.69375 0.1734375 0.70625 0.1984375 0.7125 0.190625 0.696875 0.2 0.6984375 0.2 0.69375 0.1734375 0.69375