0 0.8953125 0.65625 0.89375 0.66875 0.9046875 0.675 0.909375 0.6625 0.8953125 0.65625
0 0.3015625 0.7765625 0.3 0.7921875 0.3109375 0.7984375 0.3125 0.7859375 0.3015625 0.7765625
0 0.7390625 0.990625 0.7375 0.9984375 0.7484375 0.9984375 0.74375 0.9890625 0.7390625 0.990625
0 0.6984375 0.5734375 0.696875 0.590625 0.70625 0.5984375 0.70625 0.5796875 0.6984375 0.5734375
0 0.5203125 0.215625 0.51875 0.2359375 0.525 0.2375 0.534375 0.2234375 0.5296875 0.209375 0.5203125 0.215625
0 0.5140625 0.0546875 0.5125 0.0578125 0.51875 0.0609375 0.5125 0.0671875 0.51875 0.0734375 0.51875 0.0546875 0.5140625 0.0546875
0 0.5046875 0.025 0.503125 0.0375 0.5125 0.0484375 0.5171875 0.0375 0.5046875 0.025
0 0.5546875 0.3625 0.5515625 0.3796875 0.55625 0.38125 0.5546875 0.3765625 0.5625 0.3734375 0.5625 0.3640625 0.5546875 0.3625
0 0.4703125 0.9265625 0.475 0.940625 0.46875 0.9453125 0.4734375 0.946875 0.4796875 0.9265625 0.4703125 0.9265625
0 0.7109375 0.0734375 0.709375 0.0828125 0.71875 0.0859375 0.721875 0.075 0.7109375 0.0734375
0 0.815625 0.3265625 0.8125 0.34375 0.821875 0.3484375 0.8234375 0.34375 0.8140625 0.3328125 0.8234375 0.33125 0.821875 0.3265625 0.815625 0.3265625
0 0.33125 0.9265625 0.3265625 0.93125 0.3265625 0.9484375 0.33125 0.9515625 0.3375 0.94375 0.33125 0.9265625