0 0.7984375 0.04375 0.8015625 0.084375 0.8046875 0.0421875 0.7984375 0.04375
0 0.8375 0.0890625 0.8359375 0.1 0.846875 0.1015625 0.8484375 0.09375 0.8375 0.0890625
0 0.8265625 0.4125 0.825 0.43125 0.8296875 0.4359375 0.84375 0.434375 0.85 0.425 0.8484375 0.40625 0.83125 0.4078125 0.8265625 0.4125
0 0.3125 0.45625 0.3109375 0.465625 0.3171875 0.46875 0.3171875 0.45625 0.3125 0.45625
0 0.8046875 0 0.7921875 0.0015625 0.8 0.0078125 0.8046875 0
0 0.8 0.15 0.8015625 0.171875 0.8171875 0.18125 0.8171875 0.16875 0.8 0.15
0 0.94375 0.45 0.9421875 0.46875 0.9546875 0.4671875 0.9640625 0.45 0.9546875 0.4421875 0.94375 0.45
0 0.8359375 0.634375 0.8328125 0.6484375 0.8359375 0.659375 0.8421875 0.659375 0.84375 0.6390625 0.8359375 0.634375
0 0.796875 0.5046875 0.7921875 0.5046875 0.7921875 0.5171875 0.8 0.534375 0.8046875 0.534375 0.80625 0.5234375 0.796875 0.5046875
0 0.78125 0.81875 0.78125 0.8359375 0.7953125 0.8375 0.8046875 0.8328125 0.79375 0.81875 0.78125 0.81875
0 0.8046875 0.3546875 0.8 0.3671875 0.8125 0.375 0.8125 0.3640625 0.8046875 0.3546875
0 0.340625 0.4109375 0.3375 0.421875 0.34375 0.425 0.3453125 0.4125 0.340625 0.4109375