0 0.0796875 0.40625 0.075 0.40625 0.075 0.415625 0.0859375 0.425 0.0890625 0.4171875 0.0796875 0.40625
0 0.4796875 0.38125 0.475 0.3875 0.475 0.3984375 0.4796875 0.403125 0.4875 0.39375 0.478125 0.3859375 0.4875 0.38125 0.4796875 0.38125
0 0.7375 0.3546875 0.7359375 0.3734375 0.7421875 0.375 0.74375 0.35625 0.7375 0.3546875
0 0.26875 0.1265625 0.2671875 0.1421875 0.271875 0.15 0.275 0.1265625 0.26875 0.1265625
0 0.725 0.1171875 0.7296875 0.128125 0.7234375 0.1296875 0.725 0.1375 0.7296875 0.1390625 0.7296875 0.11875 0.725 0.1171875
0 0.06875 0.496875 0.06875 0.5078125 0.0765625 0.509375 0.0796875 0.496875 0.06875 0.496875
0 0.246875 0.0578125 0.24375 0.0671875 0.25 0.075 0.2609375 0.0671875 0.2609375 0.0578125 0.246875 0.0578125
0 0.4484375 0.2015625 0.45625 0.209375 0.446875 0.2140625 0.45625 0.21875 0.45625 0.20625 0.4484375 0.2015625
0 0.34375 0.9578125 0.340625 0.984375 0.3515625 0.9890625 0.35625 0.9796875 0.3546875 0.9625 0.34375 0.9578125
0 0.51875 0.3953125 0.5109375 0.3953125 0.5125 0.4109375 0.51875 0.4109375 0.5234375 0.403125 0.51875 0.3953125
0 0.5859375 0.5765625 0.5828125 0.5875 0.5953125 0.5890625 0.596875 0.5796875 0.5859375 0.5765625
0 0.5734375 0.0546875 0.56875 0.0671875 0.58125 0.0765625 0.58125 0.0625 0.5734375 0.0546875
0 0.565625 0.35625 0.5625 0.3640625 0.5671875 0.375 0.5734375 0.3765625 0.5734375 0.3625 0.565625 0.35625
0 0.325 0.1921875 0.3171875 0.1921875 0.3171875 0.20625 0.33125 0.2125 0.33125 0.1984375 0.325 0.1921875