0 0.375 0.8953125 0.36875 0.9046875 0.3796875 0.90625 0.38125 0.8984375 0.375 0.8953125
0 0.23125 0.7984375 0.23125 0.8109375 0.240625 0.8125 0.240625 0.8 0.23125 0.7984375
0 0.3625 0.6765625 0.3609375 0.69375 0.36875 0.690625 0.36875 0.68125 0.3625 0.6765625
0 0.325 0.8796875 0.3234375 0.89375 0.3296875 0.89375 0.33125 0.8796875 0.325 0.8796875
0 0.175 0.8734375 0.1734375 0.884375 0.1859375 0.8921875 0.1859375 0.875 0.178125 0.8703125 0.175 0.8734375
0 0.4578125 0.38125 0.45625 0.3953125 0.4625 0.3984375 0.465625 0.38125 0.4578125 0.38125
0 0.7 0.175 0.6875 0.1875 0.6921875 0.1984375 0.7 0.1953125 0.7 0.175
0 0.575 0.40625 0.58125 0.4140625 0.5734375 0.4171875 0.575 0.425 0.58125 0.4296875 0.58125 0.4078125 0.575 0.40625
0 0.65 0.0375 0.6484375 0.05 0.659375 0.05 0.6625 0.0375 0.65 0.0375
0 0.315625 0.6546875 0.3140625 0.671875 0.33125 0.6671875 0.33125 0.65625 0.3265625 0.6515625 0.315625 0.6546875
0 0.28125 0.6875 0.2734375 0.6953125 0.275 0.70625 0.2859375 0.6984375 0.28125 0.6875
0 0.6921875 0.075 0.690625 0.0859375 0.6953125 0.0875 0.6984375 0.075 0.6921875 0.075
0 0.51875 0.2671875 0.5171875 0.275 0.5234375 0.28125 0.5296875 0.2796875 0.5296875 0.2703125 0.51875 0.2671875
0 0.4046875 0.7671875 0.4046875 0.7828125 0.4109375 0.784375 0.4109375 0.76875 0.4046875 0.7671875
0 0.503125 0.5546875 0.496875 0.55625 0.4984375 0.575 0.5046875 0.5796875 0.503125 0.5546875
0 0.6078125 0.1328125 0.603125 0.1375 0.6125 0.140625 0.6046875 0.15 0.6140625 0.1390625 0.6140625 0.1296875 0.6078125 0.1328125
0 0.63125 0.3234375 0.625 0.3296875 0.625 0.3375 0.6359375 0.33125 0.6359375 0.3234375 0.63125 0.3234375
0 0.7171875 0.1234375 0.7140625 0.1359375 0.7265625 0.1375 0.728125 0.125 0.7171875 0.1234375
0 0.3890625 0.50625 0.3953125 0.5265625 0.3875 0.525 0.39375 0.5296875 0.3984375 0.5234375 0.39375 0.50625 0.3890625 0.50625