0 0.5546875 0.2640625 0.5515625 0.278125 0.5578125 0.2828125 0.5609375 0.26875 0.5546875 0.26875 0.5546875 0.2640625
0 0.8 0.0734375 0.796875 0.0796875 0.80625 0.078125 0.8078125 0.0921875 0.796875 0.0921875 0.8046875 0.0984375 0.8109375 0.0859375 0.80625 0.075 0.8 0.0734375
0 0.7609375 0.9328125 0.75625 0.9328125 0.75625 0.9484375 0.7671875 0.95625 0.7671875 0.94375 0.7609375 0.9328125
0 0.7796875 0.6296875 0.7765625 0.64375 0.7859375 0.6484375 0.7859375 0.63125 0.7796875 0.6296875
0 0.503125 0.003125 0.5 0.0140625 0.5046875 0.0171875 0.509375 0.0046875 0.503125 0.003125
0 0.3953125 0.19375 0.39375 0.2046875 0.40625 0.2046875 0.4046875 0.1953125 0.3953125 0.19375
0 0.6921875 0.0765625 0.6875 0.0796875 0.6875 0.0890625 0.696875 0.096875 0.6984375 0.08125 0.6921875 0.0765625
0 0.5484375 0.546875 0.546875 0.5546875 0.553125 0.5671875 0.5546875 0.55 0.5484375 0.546875
0 0.3453125 0.58125 0.34375 0.6 0.35 0.6 0.3546875 0.5859375 0.3453125 0.58125
0 0.68125 0.4375 0.6796875 0.4484375 0.6875 0.4484375 0.690625 0.4421875 0.68125 0.4375
0 0.4421875 0.0140625 0.4375 0.01875 0.446875 0.0265625 0.4421875 0.0328125 0.4375 0.03125 0.4421875 0.034375 0.4484375 0.025 0.4421875 0.0140625
0 0.6171875 0.79375 0.6140625 0.80625 0.621875 0.8078125 0.6234375 0.7984375 0.6171875 0.79375
0 0.6734375 0.10625 0.66875 0.1171875 0.6765625 0.125 0.6796875 0.115625 0.6734375 0.10625
0 0.378125 0.4234375 0.3765625 0.43125 0.3859375 0.4375 0.3875 0.425 0.378125 0.4234375
0 0.3453125 0.8 0.3453125 0.8125 0.3546875 0.8125 0.35625 0.8015625 0.3453125 0.8