0 0.3171875 0.915625 0.3140625 0.925 0.31875 0.925 0.3171875 0.915625
0 0.3484375 0.4171875 0.3453125 0.421875 0.3546875 0.4359375 0.3484375 0.4171875
0 0.5328125 0.3140625 0.53125 0.33125 0.5375 0.33125 0.540625 0.31875 0.5375 0.3125 0.5328125 0.3140625
0 0.3234375 0.7140625 0.31875 0.7140625 0.31875 0.721875 0.3234375 0.7234375 0.3234375 0.7140625
0 0.40625 0.7875 0.40625 0.8 0.4109375 0.8 0.4171875 0.7859375 0.40625 0.7875
0 0.2796875 0.9515625 0.2796875 0.9625 0.290625 0.95625 0.290625 0.946875 0.2796875 0.9515625
0 0.4046875 0.34375 0.403125 0.3515625 0.409375 0.35625 0.4046875 0.3484375 0.4109375 0.3421875 0.4046875 0.34375
0 0.5 0.0296875 0.5 0.0484375 0.5046875 0.05 0.50625 0.03125 0.5 0.0296875
0 0.50625 0.596875 0.5046875 0.6046875 0.509375 0.6109375 0.5171875 0.59375 0.5109375 0.5921875 0.50625 0.596875
0 0.5484375 0.7921875 0.5421875 0.7921875 0.55 0.803125 0.5421875 0.80625 0.546875 0.8125 0.5515625 0.8109375 0.5484375 0.7921875
0 0.365625 0.440625 0.371875 0.446875 0.3640625 0.4515625 0.3734375 0.4578125 0.371875 0.4421875 0.365625 0.440625