0 0.7765625 0.2609375 0.775 0.26875 0.796875 0.26875 0.7984375 0.2640625 0.7921875 0.259375 0.7765625 0.2609375
0 0.44375 0.596875 0.4375 0.6046875 0.45625 0.6046875 0.45625 0.5984375 0.44375 0.596875
0 0.7296875 0.1625 0.725 0.1796875 0.7328125 0.18125 0.7390625 0.165625 0.7296875 0.1625
0 0.1125 0.5625 0.1109375 0.5671875 0.1171875 0.5734375 0.125 0.5734375 0.125 0.5609375 0.1125 0.5625
0 0.734375 0.18125 0.725 0.18125 0.725 0.1890625 0.7375 0.1921875 0.734375 0.18125
0 0.7921875 0.6765625 0.7875 0.6875 0.8015625 0.6875 0.8015625 0.6796875 0.7921875 0.6765625
0 0.05 0.6734375 0.05 0.6859375 0.0625 0.6796875 0.0625 0.675 0.05 0.6734375
0 0.96875 0.6390625 0.9640625 0.6484375 0.9765625 0.65 0.984375 0.6453125 0.9796875 0.6390625 0.96875 0.6390625
0 0.290625 0.7484375 0.2875 0.753125 0.296875 0.759375 0.30625 0.75625 0.3046875 0.75 0.290625 0.7484375
0 0.41875 0.4265625 0.41875 0.434375 0.434375 0.4359375 0.43125 0.4265625 0.4234375 0.4359375 0.41875 0.4265625
0 0.79375 0.3375 0.7921875 0.34375 0.8046875 0.3484375 0.8046875 0.3375 0.79375 0.3375
0 0.584375 0.390625 0.5828125 0.3984375 0.596875 0.3984375 0.596875 0.3890625 0.584375 0.390625
0 0.1671875 0.5625 0.1609375 0.5734375 0.175 0.571875 0.1734375 0.5625 0.1671875 0.5625
0 0.4609375 0.2703125 0.4515625 0.275 0.4515625 0.28125 0.465625 0.28125 0.46875 0.2734375 0.4609375 0.2703125
0 0.5890625 0.75625 0.58125 0.75625 0.5828125 0.7640625 0.596875 0.76875 0.5984375 0.7625 0.5890625 0.75625
0 0.3921875 0.7921875 0.375 0.7921875 0.375 0.8 0.3921875 0.8015625 0.3921875 0.7921875
0 0.721875 0.0859375 0.70625 0.0859375 0.7078125 0.0984375 0.721875 0.0984375 0.721875 0.0859375
0 0.6375 0.3390625 0.6359375 0.3484375 0.6484375 0.3453125 0.6484375 0.3375 0.6375 0.3390625
0 0.6765625 0.4875 0.675 0.5 0.6859375 0.4984375 0.6875 0.4875 0.6765625 0.4875