0 0.482421875 0.4227430555555556 0.482421875 0.4383680555555556 0.49609375 0.4392361111111111 0.49658203125 0.421875 0.4951171875 0.4184027777777778 0.482421875 0.4227430555555556
0 0.1689453125 0.24739583333333334 0.16845703125 0.2569444444444444 0.169921875 0.2638888888888889 0.17431640625 0.2743055555555556 0.17919921875 0.2760416666666667 0.18017578125 0.2664930555555556 0.17724609375 0.2595486111111111 0.17626953125 0.25 0.17529296875 0.24739583333333334 0.1689453125 0.24739583333333334
0 0.51513671875 0.7291666666666666 0.513671875 0.7369791666666666 0.5146484375 0.7421875 0.51806640625 0.7473958333333334 0.52197265625 0.7465277777777778 0.52587890625 0.7352430555555556 0.52490234375 0.7309027777777778 0.52001953125 0.7256944444444444 0.51513671875 0.7291666666666666
0 0.3759765625 0.5755208333333334 0.3740234375 0.5894097222222222 0.376953125 0.5954861111111112 0.3828125 0.5946180555555556 0.38671875 0.5859375 0.38525390625 0.578125 0.380859375 0.5729166666666666 0.3759765625 0.5755208333333334
0 0.21142578125 0.3949652777777778 0.2109375 0.4019097222222222 0.21337890625 0.4071180555555556 0.2197265625 0.4114583333333333 0.22265625 0.4079861111111111 0.22314453125 0.4036458333333333 0.216796875 0.390625 0.21435546875 0.390625 0.21142578125 0.3949652777777778
0 0.6201171875 0.9348958333333334 0.61865234375 0.9392361111111112 0.6201171875 0.9479166666666666 0.62646484375 0.9487847222222222 0.62841796875 0.9435763888888888 0.626953125 0.9348958333333334 0.6201171875 0.9348958333333334
0 0.55859375 0.6449652777777778 0.55712890625 0.6493055555555556 0.55810546875 0.6623263888888888 0.56103515625 0.6666666666666666 0.56640625 0.6657986111111112 0.56884765625 0.6597222222222222 0.568359375 0.6475694444444444 0.56396484375 0.6432291666666666 0.55859375 0.6449652777777778
0 0.2255859375 0.11979166666666667 0.224609375 0.13194444444444445 0.2265625 0.1362847222222222 0.2314453125 0.1388888888888889 0.234375 0.1232638888888889 0.23388671875 0.109375 0.228515625 0.109375 0.2255859375 0.11979166666666667
0 0.3203125 0.22395833333333334 0.31982421875 0.2300347222222222 0.32421875 0.22916666666666666 0.32421875 0.2222222222222222 0.3203125 0.22395833333333334
0 0.33251953125 0.012152777777777778 0.33154296875 0.0234375 0.33349609375 0.034722222222222224 0.33447265625 0.03732638888888889 0.33837890625 0.03732638888888889 0.34130859375 0.029513888888888888 0.34130859375 0.022569444444444444 0.33642578125 0.010416666666666666 0.33251953125 0.012152777777777778
0 0.4365234375 0.5112847222222222 0.43603515625 0.5234375 0.43896484375 0.5286458333333334 0.4423828125 0.53125 0.44921875 0.5243055555555556 0.4501953125 0.5147569444444444 0.447265625 0.5060763888888888 0.439453125 0.5060763888888888 0.4365234375 0.5112847222222222
0 0.22607421875 0.75 0.2236328125 0.7508680555555556 0.2236328125 0.7560763888888888 0.2255859375 0.7604166666666666 0.22802734375 0.7604166666666666 0.228515625 0.7534722222222222 0.22607421875 0.75