0 0.1826171875 0.1545138888888889 0.18359375 0.1623263888888889 0.1884765625 0.1623263888888889 0.18798828125 0.15364583333333334 0.1826171875 0.1545138888888889
0 0.3310546875 0.5182291666666666 0.32861328125 0.5269097222222222 0.32958984375 0.5364583333333334 0.33740234375 0.5407986111111112 0.341796875 0.5407986111111112 0.34423828125 0.5373263888888888 0.34423828125 0.5208333333333334 0.33642578125 0.5164930555555556 0.3310546875 0.5182291666666666
0 0.21728515625 0.2387152777777778 0.216796875 0.2456597222222222 0.2197265625 0.2465277777777778 0.2216796875 0.23958333333333334 0.21728515625 0.2387152777777778
0 0.27099609375 0.5763888888888888 0.26904296875 0.5833333333333334 0.27099609375 0.5946180555555556 0.27587890625 0.5989583333333334 0.27978515625 0.5963541666666666 0.28271484375 0.5894097222222222 0.28173828125 0.5755208333333334 0.279296875 0.5729166666666666 0.27392578125 0.5729166666666666 0.27099609375 0.5763888888888888
0 0.451171875 0.1015625 0.451171875 0.11371527777777778 0.46337890625 0.11805555555555555 0.46630859375 0.11284722222222222 0.46630859375 0.10416666666666667 0.46435546875 0.0998263888888889 0.45556640625 0.09722222222222222 0.451171875 0.1015625
0 0.0361328125 0.6788194444444444 0.0361328125 0.6883680555555556 0.0390625 0.6892361111111112 0.0400390625 0.6805555555555556 0.0390625 0.6770833333333334 0.0361328125 0.6788194444444444
0 0.07275390625 0.1762152777777778 0.0703125 0.18055555555555555 0.0703125 0.1892361111111111 0.07275390625 0.2013888888888889 0.07568359375 0.2074652777777778 0.07958984375 0.2074652777777778 0.08056640625 0.18055555555555555 0.07763671875 0.1762152777777778 0.07275390625 0.1762152777777778
0 0.3056640625 0.8229166666666666 0.30224609375 0.8289930555555556 0.30224609375 0.8368055555555556 0.30712890625 0.8446180555555556 0.31298828125 0.8368055555555556 0.3134765625 0.8272569444444444 0.310546875 0.8229166666666666 0.3056640625 0.8229166666666666
0 0.35693359375 0.7751736111111112 0.3564453125 0.7873263888888888 0.3583984375 0.7916666666666666 0.3642578125 0.7925347222222222 0.36767578125 0.7881944444444444 0.3681640625 0.7786458333333334 0.365234375 0.7708333333333334 0.35986328125 0.7708333333333334 0.35693359375 0.7751736111111112
0 0.14697265625 0.08333333333333333 0.14404296875 0.09722222222222222 0.14697265625 0.10416666666666667 0.1513671875 0.10590277777777778 0.15625 0.09461805555555555 0.15771484375 0.08333333333333333 0.15478515625 0.078125 0.15185546875 0.078125 0.14697265625 0.08333333333333333
0 0.015625 0.3819444444444444 0.01513671875 0.3888888888888889 0.01708984375 0.3888888888888889 0.0185546875 0.3854166666666667 0.0166015625 0.3810763888888889 0.0185546875 0.3776041666666667 0.015625 0.3819444444444444
0 0.2021484375 0.6067708333333334 0.20068359375 0.609375 0.20068359375 0.6180555555555556 0.203125 0.6223958333333334 0.20947265625 0.6223958333333334 0.21337890625 0.6180555555555556 0.21337890625 0.6059027777777778 0.2109375 0.6015625 0.2060546875 0.6006944444444444 0.2021484375 0.6067708333333334
0 0.08447265625 0.3420138888888889 0.08447265625 0.3498263888888889 0.09130859375 0.3585069444444444 0.09521484375 0.3585069444444444 0.09716796875 0.3550347222222222 0.09716796875 0.3506944444444444 0.091796875 0.3376736111111111 0.08837890625 0.3368055555555556 0.08447265625 0.3420138888888889
0 0.26513671875 0.04513888888888889 0.2626953125 0.046875 0.26318359375 0.0642361111111111 0.26513671875 0.0685763888888889 0.2705078125 0.0685763888888889 0.27294921875 0.0642361111111111 0.27294921875 0.052083333333333336 0.2685546875 0.04600694444444445 0.26513671875 0.04513888888888889
0 0.443359375 0.024305555555555556 0.44140625 0.027777777777777776 0.44140625 0.046875 0.4423828125 0.049479166666666664 0.4462890625 0.050347222222222224 0.455078125 0.0390625 0.45556640625 0.028645833333333332 0.45166015625 0.019965277777777776 0.443359375 0.024305555555555556