0 0.33125 0.75 0.3328125 0.76875 0.3421875 0.7671875 0.340625 0.7453125 0.3328125 0.7453125 0.33125 0.75
0 0.6609375 0.2546875 0.65625 0.2546875 0.65625 0.26875 0.665625 0.2640625 0.6609375 0.2546875
0 0.3640625 0.9015625 0.3625 0.928125 0.36875 0.9296875 0.371875 0.90625 0.36875 0.9 0.3640625 0.9015625
0 0.275 0.7703125 0.2734375 0.7828125 0.2796875 0.7859375 0.2828125 0.7734375 0.275 0.7703125
0 0.28125 0.5734375 0.2875 0.5796875 0.2796875 0.584375 0.2859375 0.5890625 0.290625 0.58125 0.28125 0.5734375
0 0.2484375 0.4875 0.24375 0.49375 0.2578125 0.4984375 0.259375 0.4890625 0.2484375 0.4875
0 0.19375 0.78125 0.1875 0.7875 0.1875 0.8 0.2 0.8 0.2 0.784375 0.19375 0.78125
0 0.3265625 0.75625 0.325 0.784375 0.3328125 0.790625 0.34375 0.76875 0.340625 0.74375 0.3265625 0.75625
0 0.3625 0.8046875 0.353125 0.8046875 0.353125 0.8109375 0.35625 0.8171875 0.3671875 0.81875 0.36875 0.8078125 0.3625 0.8046875
0 0.6609375 0.2859375 0.6625 0.2984375 0.6671875 0.2875 0.6609375 0.2859375
0 0.225 0.95625 0.2234375 0.9734375 0.2296875 0.975 0.23125 0.9609375 0.225 0.95625