0 0.796875 0.240625 0.7921875 0.2421875 0.7921875 0.2484375 0.8125 0.2484375 0.8109375 0.2421875 0.796875 0.240625
0 0.034375 0.2703125 0.0296875 0.28125 0.0375 0.2859375 0.0484375 0.275 0.034375 0.2703125
0 0.85625 0.4484375 0.8546875 0.45625 0.8671875 0.4609375 0.875 0.4578125 0.865625 0.4578125 0.8671875 0.446875 0.85625 0.4484375
0 0.35 0.1375 0.3453125 0.1421875 0.353125 0.15 0.3609375 0.15 0.3625 0.1390625 0.35 0.1375
0 0.8984375 0.5859375 0.8953125 0.5890625 0.9 0.596875 0.915625 0.5984375 0.9109375 0.5875 0.8984375 0.5859375
0 0.3765625 0.1421875 0.36875 0.1421875 0.36875 0.146875 0.3765625 0.15 0.3765625 0.1421875
0 0.85 0.0875 0.84375 0.09375 0.85 0.10625 0.8734375 0.0984375 0.8734375 0.0890625 0.85 0.0875
0 0.8828125 0.5046875 0.88125 0.509375 0.8953125 0.5109375 0.89375 0.5046875 0.8828125 0.5046875
0 0.03125 0.4578125 0.025 0.46875 0.034375 0.4734375 0.05 0.46875 0.05 0.4625 0.0421875 0.4578125 0.03125 0.4578125
0 0.340625 0.1453125 0.3375 0.15 0.3484375 0.1546875 0.3484375 0.14375 0.340625 0.1453125
0 0.2265625 0.4640625 0.225 0.46875 0.23125 0.4734375 0.246875 0.478125 0.259375 0.478125 0.2625 0.4734375 0.2546875 0.4625 0.2453125 0.4609375 0.2390625 0.4734375 0.23125 0.4609375 0.2265625 0.4640625
0 0.8671875 0.44375 0.8546875 0.4484375 0.8546875 0.4546875 0.8625 0.4609375 0.89375 0.4609375 0.8921875 0.4484375 0.8671875 0.44375
0 0.3234375 0.15625 0.3171875 0.15625 0.3171875 0.1609375 0.3234375 0.15625
0 0.6875 0.5 0.68125 0.50625 0.6828125 0.5109375 0.69375 0.5109375 0.6984375 0.5046875 0.6875 0.5
0 0.9125 0.421875 0.9109375 0.43125 0.925 0.43125 0.9234375 0.421875 0.9125 0.421875
0 0.6046875 0.534375 0.5984375 0.534375 0.6 0.546875 0.6046875 0.546875 0.6046875 0.534375
0 0.3890625 0.1390625 0.3921875 0.146875 0.4 0.146875 0.4 0.1390625 0.3890625 0.1390625