0 0.7734375 0.00625 0.7703125 0.01875 0.7765625 0.01875 0.7734375 0.0109375 0.784375 0.0125 0.7859375 0.0078125 0.784375 0.003125 0.7734375 0.00625
0 0.4375 0.9578125 0.4359375 0.9703125 0.4421875 0.975 0.446875 0.971875 0.4375 0.9671875 0.446875 0.9609375 0.44375 0.95625 0.4375 0.9578125
0 0.26875 0.725 0.2609375 0.725 0.2640625 0.7390625 0.2703125 0.7359375 0.26875 0.725
0 0.51875 0.784375 0.5140625 0.79375 0.521875 0.8 0.525 0.7875 0.51875 0.784375
0 0.28125 0.278125 0.2796875 0.2859375 0.2921875 0.2875 0.2921875 0.275 0.2859375 0.2734375 0.28125 0.278125
0 0.31875 0.7765625 0.31875 0.790625 0.33125 0.7921875 0.3234375 0.7765625 0.31875 0.7765625
0 0.73125 0.3265625 0.7296875 0.3421875 0.7359375 0.34375 0.7375 0.325 0.73125 0.3265625
0 0.59375 0.4609375 0.5890625 0.465625 0.5984375 0.4734375 0.6 0.4625 0.59375 0.4609375
0 0.2546875 0.5140625 0.25 0.521875 0.2609375 0.53125 0.2625 0.5203125 0.2546875 0.5140625
0 0.43125 0.54375 0.43125 0.5625 0.4375 0.5625 0.4375 0.54375 0.43125 0.54375
0 0.2859375 0.0796875 0.2828125 0.09375 0.2859375 0.1 0.2921875 0.1 0.2921875 0.090625 0.2859375 0.0875 0.2921875 0.08125 0.2859375 0.0796875
0 0.53125 0.8296875 0.525 0.8328125 0.525 0.840625 0.5375 0.8421875 0.540625 0.8328125 0.53125 0.8296875
0 0.4859375 0.25625 0.4796875 0.2640625 0.4796875 0.275 0.4875 0.275 0.49375 0.26875 0.49375 0.259375 0.4859375 0.25625
0 0.60625 0.0515625 0.6 0.0515625 0.6 0.0625 0.609375 0.0671875 0.6125 0.0578125 0.60625 0.0515625