0 0.8359375 0.2984375 0.8328125 0.30625 0.8421875 0.31875 0.84375 0.3046875 0.8359375 0.2984375
0 0.7703125 0.06875 0.7703125 0.0796875 0.7796875 0.08125 0.78125 0.06875 0.7703125 0.06875
0 0.66875 0.278125 0.6671875 0.2875 0.6796875 0.2875 0.6828125 0.2828125 0.6796875 0.275 0.66875 0.278125
0 0.796875 0.975 0.79375 0.9875 0.8 0.9890625 0.8046875 0.975 0.796875 0.975
0 0.6078125 0.7203125 0.6046875 0.7265625 0.6140625 0.7375 0.6171875 0.71875 0.6078125 0.7203125
0 0.8234375 0 0.8109375 0.0015625 0.8234375 0.0046875 0.8234375 0
0 0.64375 0.7921875 0.6390625 0.8 0.6390625 0.8125 0.64375 0.815625 0.6484375 0.80625 0.640625 0.8 0.6484375 0.79375 0.64375 0.7921875
0 0.6046875 0.6625 0.6046875 0.675 0.6125 0.675 0.6109375 0.6625 0.6046875 0.6625
0 0.6546875 0.3703125 0.6515625 0.3859375 0.6609375 0.39375 0.6625 0.3859375 0.6546875 0.378125 0.6625 0.3734375 0.6609375 0.36875 0.6546875 0.3703125
0 0.7859375 0.45625 0.7875 0.4734375 0.79375 0.4625 0.790625 0.4546875 0.7859375 0.45625
0 0.90625 0.16875 0.90625 0.184375 0.9109375 0.184375 0.9109375 0.171875 0.90625 0.16875
0 0.7875 0.725 0.7859375 0.7328125 0.7921875 0.7375 0.7859375 0.7421875 0.790625 0.74375 0.79375 0.7359375 0.7875 0.73125 0.79375 0.728125 0.7875 0.725
0 0.6859375 0.5734375 0.6828125 0.5859375 0.6890625 0.59375 0.69375 0.58125 0.6921875 0.575 0.6859375 0.5734375
0 0.7 0.225 0.7 0.240625 0.7078125 0.246875 0.7109375 0.23125 0.70625 0.2234375 0.7 0.225
0 0.75625 0.259375 0.75625 0.275 0.7640625 0.275 0.7671875 0.26875 0.75625 0.259375
0 0.546875 0.8796875 0.540625 0.8796875 0.5421875 0.8984375 0.5484375 0.8984375 0.546875 0.8796875