0 0.34375 0.975 0.3421875 0.978125 0.353125 0.9828125 0.3421875 0.990625 0.3515625 0.99375 0.353125 0.9796875 0.34375 0.975
0 0.3140625 0.2828125 0.3125 0.296875 0.3171875 0.3 0.3234375 0.28125 0.31875 0.278125 0.3140625 0.2828125
0 0.2421875 0.3421875 0.246875 0.35625 0.240625 0.359375 0.2453125 0.3609375 0.2484375 0.3546875 0.2421875 0.34375 0.246875 0.3375 0.2421875 0.3421875
0 0.3140625 0.80625 0.3125 0.809375 0.321875 0.8140625 0.3125 0.8234375 0.31875 0.8234375 0.3234375 0.815625 0.31875 0.80625 0.3140625 0.80625
0 0.2875 0.65625 0.2859375 0.671875 0.2921875 0.671875 0.2984375 0.65625 0.29375 0.6515625 0.2875 0.65625
0 0.33125 0.3453125 0.33125 0.36875 0.3375 0.36875 0.3375 0.3484375 0.33125 0.3453125
0 0.2796875 0.2984375 0.28125 0.3140625 0.2796875 0.2984375
0 0.2640625 0.4578125 0.2640625 0.475 0.2703125 0.475 0.2703125 0.4578125 0.2640625 0.4578125
0 0.371875 0.5140625 0.36875 0.53125 0.375 0.53125 0.371875 0.5140625
0 0.390625 0.6421875 0.009375 0.0125
0 0.425 0.8234375 0.421875 0.8375 0.428125 0.8484375 0.4359375 0.83125 0.43125 0.8234375 0.425 0.8234375