0 0.728125 0.375 0.725 0.3859375 0.73125 0.39375 0.7375 0.39375 0.7375 0.375 0.728125 0.375
0 0.5421875 0.4859375 0.5375 0.4890625 0.5375 0.503125 0.5453125 0.50625 0.5484375 0.49375 0.5421875 0.4859375
0 0.8640625 0.796875 0.8625 0.81875 0.8671875 0.81875 0.8703125 0.8015625 0.8640625 0.796875
0 0.6546875 0.821875 0.6515625 0.83125 0.65625 0.846875 0.6609375 0.846875 0.6625 0.83515625 0.6546875 0.8328125 0.6625 0.8265625 0.6546875 0.821875
0 0.5625 0.3921875 0.5546875 0.3921875 0.5546875 0.403125 0.5671875 0.4109375 0.5671875 0.3953125 0.5625 0.3921875
0 0.5515625 0.546875 0.5421875 0.55625 0.54375 0.565625 0.55 0.565625 0.5546875 0.5578125 0.5515625 0.546875
0 0.4421875 0.3546875 0.4375 0.3546875 0.4375 0.365625 0.44375 0.36875 0.4375 0.3765625 0.446875 0.371875 0.4421875 0.3546875
0 0.6921875 0.1046875 0.690625 0.115625 0.6984375 0.1203125 0.7 0.1109375 0.6921875 0.1046875
0 0.9671875 0.89375 0.9625 0.89375 0.9640625 0.9109375 0.96875 0.9109375 0.9671875 0.89375
0 0.55625 0.0890625 0.5546875 0.1015625 0.5625 0.1046875 0.5671875 0.0921875 0.5625 0.0875 0.55625 0.0890625
0 0.7859375 0.8890625 0.78125 0.8984375 0.790625 0.9109375 0.7859375 0.90625 0.79375 0.8953125 0.790625 0.8875 0.7859375 0.8890625
0 0.6484375 0.596875 0.6453125 0.609375 0.6484375 0.6171875 0.6546875 0.6171875 0.65625 0.603125 0.6484375 0.596875
0 0.73125 0.95 0.7296875 0.96875 0.7375 0.975 0.7421875 0.9515625 0.7375 0.946875 0.73125 0.95
0 0.69375 0.91875 0.6875 0.9296875 0.6984375 0.9328125 0.6984375 0.91875 0.69375 0.91875
0 0.78125 0.6625 0.775 0.675 0.784375 0.6828125 0.7875 0.675 0.78125 0.6625