0 0.9171875 0.26875 0.9171875 0.28125 0.928125 0.28125 0.9265625 0.2703125 0.9171875 0.26875
0 0.6453125 0.753125 0.64375 0.765625 0.6515625 0.7703125 0.65625 0.7625 0.6453125 0.753125
0 0.5828125 0.2875 0.5734375 0.290625 0.5734375 0.30625 0.5828125 0.30625 0.5859375 0.3015625 0.5828125 0.2875
0 0.59375 0.5484375 0.5890625 0.55 0.5921875 0.559375 0.603125 0.5609375 0.6046875 0.5515625 0.59375 0.5484375
0 0.03125 0.596875 0.025 0.6 0.025 0.6140625 0.0359375 0.6171875 0.0375 0.6 0.03125 0.596875
0 0.540625 0.1015625 0.5375 0.1171875 0.54375 0.1234375 0.5484375 0.109375 0.540625 0.1015625
0 0.9328125 0.6875 0.9296875 0.6984375 0.9421875 0.7015625 0.9484375 0.69375 0.9484375 0.6828125 0.9421875 0.6796875 0.9328125 0.6875
0 0.915625 0.6484375 0.9125 0.6671875 0.91875 0.6671875 0.9234375 0.65625 0.9234375 0.6484375 0.915625 0.6484375
0 0.7234375 0.7734375 0.7125 0.7734375 0.7140625 0.7859375 0.7234375 0.784375 0.7234375 0.7734375
0 0.8640625 0.875 0.8640625 0.8859375 0.875 0.8859375 0.875 0.875 0.8640625 0.875
0 0.7765625 0.4609375 0.7734375 0.4796875 0.78125 0.48125 0.78125 0.4609375 0.7765625 0.4609375
0 0.01875 0.596875 0.0125 0.6 0.0171875 0.6109375 0.0234375 0.6171875 0.0359375 0.6171875 0.0375 0.6 0.01875 0.596875
0 0.7703125 0.1375 0.7640625 0.14375 0.7671875 0.1640625 0.7734375 0.1609375 0.775 0.1390625 0.7703125 0.1375