0 0.6546875 0.3265625 0.6515625 0.3328125 0.65625 0.3375 0.6765625 0.334375 0.6734375 0.3265625 0.6546875 0.3265625
0 0.71875 0.4375 0.7140625 0.4421875 0.7171875 0.4484375 0.73125 0.4484375 0.734375 0.44375 0.7296875 0.4375 0.71875 0.4375
0 0.0046875 0.50625 0 0.50625 0 0.51875 0.0125 0.5234375 0.0140625 0.5375 0.0296875 0.540625 0.0296875 0.525 0.0171875 0.5109375 0.0046875 0.50625
0 0.4671875 0.5078125 0.465625 0.5140625 0.475 0.5234375 0.4875 0.5203125 0.4859375 0.5109375 0.478125 0.50625 0.4671875 0.5078125
0 0.0046875 0.5375 0 0.55 0.025 0.5515625 0.025 0.5375 0.0046875 0.5375
0 0.7390625 0.825 0.7375 0.83125 0.7421875 0.8359375 0.759375 0.8359375 0.759375 0.825 0.7390625 0.825
0 0.8109375 0.7046875 0.8046875 0.70625 0.80625 0.71875 0.821875 0.71875 0.81875 0.70625 0.8109375 0.7046875
0 0.646875 0.6796875 0.64375 0.6875 0.6609375 0.6875 0.6609375 0.6796875 0.646875 0.6796875
0 0.375 0.2796875 0.36875 0.2875 0.3859375 0.2921875 0.3859375 0.2828125 0.375 0.2796875
0 0.5296875 0.3796875 0.5109375 0.3796875 0.5109375 0.3859375 0.525 0.3875 0.5296875 0.3796875
0 0.4125 0.4546875 0.40625 0.4578125 0.40625 0.465625 0.421875 0.465625 0.425 0.45625 0.4125 0.4546875
0 0.6546875 0.2125 0.64375 0.2125 0.64375 0.21875 0.65625 0.21875 0.6546875 0.2125
0 0.0375 0.5109375 0.0234375 0.5109375 0.0234375 0.5171875 0.04375 0.53125 0.05625 0.53125 0.0546875 0.5203125 0.0375 0.5109375
0 0.6765625 0.575 0.675 0.58125 0.6828125 0.5859375 0.6984375 0.5828125 0.6875 0.5734375 0.6765625 0.575
0 0.01875 0.50625 0 0.50625 0 0.51875 0.0125 0.5265625 0.0078125 0.5359375 0 0.5375 0 0.55 0.025 0.5515625 0.025 0.54375 0.034375 0.5359375 0.03125 0.5234375 0.0421875 0.53125 0.05625 0.53125 0.05625 0.525 0.0421875 0.5125 0.01875 0.50625
0 0.6484375 0.6296875 0.64375 0.63125 0.64375 0.6484375 0.6515625 0.65625 0.675 0.6546875 0.665625 0.6375 0.6484375 0.6296875
0 0.9484375 0.5546875 0.95 0.5671875 0.9640625 0.565625 0.959375 0.5546875 0.9484375 0.5546875
0 0.3625 0.215625 0.359375 0.2234375 0.36875 0.2234375 0.38125 0.2125 0.3625 0.215625
0 0.6984375 0.6984375 0.696875 0.70625 0.70625 0.7109375 0.71875 0.70625 0.7171875 0.7 0.6984375 0.6984375
0 0.4109375 0.4078125 0.40625 0.4109375 0.409375 0.41875 0.43125 0.4171875 0.43125 0.4109375 0.425 0.4078125 0.4109375 0.4078125