0 0.5109375 0.1421875 0.50625 0.15 0.51875 0.1609375 0.5234375 0.15 0.5109375 0.1421875
0 0.19375 0.2796875 0.1921875 0.2921875 0.2 0.2921875 0.20625 0.278125 0.19375 0.2796875
0 0.6125 0.725 0.60625 0.725 0.60625 0.74375 0.6109375 0.75 0.6171875 0.7421875 0.6125 0.725
0 0.14375 0.6984375 0.1421875 0.715625 0.15 0.71875 0.153125 0.7 0.14375 0.6984375
0 0.2453125 0.0828125 0.240625 0.1 0.25 0.09375 0.2453125 0.0828125
0 0.36875 0.6484375 0.3625 0.6484375 0.371875 0.6609375 0.3625 0.6625 0.371875 0.66875 0.36875 0.6484375
0 0.18125 0.5203125 0.178125 0.534375 0.1828125 0.5375 0.1875 0.534375 0.1875 0.5234375 0.18125 0.5203125
0 0.30625 0.06875 0.3046875 0.0796875 0.3140625 0.0796875 0.3140625 0.06875 0.30625 0.06875
0 0.44375 0.9125 0.4375 0.9125 0.4375 0.925 0.446875 0.921875 0.44375 0.9125
0 0.15 0.9328125 0.15 0.94375 0.1625 0.94375 0.1609375 0.93125 0.15 0.9328125
0 0.36875 0.3484375 0.3671875 0.3515625 0.3734375 0.353125 0.3671875 0.365625 0.3734375 0.36875 0.375 0.3546875 0.36875 0.3484375
0 0.5046875 0.528125 0.503125 0.5359375 0.509375 0.540625 0.5109375 0.5296875 0.5046875 0.528125
0 0.4921875 0.175 0.4890625 0.184375 0.4984375 0.19375 0.4984375 0.178125 0.4921875 0.175