0 0.415625 0.6921875 0.4125 0.7015625 0.4171875 0.70625 0.43125 0.7046875 0.43125 0.69375 0.415625 0.6921875
0 0.0703125 0.5734375 0.0671875 0.5859375 0.0796875 0.5859375 0.0890625 0.5796875 0.0875 0.5671875 0.0703125 0.5734375
0 0.796875 0.7453125 0.7921875 0.7453125 0.7921875 0.759375 0.80625 0.778125 0.8125 0.7796875 0.8171875 0.7703125 0.796875 0.7453125
0 0.5875 0.6875 0.58125 0.7 0.58125 0.71875 0.5859375 0.71875 0.5984375 0.690625 0.5953125 0.68125 0.5875 0.6875
0 0.31875 0.54375 0.3203125 0.5578125 0.33125 0.5421875 0.321875 0.5421875 0.3296875 0.5265625 0.3234375 0.528125 0.31875 0.54375
0 0.15625 0.5234375 0.1546875 0.53125 0.1625 0.5328125 0.15625 0.54375 0.1671875 0.5296875 0.16875 0.525 0.1609375 0.51875 0.16875 0.5109375 0.1640625 0.5109375 0.15625 0.5234375
0 0.9109375 0.875 0.90625 0.8859375 0.9125 0.8921875 0.93125 0.89375 0.9296875 0.88125 0.9234375 0.875 0.9109375 0.875
0 0.2640625 0.875 0.2625 0.8921875 0.26875 0.89375 0.275 0.85625 0.26875 0.85625 0.2640625 0.875
0 0.1375 0.8140625 0.13125 0.825 0.1359375 0.8359375 0.15 0.8234375 0.1546875 0.80625 0.1421875 0.80625 0.1375 0.8140625
0 0.2609375 0.675 0.25625 0.6796875 0.25625 0.6984375 0.2640625 0.721875 0.26875 0.71875 0.26875 0.69375 0.2609375 0.675
0 0.246875 0.6484375 0.2421875 0.6484375 0.24375 0.665625 0.246875 0.6484375
0 0.25625 0.3609375 0.2546875 0.3734375 0.2609375 0.375 0.2546875 0.384375 0.2609375 0.3890625 0.2625 0.3671875 0.25625 0.3609375
0 0.6046875 0.8984375 0.603125 0.925 0.6046875 0.9375 0.609375 0.940625 0.6125 0.90625 0.6109375 0.9 0.6046875 0.8984375
0 0.7109375 0.74375 0.7046875 0.75625 0.7078125 0.7703125 0.7125 0.7703125 0.7234375 0.75625 0.728125 0.734375 0.725 0.73125 0.7109375 0.74375
0 0.2234375 0.5625 0.21875 0.5828125 0.2265625 0.58125 0.23125 0.5734375 0.234375 0.5609375 0.228125 0.55625 0.234375 0.55 0.2234375 0.5625