0 0.35 0.7609375 0.35625 0.7703125 0.3484375 0.77109375 0.3484375 0.7796875 0.3546875 0.78125 0.359375 0.7625 0.35 0.7609375
0 0.2359375 0.45 0.2421875 0.459375 0.234375 0.4640625 0.240625 0.46875 0.24375 0.4609375 0.2359375 0.45
0 0.21875 0.5234375 0.2125 0.5234375 0.2125 0.540625 0.2171875 0.54375 0.21875 0.5234375
0 0.94375 0.7921875 0.9375 0.8171875 0.95 0.825 0.95625 0.8484375 0.96875 0.8625 0.9859375 0.85 0.99375 0.83125 0.99375 0.8140625 0.9984375 0.8109375 0.9984375 0.76875 0.9921875 0.7484375 0.9875 0.7453125 0.9640625 0.759375 0.94375 0.7921875
0 0.4359375 0.6515625 0.43125 0.659375 0.434375 0.6671875 0.4421875 0.6625 0.434375 0.65625 0.4421875 0.6515625 0.4359375 0.6515625
0 0.38125 0.5625 0.3859375 0.5796875 0.3890625 0.56875 0.38125 0.5625
0 0.2703125 0.6046875 0.275 0.6109375 0.26875 0.61875 0.2703125 0.625 0.2765625 0.625 0.2796875 0.6171875 0.275 0.6046875 0.2703125 0.6046875
0 0.6453125 0.959375 0.64375 0.975 0.65 0.975 0.6546875 0.9609375 0.6453125 0.959375
0 0.296875 0.446875 0.29375 0.45625 0.3 0.4671875 0.3046875 0.4671875 0.296875 0.4578125 0.30625 0.45625 0.3046875 0.4515625 0.296875 0.446875
0 0.5234375 0.7859375 0.51875 0.7875 0.51875 0.8 0.5234375 0.80625 0.53125 0.80625 0.53125 0.7875 0.5234375 0.7859375
0 0.2625 0.4 0.2609375 0.4171875 0.26875 0.421875 0.26875 0.4 0.2625 0.4
0 0.425 0.875 0.4171875 0.875 0.41875 0.8921875 0.425 0.8921875 0.425 0.875