0 0.0453125 0.221875 0.0421875 0.2328125 0.05 0.234375 0.0578125 0.21875 0.0453125 0.221875
0 0.3984375 0.3625 0.3953125 0.3734375 0.4078125 0.375 0.4109375 0.371875 0.40625 0.3625 0.3984375 0.3625
0 0.98125 0.3125 0.9796875 0.3375 0.9875 0.340625 0.9984375 0.3265625 0.9984375 0.3171875 0.990625 0.3109375 0.98125 0.3125
0 0.1234375 0.0203125 0.1171875 0.0265625 0.1265625 0.034375 0.125 0.0390625 0.1171875 0.0375 0.11875 0.040625 0.125 0.040625 0.1296875 0.03125 0.1234375 0.0203125
0 0.065625 0.6484375 0.0640625 0.659375 0.0734375 0.659375 0.075 0.65 0.065625 0.6484375
0 0.0734375 0.25 0.06875 0.26484375 0.0765625 0.265625 0.06875 0.2734375 0.075 0.2734375 0.0796875 0.2625 0.0796875 0.2546875 0.0734375 0.25
0 0.2734375 0.1296875 0.2703125 0.1375 0.2828125 0.1421875 0.2828125 0.13125 0.2734375 0.1296875
0 0.984375 0.3109375 0.98125 0.3234375 0.9921875 0.3234375 0.99375 0.3171875 0.984375 0.3109375
0 0.4171875 0.6265625 0.415625 0.6359375 0.4234375 0.6390625 0.4265625 0.625 0.4171875 0.6265625
0 0.4609375 0.8125 0.4546875 0.8125 0.4578125 0.8359375 0.4625 0.83125 0.4609375 0.8125
0 0.3453125 0.146875 0.34375 0.15625 0.3546875 0.1625 0.3546875 0.15 0.3484375 0.14375 0.3453125 0.146875
0 0.215625 0.4390625 0.2125 0.4625 0.2203125 0.4625 0.2234375 0.44375 0.215625 0.4390625
0 0.2203125 0.7765625 0.21875 0.78125 0.228125 0.7875 0.21875 0.7921875 0.2234375 0.79375 0.23125 0.784375 0.23125 0.7703125 0.2203125 0.7765625