0 0.7875 0.353125 0.7859375 0.3671875 0.796875 0.36875 0.796875 0.3546875 0.7875 0.353125
0 0.6484375 0.4390625 0.6484375 0.4671875 0.665625 0.4796875 0.66875 0.4671875 0.6625 0.4390625 0.6484375 0.4390625
0 0.7109375 0.4109375 0.70625 0.4109375 0.70625 0.41953125 0.7125 0.425 0.7078125 0.4296875 0.71875 0.4234375 0.71875 0.4171875 0.7109375 0.4109375
0 0.65625 0.4421875 0.6484375 0.4421875 0.65 0.4578125 0.6609375 0.4578125 0.65625 0.4421875
0 0.221875 0.2421875 0.2203125 0.2546875 0.2296875 0.2484375 0.221875 0.2421875
0 0.225 0.3 0.2203125 0.3125 0.23125 0.309375 0.225 0.3
0 0.21875 0.2703125 0.2171875 0.2859375 0.225 0.28125 0.2234375 0.2703125 0.21875 0.2703125
0 0.9015625 0.7546875 0.9015625 0.7734375 0.909375 0.775 0.909375 0.75625 0.9015625 0.7546875
0 0.6671875 0.6125 0.6625 0.6125 0.6625 0.628125 0.671875 0.634375 0.6734375 0.6234375 0.6671875 0.6125
0 0.73125 0.9109375 0.728125 0.9125 0.7375 0.91875 0.728125 0.9234375 0.7375 0.925 0.7375 0.9109375 0.73125 0.9109375
0 0.8046875 0.5375 0.8 0.5375 0.8 0.553125 0.80625 0.55625 0.8046875 0.5375
0 0.225 0.3234375 0.225 0.3359375 0.23125 0.3359375 0.234375 0.325 0.225 0.3234375
0 0.8078125 0.975 0.80625 0.9984375 0.8171875 0.9984375 0.8125 0.975 0.8078125 0.975
0 0.7625 0.7484375 0.7609375 0.7578125 0.7703125 0.76875 0.7734375 0.759375 0.76875 0.75 0.7625 0.7484375
0 0.64375 0.5125 0.6375 0.525 0.6390625 0.534375 0.64375 0.534375 0.65625 0.5171875 0.65625 0.5046875 0.64375 0.5125
0 0.75625 0.9484375 0.753125 0.9640625 0.7609375 0.96875 0.7625 0.95625 0.75625 0.9484375
0 0.6625 0.1296875 0.6546875 0.1375 0.6609375 0.1421875 0.65625 0.146875 0.6671875 0.1375 0.6671875 0.1296875 0.6625 0.1296875
0 0.6515625 0.240625 0.65 0.2546875 0.6546875 0.2546875 0.6609375 0.24375 0.65625 0.2359375 0.6515625 0.240625