0 0.2 0.2828125 0.1984375 0.303125 0.2 0.309375 0.2046875 0.309375 0.2046875 0.2859375 0.2 0.2828125
0 0.325 0.5109375 0.3234375 0.5234375 0.3296875 0.5234375 0.33125 0.50625 0.325 0.5109375
0 0.3765625 0.5109375 0.375 0.5453125 0.3796875 0.546875 0.38125 0.5109375 0.3765625 0.5109375
0 0.6203125 0.9796875 0.6140625 0.9984375 0.625 0.9984375 0.63125 0.9890625 0.6296875 0.975 0.6203125 0.9796875
0 0.3234375 0.36875 0.3234375 0.4046875 0.3296875 0.40625 0.33125 0.3890625 0.3234375 0.36875
0 0.2015625 0.1921875 0.2078125 0.2 0.2 0.20625 0.2125 0.209375 0.209375 0.215625 0.2171875 0.2234375 0.2171875 0.2125 0.2015625 0.1921875
0 0.3421875 0.4296875 0.3484375 0.440625 0.340625 0.440625 0.34375 0.45625 0.3546875 0.4609375 0.353125 0.4484375 0.3421875 0.4296875
0 0.25625 0.3765625 0.2546875 0.4140625 0.2609375 0.415625 0.2640625 0.3796875 0.25625 0.3765625
0 0.4484375 0.659375 0.4484375 0.6796875 0.4484375 0.659375
0 0.50625 0.75625 0.5046875 0.7859375 0.5109375 0.790625 0.5109375 0.75625 0.50625 0.75625
0 0.4359375 0.7390625 0.43125 0.75625 0.4375 0.7625 0.4546875 0.7421875 0.4546875 0.7296875 0.4421875 0.7296875 0.4359375 0.7390625
0 0.5203125 0.9015625 0.5203125 0.9171875 0.528125 0.91875 0.5296875 0.9125 0.5203125 0.9015625