0 0.92724609375 0.9097222222222222 0.92529296875 0.9166666666666666 0.92724609375 0.9244791666666666 0.93212890625 0.9288194444444444 0.93603515625 0.9262152777777778 0.93798828125 0.9210069444444444 0.9375 0.9140625 0.93212890625 0.9079861111111112 0.92724609375 0.9097222222222222
0 0.7060546875 0.4444444444444444 0.70556640625 0.4505208333333333 0.708984375 0.4652777777777778 0.7197265625 0.4609375 0.72265625 0.4565972222222222 0.72265625 0.4453125 0.7197265625 0.4392361111111111 0.71435546875 0.4392361111111111 0.7060546875 0.4444444444444444
0 0.8203125 0.6449652777777778 0.8193359375 0.6571180555555556 0.82275390625 0.6631944444444444 0.828125 0.6640625 0.83349609375 0.6579861111111112 0.83349609375 0.6449652777777778 0.83056640625 0.640625 0.82421875 0.6397569444444444 0.8203125 0.6449652777777778
0 0.42236328125 0.5329861111111112 0.421875 0.5434027777777778 0.423828125 0.546875 0.43505859375 0.546875 0.435546875 0.5416666666666666 0.427734375 0.53125 0.4248046875 0.5295138888888888 0.42236328125 0.5329861111111112
0 0.7880859375 0.7482638888888888 0.78759765625 0.7569444444444444 0.7890625 0.7621527777777778 0.791015625 0.7647569444444444 0.79833984375 0.7647569444444444 0.80029296875 0.7569444444444444 0.79931640625 0.7473958333333334 0.7958984375 0.7439236111111112 0.791015625 0.7439236111111112 0.7880859375 0.7482638888888888
0 0.5078125 0.3151041666666667 0.50732421875 0.3203125 0.5087890625 0.3229166666666667 0.51171875 0.3220486111111111 0.51220703125 0.3142361111111111 0.5078125 0.3151041666666667
0 0.490234375 0.09461805555555555 0.490234375 0.11197916666666667 0.49267578125 0.11631944444444445 0.49560546875 0.11631944444444445 0.49853515625 0.109375 0.498046875 0.09114583333333333 0.49462890625 0.0876736111111111 0.490234375 0.09461805555555555
0 0.39599609375 0.234375 0.39404296875 0.24739583333333334 0.39404296875 0.2612847222222222 0.39599609375 0.2647569444444444 0.4013671875 0.265625 0.40185546875 0.23524305555555555 0.39599609375 0.234375
0 0.3564453125 0.4036458333333333 0.3544921875 0.4123263888888889 0.3564453125 0.4192708333333333 0.365234375 0.4305555555555556 0.36962890625 0.4288194444444444 0.36962890625 0.4175347222222222 0.36181640625 0.4036458333333333 0.3564453125 0.4036458333333333
0 0.6181640625 0.6536458333333334 0.6181640625 0.6623263888888888 0.623046875 0.6701388888888888 0.626953125 0.6701388888888888 0.630859375 0.6614583333333334 0.6298828125 0.6536458333333334 0.6259765625 0.6475694444444444 0.62158203125 0.6475694444444444 0.6181640625 0.6536458333333334
0 0.4892578125 0.8975694444444444 0.490234375 0.90625 0.494140625 0.9071180555555556 0.49462890625 0.8993055555555556 0.49072265625 0.8958333333333334 0.4892578125 0.8975694444444444
0 0.673828125 0.5555555555555556 0.67236328125 0.5659722222222222 0.67724609375 0.5763888888888888 0.68115234375 0.5763888888888888 0.6875 0.5677083333333334 0.68798828125 0.5564236111111112 0.68505859375 0.5503472222222222 0.68115234375 0.5477430555555556 0.673828125 0.5555555555555556