0 0.7296875 0.3140625 0.725 0.3265625 0.7359375 0.33125 0.7375 0.3234375 0.7296875 0.3140625
0 0.45 0.690625 0.45 0.7046875 0.45625 0.7109375 0.45625 0.690625 0.45 0.690625
0 0.67734375 0.23671875 0.0046875 0.0203125
0 0.4234375 0.978125 0.4171875 0.978125 0.4171875 0.9984375 0.4234375 0.9984375 0.425 0.99375 0.4234375 0.978125
0 0.28125 0.234375 0.278125 0.2546875 0.2828125 0.259375 0.2859375 0.2375 0.28125 0.234375
0 0.30625 0.7640625 0.3046875 0.778125 0.3125 0.7796875 0.3125 0.7671875 0.30625 0.7640625
0 0.4078125 0.425 0.40625 0.4359375 0.4140625 0.4390625 0.4171875 0.43125 0.4078125 0.425
0 0.675 0.50625 0.6734375 0.515625 0.68125 0.51875 0.6828125 0.50625 0.675 0.50625
0 0.2265625 0.5375 0.225 0.5546875 0.23125 0.5546875 0.234375 0.540625 0.2265625 0.5375
0 0.6609375 0.7203125 0.65625 0.734375 0.665625 0.7375 0.659375 0.728125 0.6609375 0.7234375 0.6671875 0.7234375 0.6609375 0.7203125
0 0.6109375 0.88125 0.6109375 0.8921875 0.61875 0.89375 0.6171875 0.88125 0.6109375 0.88125