0 0.7296875 0.796875 0.7296875 0.8109375 0.7359375 0.8125 0.7375 0.8 0.7296875 0.796875
0 0.915625 0.975 0.9125 0.9875 0.91875 0.9984375 0.9234375 0.9984375 0.925 0.9859375 0.915625 0.975
0 0.5421875 0.6359375 0.534375 0.64375 0.540625 0.665625 0.5484375 0.6625 0.5421875 0.6359375
0 0.3859375 0.4734375 0.3796875 0.4734375 0.3796875 0.49375 0.3859375 0.49375 0.3859375 0.4734375
0 0.5375 0.71875 0.5359375 0.7328125 0.540625 0.7375 0.546875 0.7234375 0.5421875 0.7171875 0.5375 0.71875
0 0.81875 0.86875 0.8125 0.86875 0.8125 0.8875 0.8171875 0.8921875 0.8234375 0.8859375 0.81875 0.86875
0 0.43125 0.8046875 0.4265625 0.80625 0.43125 0.8296875 0.4359375 0.8234375 0.43125 0.8046875
0 0.50625 0.5796875 0.50625 0.59375 0.5140625 0.6 0.5171875 0.5890625 0.50625 0.5796875
0 0.4203125 0.7234375 0.41875 0.73125 0.4265625 0.7375 0.4296875 0.7296875 0.425 0.721875 0.4203125 0.7234375
0 0.6515625 0.925 0.6421875 0.925 0.64375 0.94375 0.65625 0.9375 0.6515625 0.925
0 0.5046875 0.825 0.50625 0.8390625 0.5109375 0.8359375 0.5109375 0.825 0.5046875 0.825
0 0.6421875 0.71875 0.6359375 0.725 0.6453125 0.7296875 0.6359375 0.7375 0.6484375 0.728125 0.6421875 0.71875
0 0.4359375 0.54375 0.4359375 0.5546875 0.44375 0.5546875 0.44375 0.5421875 0.4359375 0.54375