0 0.5625 0.43125 0.5578125 0.4375 0.5734375 0.4375 0.571875 0.43125 0.5625 0.43125
0 0.2046875 0.2484375 0.2015625 0.2546875 0.20625 0.259375 0.225 0.2546875 0.21875 0.246875 0.2046875 0.2484375
0 0.275 0.171875 0.2734375 0.18125 0.2828125 0.18125 0.28125 0.16875 0.275 0.171875
0 0.2703125 0.153125 0.26875 0.1625 0.28125 0.16875 0.28125 0.15625 0.2703125 0.153125
0 0.2375 0.234375 0.2359375 0.240625 0.25 0.240625 0.2484375 0.23125 0.2375 0.234375
0 0.9171875 0.69375 0.9125 0.70625 0.928125 0.7078125 0.9296875 0.6984375 0.9171875 0.69375
0 0.5625 0.8078125 0.5609375 0.8171875 0.5796875 0.8171875 0.5796875 0.8078125 0.5625 0.8078125
0 0.15625 0.6765625 0.15 0.68125 0.1546875 0.690625 0.16875 0.6859375 0.16875 0.6796875 0.15625 0.6765625
0 0.3546875 0.7671875 0.3546875 0.775 0.3734375 0.76875 0.371875 0.7640625 0.3546875 0.7671875
0 0.809375 0.5796875 0.80625 0.5859375 0.8125 0.5921875 0.821875 0.5921875 0.8234375 0.5859375 0.8171875 0.5796875 0.809375 0.5796875
0 0.1921875 0.325 0.1859375 0.3359375 0.2 0.3359375 0.1984375 0.325 0.1921875 0.325
0 0.8625 0.578125 0.8609375 0.5890625 0.8671875 0.5890625 0.8734375 0.58125 0.86875 0.5765625 0.8625 0.578125
0 0.3 0.0734375 0.296875 0.084375 0.3109375 0.0859375 0.3125 0.075 0.3 0.0734375
0 0.53125 0.6046875 0.51875 0.6046875 0.51875 0.609375 0.5359375 0.6140625 0.53125 0.6046875
0 0.5421875 0.2703125 0.5375 0.275 0.5421875 0.28125 0.5484375 0.2734375 0.5546875 0.2796875 0.5421875 0.2703125
0 0.6625 0.7640625 0.65625 0.7734375 0.671875 0.7734375 0.671875 0.7640625 0.6625 0.7640625
0 0.2890625 0.4859375 0.2875 0.49375 0.3015625 0.4984375 0.3015625 0.4875 0.2890625 0.4859375