0 0.821875 0.1828125 0.81875 0.1921875 0.8296875 0.2015625 0.8296875 0.1875 0.821875 0.1828125
0 0.7484375 0.1421875 0.7421875 0.1421875 0.7421875 0.1609375 0.753125 0.15625 0.7484375 0.1421875
0 0.8953125 0.0546875 0.89375 0.06875 0.8953125 0.0546875
0 0.64375 0.2515625 0.6390625 0.275 0.646875 0.2796875 0.6484375 0.2604171875 0.6421875 0.259375 0.6484375 0.2515625 0.64375 0.2515625
0 0.590625 0.5484375 0.5890625 0.5609375 0.6 0.5625 0.6 0.5515625 0.590625 0.5484375
0 0.59375 0.6046875 0.59375 0.6140625 0.5984375 0.61875 0.60625 0.6171875 0.609375 0.60625 0.6 0.6 0.59375 0.6046875
0 0.7734375 0.60625 0.7703125 0.6234375 0.775 0.628125 0.78125 0.609375 0.7734375 0.60625
0 0.659375 0.1609375 0.65625 0.1734375 0.675 0.171875 0.675 0.1625 0.659375 0.1609375
0 0.6296875 0.675 0.625 0.6828125 0.634375 0.6890625 0.625 0.69375 0.628125 0.696875 0.6359375 0.6875 0.6359375 0.675 0.6296875 0.675
0 0.6890625 0.1078125 0.6875 0.125 0.6953125 0.13125 0.6984375 0.115625 0.6921875 0.10625 0.6890625 0.1078125
0 0.675 0.45625 0.671875 0.471875 0.6765625 0.475 0.6796875 0.4609375 0.675 0.45625
0 0.7828125 0.85625 0.7796875 0.865625 0.7859375 0.8703125 0.790625 0.8546875 0.7828125 0.85625
0 0.675 0.9328125 0.66875 0.9375 0.66875 0.9484375 0.6796875 0.946875 0.675 0.9328125
0 0.6875 0.109375 0.6875 0.14375 0.696875 0.15 0.6984375 0.115625 0.6921875 0.10625 0.6875 0.109375
0 0.53125 0.7609375 0.5265625 0.7609375 0.534375 0.76875 0.5265625 0.775 0.5359375 0.78125 0.53125 0.7609375
0 0.771875 0.3390625 0.7703125 0.353125 0.7765625 0.3546875 0.78125 0.34375 0.771875 0.3390625