0 0.7640625 0.16875 0.75625 0.1734375 0.759375 0.1859375 0.7734375 0.18125 0.7765625 0.175 0.7765625 0.16875 0.7640625 0.16875
0 0.6125 0.1265625 0.6109375 0.1421875 0.6296875 0.1296875 0.625 0.1234375 0.6125 0.1265625
0 0.025 0.0140625 0.01875 0.0265625 0.0203125 0.0375 0.0296875 0.034375 0.0421875 0.01875 0.0359375 0 0.025 0.0140625
0 0.4796875 0.1453125 0.475 0.1625 0.4796875 0.171875 0.4921875 0.1390625 0.4875 0.1359375 0.4796875 0.1453125
0 0.3890625 0.178125 0.3875 0.190625 0.3953125 0.1921875 0.4 0.184375 0.3921875 0.175 0.4 0.1734375 0.39375 0.1671875 0.3984375 0.1609375 0.39375 0.1625 0.3890625 0.178125
0 0.775 0.3140625 0.775 0.3234375 0.79375 0.3296875 0.790625 0.3171875 0.775 0.3140625
0 0.29375 0.0375 0.2875 0.0421875 0.2875 0.05 0.309375 0.0546875 0.309375 0.04375 0.29375 0.0375
0 0.7609375 0.7546875 0.759375 0.778125 0.76875 0.78125 0.76875 0.7729171874999999 0.7609375 0.771875 0.76875 0.7645828125 0.76875 0.75625 0.7609375 0.7546875
0 0.1421875 0.053125 0.1390625 0.06875 0.146875 0.0734375 0.15625 0.0578125 0.15625 0.0421875 0.15 0.040625 0.1421875 0.053125
0 0.44375 0.0140625 0.4421875 0.0453125 0.4484375 0.05625 0.4515625 0.0421875 0.44375 0.0140625
0 0.54375 0.16875 0.5375 0.1875 0.5421875 0.1953125 0.5375 0.2 0.55 0.1875 0.5515625 0.1734375 0.55 0.16875 0.54375 0.16875