0 0.63125 0.55 0.6296875 0.590625 0.634375 0.5984375 0.640625 0.5984375 0.64375 0.5625 0.6375 0.5515625 0.63125 0.55
0 0.7078125 0.403125 0.7078125 0.415625 0.71875 0.4109375 0.7140625 0.4 0.7078125 0.403125
0 0.596875 0.6046875 0.59375 0.6125 0.6 0.6171875 0.6140625 0.6125 0.6125 0.6046875 0.596875 0.6046875
0 0.7734375 0.6453125 0.7703125 0.6484375 0.7796875 0.653125 0.7703125 0.659375 0.7734375 0.665625 0.78125 0.6671875 0.7796875 0.65 0.7734375 0.6453125
0 0.753125 0.325 0.75 0.3328125 0.7640625 0.3375 0.7640625 0.33125 0.753125 0.325
0 0.60625 0.9234375 0.6046875 0.9453125 0.6109375 0.946875 0.6125 0.925 0.60625 0.9234375
0 0.63125 0.5546875 0.6296875 0.565625 0.6375 0.575 0.6421875 0.565625 0.6359375 0.5546875 0.63125 0.5546875
0 0.58125 0.6984375 0.5828125 0.725 0.5859375 0.7 0.58125 0.6984375
0 0.6921875 0.5984375 0.6875 0.6 0.6875 0.6125 0.696875 0.6140625 0.6984375 0.6046875 0.6921875 0.5984375
0 0.85234375 0.525 0.0046875 0.0125
0 0.7140625 0.8125 0.7125 0.825 0.71875 0.8296875 0.7234375 0.8234375 0.7140625 0.8171875 0.7234375 0.8125 0.7140625 0.8125