0 0.4265625 0.940625 0.4265625 0.95 0.4390625 0.9484375 0.4390625 0.9375 0.4265625 0.940625
0 0.146875 0.3328125 0.14375 0.34375 0.146875 0.3546875 0.153125 0.35625 0.15625 0.3375 0.153125 0.33125 0.146875 0.3328125
0 0.26875 0.0359375 0.2609375 0.0375 0.2640625 0.0546875 0.275 0.05 0.275 0.0375 0.26875 0.0359375
0 0.6109375 0.79375 0.60625 0.8125 0.6125 0.8171875 0.6171875 0.80625 0.609375 0.8015625 0.6171875 0.79375 0.6109375 0.79375
0 0.14375 0.928125 0.153125 0.9375 0.1421875 0.93984375 0.1421875 0.95 0.15625 0.9453125 0.15625 0.95625 0.1609375 0.9546875 0.1671875 0.9296875 0.1625 0.925 0.1546875 0.9328125 0.15 0.925 0.14375 0.928125
0 0.275 0.3625 0.2703125 0.375 0.28125 0.3875 0.2859375 0.3859375 0.2859375 0.3671875 0.28125 0.36875 0.275 0.3625
0 0.3890625 0.83125 0.3890625 0.85 0.3984375 0.8546875 0.3984375 0.8375 0.3953125 0.83125 0.3890625 0.83125
0 0.4109375 0.0453125 0.4109375 0.0640625 0.4203125 0.0671875 0.421875 0.0546875 0.4109375 0.0453125
0 0.259375 0.46875 0.25625 0.4875 0.2640625 0.49375 0.26875 0.4890625 0.26875 0.46875 0.259375 0.46875
0 0.275 0.540625 0.2640625 0.5515625 0.2671875 0.55625 0.278125 0.55 0.275 0.540625
0 0.721875 0.89375 0.71875 0.9125 0.725 0.9109375 0.721875 0.89375
0 0.375 0.5828125 0.375 0.6046875 0.38125 0.609375 0.3859375 0.6 0.3796875 0.5828125 0.375 0.5828125
0 0.4578125 0.3421875 0.45625 0.3609375 0.4640625 0.3640625 0.465625 0.3484375 0.4578125 0.3421875
0 0.475 0.96875 0.4734375 0.990625 0.4796875 0.9921875 0.484375 0.971875 0.475 0.96875
0 0.5265625 0.9 0.5234375 0.9125 0.5328125 0.91875 0.534375 0.9 0.5265625 0.9
0 0.5125 0.65625 0.5109375 0.6671875 0.51875 0.6734375 0.5234375 0.6625 0.5125 0.65625