0 0.4640625 0.9265625 0.4609375 0.9546875 0.4671875 0.9578125 0.4703125 0.93125 0.4671875 0.925 0.4640625 0.9265625
0 0.5765625 0.60625 0.575 0.6171875 0.5859375 0.6171875 0.5859375 0.60625 0.5765625 0.60625
0 0.6296875 0.5234375 0.6171875 0.5234375 0.6171875 0.53125 0.6296875 0.534375 0.6296875 0.5234375
0 0.2109375 0.2140625 0.2125 0.2265625 0.2171875 0.21875 0.2109375 0.2140625
0 0.653125 0.8515625 0.6515625 0.8625 0.6625 0.8703125 0.6625 0.8546875 0.659375 0.85 0.653125 0.8515625
0 0.565625 0.8125 0.5625 0.825 0.5734375 0.83125 0.5734375 0.8171875 0.565625 0.8125
0 0.234375 0.7765625 0.23125 0.784375 0.240625 0.79375 0.246875 0.7921875 0.24375 0.7796875 0.234375 0.7765625
0 0.2234375 0.1859375 0.2203125 0.1921875 0.225 0.19375 0.2234375 0.1859375
0 0.215625 0.1921875 0.2125 0.2 0.21875 0.2046875 0.215625 0.1921875
0 0.475 0.8296875 0.475 0.8421875 0.4859375 0.8421875 0.49375 0.8359375 0.4859375 0.8265625 0.475 0.8296875
0 0.509375 0.7734375 0.50625 0.775 0.515625 0.78125 0.50625 0.7859375 0.5171875 0.7921875 0.5171875 0.78125 0.509375 0.7734375
0 0.2203125 0.1625 0.21875 0.171875 0.2234375 0.175 0.225 0.1625 0.2203125 0.1625
0 0.50625 0.7734375 0.50625 0.8125 0.5171875 0.81875 0.51875 0.78125 0.5125 0.7734375 0.50625 0.7734375
0 0.2171875 0.16875 0.2125 0.1734375 0.215625 0.1921875 0.2234375 0.1859375 0.2234375 0.175 0.2171875 0.16875
0 0.4609375 0.93125 0.4578125 0.9484375 0.4625 0.96875 0.46875 0.971875 0.46875 0.95 0.4734375 0.940625 0.4671875 0.925 0.4609375 0.93125