0 0.00732421875 0.22135416666666666 0.0078125 0.2326388888888889 0.017578125 0.24305555555555555 0.02294921875 0.24131944444444445 0.0234375 0.23350694444444445 0.02197265625 0.22916666666666666 0.0126953125 0.21961805555555555 0.00732421875 0.22135416666666666
0 0.30908203125 0.3715277777777778 0.30908203125 0.3802083333333333 0.3134765625 0.3897569444444444 0.3212890625 0.3888888888888889 0.3232421875 0.3810763888888889 0.3232421875 0.3723958333333333 0.3203125 0.3645833333333333 0.3115234375 0.3645833333333333 0.30908203125 0.3715277777777778
0 0.30224609375 0.5017361111111112 0.3017578125 0.5112847222222222 0.30419921875 0.5182291666666666 0.310546875 0.5199652777777778 0.31298828125 0.5164930555555556 0.31298828125 0.5017361111111112 0.30908203125 0.4982638888888889 0.30224609375 0.5017361111111112
0 0.68359375 0.5217013888888888 0.68408203125 0.53125 0.6884765625 0.5373263888888888 0.69140625 0.5364583333333334 0.693359375 0.5321180555555556 0.69189453125 0.5199652777777778 0.68798828125 0.5182291666666666 0.68359375 0.5217013888888888
0 0.00732421875 0.6145833333333334 0.00732421875 0.6215277777777778 0.0126953125 0.6276041666666666 0.0244140625 0.6284722222222222 0.02783203125 0.6258680555555556 0.02783203125 0.6180555555555556 0.02587890625 0.6145833333333334 0.0126953125 0.6119791666666666 0.00732421875 0.6145833333333334
0 0.1083984375 0.6362847222222222 0.107421875 0.6440972222222222 0.109375 0.6493055555555556 0.11669921875 0.6484375 0.12060546875 0.6449652777777778 0.12255859375 0.6397569444444444 0.12255859375 0.6354166666666666 0.12060546875 0.6328125 0.1083984375 0.6362847222222222
0 0.29931640625 0.2543402777777778 0.29833984375 0.2638888888888889 0.3076171875 0.2725694444444444 0.31298828125 0.2604166666666667 0.31396484375 0.2517361111111111 0.30859375 0.2439236111111111 0.30419921875 0.24305555555555555 0.29931640625 0.2543402777777778
0 0.28515625 0.8376736111111112 0.2841796875 0.8411458333333334 0.28564453125 0.8454861111111112 0.2890625 0.8454861111111112 0.291015625 0.8420138888888888 0.29052734375 0.8368055555555556 0.28515625 0.8376736111111112
0 0.45947265625 0.390625 0.45947265625 0.4045138888888889 0.46142578125 0.4079861111111111 0.466796875 0.4079861111111111 0.46875 0.4036458333333333 0.46875 0.3949652777777778 0.466796875 0.3871527777777778 0.45947265625 0.390625
0 0.4482421875 0.2786458333333333 0.447265625 0.2907986111111111 0.44970703125 0.296875 0.45263671875 0.3003472222222222 0.4580078125 0.2994791666666667 0.45947265625 0.2916666666666667 0.45849609375 0.2786458333333333 0.4541015625 0.2743055555555556 0.4482421875 0.2786458333333333
0 0.609375 0.3637152777777778 0.607421875 0.3723958333333333 0.611328125 0.3802083333333333 0.6142578125 0.3802083333333333 0.6171875 0.3732638888888889 0.61669921875 0.3645833333333333 0.61328125 0.3619791666666667 0.609375 0.3637152777777778