0 0.3310546875 0.5164930555555556 0.32861328125 0.5329861111111112 0.33154296875 0.5373263888888888 0.3427734375 0.5407986111111112 0.3447265625 0.5364583333333334 0.34423828125 0.5199652777777778 0.3310546875 0.5164930555555556
0 0.21728515625 0.2387152777777778 0.216796875 0.2456597222222222 0.2197265625 0.2465277777777778 0.2216796875 0.23958333333333334 0.21728515625 0.2387152777777778
0 0.2705078125 0.5789930555555556 0.27001953125 0.5911458333333334 0.27197265625 0.5954861111111112 0.27685546875 0.5972222222222222 0.28125 0.59375 0.283203125 0.5859375 0.28125 0.5746527777777778 0.2744140625 0.5729166666666666 0.2705078125 0.5789930555555556
0 0.0361328125 0.6788194444444444 0.0361328125 0.6883680555555556 0.03955078125 0.6892361111111112 0.0400390625 0.6805555555555556 0.0361328125 0.6788194444444444
0 0.1826171875 0.1545138888888889 0.18359375 0.1623263888888889 0.1884765625 0.1623263888888889 0.18798828125 0.15364583333333334 0.1826171875 0.1545138888888889
0 0.0703125 0.18055555555555555 0.06982421875 0.1892361111111111 0.072265625 0.2074652777777778 0.07958984375 0.2074652777777778 0.0810546875 0.2013888888888889 0.08154296875 0.17708333333333334 0.07275390625 0.1762152777777778 0.0703125 0.18055555555555555
0 0.1455078125 0.09114583333333333 0.14501953125 0.09895833333333333 0.15087890625 0.10590277777777778 0.1572265625 0.09027777777777778 0.1572265625 0.08246527777777778 0.15478515625 0.078125 0.15234375 0.078125 0.1455078125 0.09114583333333333
0 0.2060546875 0.6006944444444444 0.20068359375 0.609375 0.20068359375 0.6180555555555556 0.203125 0.6223958333333334 0.21044921875 0.6215277777777778 0.2138671875 0.6137152777777778 0.21337890625 0.6059027777777778 0.2109375 0.6015625 0.2060546875 0.6006944444444444
0 0.08447265625 0.3420138888888889 0.08447265625 0.3472222222222222 0.091796875 0.3585069444444444 0.09521484375 0.3585069444444444 0.0966796875 0.3559027777777778 0.0966796875 0.3506944444444444 0.091796875 0.3368055555555556 0.08447265625 0.3420138888888889
0 0.451171875 0.1015625 0.45068359375 0.11197916666666667 0.45263671875 0.11371527777777778 0.46337890625 0.11805555555555555 0.46630859375 0.11284722222222222 0.46630859375 0.10416666666666667 0.46435546875 0.10069444444444445 0.451171875 0.1015625
0 0.263671875 0.04600694444444445 0.26318359375 0.06684027777777778 0.2705078125 0.06770833333333333 0.2734375 0.059895833333333336 0.27197265625 0.052083333333333336 0.2685546875 0.04600694444444445 0.263671875 0.04600694444444445
0 0.35693359375 0.7751736111111112 0.357421875 0.7899305555555556 0.3623046875 0.7934027777777778 0.36767578125 0.7881944444444444 0.36767578125 0.7751736111111112 0.36474609375 0.7708333333333334 0.359375 0.7708333333333334 0.35693359375 0.7751736111111112
0 0.44091796875 0.028645833333333332 0.4404296875 0.04079861111111111 0.44482421875 0.051215277777777776 0.44677734375 0.050347222222222224 0.45556640625 0.03298611111111111 0.45458984375 0.024305555555555556 0.4501953125 0.020833333333333332 0.44189453125 0.024305555555555556 0.44091796875 0.028645833333333332
0 0.30517578125 0.8229166666666666 0.30224609375 0.828125 0.30224609375 0.8368055555555556 0.30322265625 0.8411458333333334 0.30810546875 0.84375 0.3134765625 0.8359375 0.31396484375 0.8307291666666666 0.310546875 0.8229166666666666 0.30517578125 0.8229166666666666