0 0.675 0.29375 0.675 0.30625 0.6859375 0.30625 0.6875 0.296875 0.6828125 0.2921875 0.675 0.29375
0 0.35 0.5890625 0.35 0.596875 0.3671875 0.5984375 0.3625 0.5890625 0.35 0.5890625
0 0.0734375 0.2546875 0.06875 0.2609375 0.0921875 0.2671875 0.09375 0.2609375 0.0890625 0.25625 0.078125 0.2640625 0.0734375 0.2546875
0 0.3625 0.75625 0.3546875 0.76875 0.3671875 0.76875 0.375 0.7625 0.371875 0.75625 0.3625 0.75625
0 0.1 0.8921875 0.096875 0.9046875 0.1078125 0.90625 0.1109375 0.8921875 0.1 0.8921875
0 0.2796875 0.2 0.275 0.2046875 0.28125 0.2109375 0.3 0.20625 0.3 0.2 0.2796875 0.2
0 0.5828125 0.4234375 0.5828125 0.43125 0.596875 0.4296875 0.59375 0.41875 0.5828125 0.4234375
0 0.0578125 0.546875 0.0546875 0.559375 0.06875 0.5609375 0.0671875 0.546875 0.0578125 0.546875
0 0.3890625 0.240625 0.3875 0.24375 0.3953125 0.2484375 0.4 0.2390625 0.40625 0.2484375 0.4078125 0.2453125 0.4 0.2375 0.3890625 0.240625
0 0.2828125 0.4109375 0.275 0.421875 0.2921875 0.425 0.296875 0.4171875 0.290625 0.4109375 0.2828125 0.4109375
0 0.6375 0.4171875 0.6375 0.4296875 0.6484375 0.43125 0.64375 0.41875 0.6375 0.4171875
0 0.596875 0.71875 0.5859375 0.71875 0.5859375 0.7234375 0.596875 0.71875