0 0.1 0.8703125 0.0984375 0.8796875 0.1171875 0.89375 0.1171875 0.875 0.1109375 0.8671875 0.1 0.8703125
0 0.24375 0.6171875 0.2421875 0.63125 0.246875 0.63125 0.259375 0.6046875 0.2515625 0.6046875 0.24375 0.6171875
0 0.246875 0.7984375 0.24375 0.8125 0.2546875 0.8046875 0.246875 0.7984375
0 0.20625 0.2265625 0.2015625 0.25 0.2078125 0.25 0.2125 0.240625 0.2125 0.23203125 0.2046875 0.23125 0.2125 0.2234375 0.20625 0.2265625
0 0.0421875 0.9171875 0.0375 0.9484375 0.0546875 0.95625 0.06875 0.9125 0.0671875 0.8890625 0.0609375 0.890625 0.05625 0.915625 0.0421875 0.9171875
0 0.209375 0.84375 0.2046875 0.8484375 0.2046875 0.8609375 0.2234375 0.8671875 0.2296875 0.8609375 0.2296875 0.853125 0.2234375 0.84375 0.209375 0.84375
0 0.25625 0.45 0.2546875 0.4640625 0.2609375 0.4671875 0.2671875 0.4578125 0.26875 0.4359375 0.2625 0.4375 0.25625 0.45
0 0.20625 0.3765625 0.2046875 0.3796875 0.2171875 0.3828125 0.2046875 0.39375 0.209375 0.39375 0.21875 0.38125 0.21875 0.3640625 0.20625 0.3765625
0 0.2140625 0.5453125 0.2125 0.5546875 0.2234375 0.5546875 0.2234375 0.54375 0.2140625 0.5453125
0 0.246875 0.15625 0.240625 0.15625 0.24375 0.2 0.2484375 0.1984375 0.246875 0.15625
0 0.2546875 0.5015625 0.2515625 0.53125 0.2578125 0.5375 0.2609375 0.5 0.2546875 0.5015625
0 0.25 0.9453125 0.24375 0.95625 0.2484375 0.96875 0.2609375 0.946875 0.259375 0.9375 0.25 0.9453125
0 0.6453125 0.565625 0.64375 0.5734375 0.65625 0.571875 0.6515625 0.5625 0.6453125 0.565625