0 0.3953125 0.1765625 0.3953125 0.2 0.4171875 0.2 0.41875 0.1796875 0.4109375 0.171875 0.3953125 0.1765625
0 0.2125 0.89375 0.209375 0.9046875 0.21875 0.90625 0.2234375 0.8953125 0.2125 0.89375
0 0.0890625 0.0203125 0.0921875 0.028125 0.0859375 0.034375 0.0859375 0.0421875 0.09375 0.05 0.1078125 0.0515625 0.1109375 0.025 0.0984375 0.0140625 0.0890625 0.0203125
0 0.0890625 0.753125 0.0890625 0.7734375 0.1109375 0.7703125 0.1109375 0.753125 0.0890625 0.753125
0 0.3046875 0.6359375 0.3046875 0.6421875 0.3125 0.64375 0.321875 0.6375 0.3265625 0.6421875 0.3203125 0.6359375 0.3046875 0.6359375
0 0.003125 0.821875 0 0.8359375 0.0125 0.8421875 0.01875 0.825 0.003125 0.821875
0 0.0546875 0.21875 0.0484375 0.225 0.05 0.2359375 0.065625 0.234375 0.0703125 0.21875 0.0546875 0.21875
0 0.0609375 0.0625 0.0515625 0.0734375 0.071875 0.075 0.06875 0.0625 0.0609375 0.0625
0 0.178125 0.78125 0.1765625 0.7890625 0.190625 0.790625 0.1921875 0.78125 0.178125 0.78125
0 0.2265625 0.675 0.2265625 0.6828125 0.24375 0.6796875 0.240625 0.675 0.2265625 0.675
0 0.0375 0.7734375 0.03125 0.7796875 0.05 0.78125 0.0515625 0.7734375 0.0375 0.7734375
0 0.0203125 0.9484375 0.0203125 0.9609375 0.03125 0.9609375 0.0359375 0.95625 0.0359375 0.9484375 0.0203125 0.9484375
0 0.0375 0.0046875 0.034375 0.025 0.0421875 0.0296875 0.0515625 0.0171875 0.05 0 0.0375 0.0046875
0 0.2046875 0.0203125 0.2046875 0.03125 0.21875 0.03125 0.225 0.0234375 0.225 0.0140625 0.215625 0.0109375 0.2046875 0.0203125
0 0.2859375 0.28125 0.2828125 0.2984375 0.3 0.3015625 0.3046875 0.296875 0.2984375 0.2828125 0.2859375 0.28125
0 0.31875 0.8125 0.3171875 0.8171875 0.325 0.8234375 0.3375 0.81875 0.33125 0.8078125 0.31875 0.8125