0 0.6140625 0.0859375 0.6125 0.09375 0.6296875 0.1125 0.628125 0.1421875 0.6359375 0.153125 0.64375 0.1484375 0.6484375 0.1328125 0.64375 0.10625 0.6140625 0.0859375
0 0.7609375 0.3453125 0.75625 0.3484375 0.7609375 0.359375 0.7765625 0.3671875 0.7859375 0.3625 0.784375 0.3546875 0.7609375 0.3453125
0 0.1921875 0.1203125 0.1875 0.1234375 0.1875 0.1390625 0.19375 0.1421875 0.2046875 0.1359375 0.2046875 0.1296875 0.1921875 0.1203125
0 0.228125 0.1484375 0.2265625 0.1609375 0.2484375 0.1625 0.246875 0.15 0.228125 0.1484375
0 0.0875 0.18125 0.0890625 0.1984375 0.10625 0.19375 0.103125 0.18125 0.0875 0.18125
0 0.05 0.3125 0.05 0.33125 0.06875 0.33125 0.0671875 0.3125 0.05 0.3125
0 0.8359375 0.7609375 0.8296875 0.7609375 0.8296875 0.7671875 0.8390625 0.784375 0.8546875 0.784375 0.8546875 0.7734375 0.8359375 0.7609375
0 0.7921875 0.365625 0.7921875 0.3984375 0.8 0.3859375 0.8 0.3625 0.7921875 0.365625
0 0.6125 0.26875 0.609375 0.2984375 0.6171875 0.3125 0.63125 0.3171875 0.6375 0.29375 0.6359375 0.2625 0.625 0.25625 0.6125 0.26875
0 0.6484375 0.55 0.6484375 0.5609375 0.6421875 0.55625 0.6359375 0.5625 0.6375 0.56875 0.6453125 0.5625 0.68125 0.571875 0.6828125 0.5671875 0.675 0.5609375 0.6671875 0.5625 0.66875 0.5546875 0.659375 0.546875 0.6484375 0.55
0 0.421875 0.5140625 0.4171875 0.51875 0.41875 0.53125 0.43125 0.53125 0.43125 0.51875 0.421875 0.5140625
0 0.6109375 0.2859375 0.6125 0.30625 0.625 0.3171875 0.63125 0.3171875 0.6359375 0.309375 0.6359375 0.28125 0.6140625 0.28125 0.6109375 0.2859375
0 0.68125 0.7625 0.6796875 0.7796875 0.6984375 0.775 0.7046875 0.78125 0.70625 0.8 0.7140625 0.80625 0.728125 0.8046875 0.7359375 0.78125 0.71875 0.775 0.70625 0.7609375 0.68125 0.7625
0 0.1625 0.1921875 0.1609375 0.209375 0.178125 0.209375 0.18125 0.2 0.1625 0.1921875