0 0.40625 0.75625 0.4 0.76875 0.409375 0.76875 0.4171875 0.7609375 0.415625 0.75625 0.40625 0.75625
0 0.56875 0.4265625 0.565625 0.4359375 0.5734375 0.4375 0.5796875 0.43125 0.56875 0.4265625
0 0.2328125 0.2453125 0.23125 0.25 0.24375 0.25 0.2421875 0.2421875 0.2328125 0.2453125
0 0.69375 0.75 0.69375 0.759375 0.7078125 0.7546875 0.70625 0.7484375 0.69375 0.75
0 0.2625 0.18125 0.2609375 0.190625 0.2703125 0.1921875 0.2703125 0.18125 0.2625 0.18125
0 0.2609375 0.1625 0.25625 0.1734375 0.2609375 0.1796875 0.26875 0.1796875 0.2734375 0.1734375 0.2671875 0.1625 0.2609375 0.1625
0 0.0171875 0.6390625 0.0140625 0.6484375 0.025 0.65 0.034375 0.6453125 0.0171875 0.6390625
0 0.940625 0.6734375 0.9359375 0.675 0.9359375 0.68125 0.9484375 0.6859375 0.9484375 0.675 0.940625 0.6734375
0 0.6203125 0.7921875 0.6046875 0.7921875 0.6046875 0.8 0.6234375 0.8 0.6203125 0.7921875
0 0.3203125 0.4875 0.3125 0.4875 0.3171875 0.5 0.3234375 0.4984375 0.3203125 0.4875
0 0.2046875 0.259375 0.2 0.2609375 0.2 0.26875 0.2234375 0.2671875 0.2234375 0.2609375 0.2046875 0.259375
0 0.19375 0.6796875 0.1953125 0.690625 0.2109375 0.6859375 0.2109375 0.6796875 0.19375 0.6796875
0 0.8203125 0.5640625 0.81875 0.571875 0.8359375 0.5734375 0.8296875 0.5625 0.8203125 0.5640625
0 0.19375 0.3390625 0.19375 0.3484375 0.2046875 0.34375 0.2046875 0.3375 0.19375 0.3390625
0 0.28125 0.084375 0.275 0.0875 0.275 0.096875 0.2859375 0.1 0.2921875 0.0921875 0.28125 0.084375
0 0.8703125 0.5640625 0.8703125 0.5734375 0.8796875 0.5734375 0.8859375 0.5671875 0.8828125 0.5609375 0.8703125 0.5640625
0 0.54375 0.596875 0.540625 0.6046875 0.546875 0.609375 0.5578125 0.6046875 0.55625 0.5984375 0.54375 0.596875
0 0.53125 0.2703125 0.53125 0.28125 0.5359375 0.2828125 0.5421875 0.275 0.5484375 0.2796875 0.546875 0.275 0.53125 0.2703125