0 0.6171875 0.246875 0.6125 0.246875 0.6125 0.2609375 0.6203125 0.2671875 0.6234375 0.2546875 0.6171875 0.246875
0 0.6375 0.1203125 0.6359375 0.13125 0.6421875 0.1359375 0.6453125 0.11875 0.6375 0.1203125
0 0.484375 0.7 0.48125 0.7109375 0.4921875 0.71875 0.49375 0.70625 0.484375 0.7
0 0.4921875 0.328125 0.4921875 0.34375 0.4984375 0.34375 0.490625 0.3328125 0.5 0.3296875 0.4921875 0.328125
0 0.5265625 0.1578125 0.51875 0.1578125 0.51875 0.1734375 0.5296875 0.171875 0.5265625 0.1578125
0 0.4390625 0.7109375 0.434375 0.7296875 0.4421875 0.7359375 0.45 0.71875 0.44375 0.70625 0.4390625 0.7109375
0 0.4078125 0.7859375 0.40625 0.7921875 0.415625 0.79375 0.40625 0.8046875 0.4109375 0.80625 0.4171875 0.7859375 0.4125 0.78125 0.4078125 0.7859375
0 0.46875 0.5109375 0.4625 0.5109375 0.4671875 0.53125 0.4734375 0.5296875 0.46875 0.5109375
0 0.5515625 0.7421875 0.55 0.75625 0.5609375 0.7609375 0.5609375 0.75 0.5515625 0.7421875
0 0.55625 0.9 0.55625 0.9109375 0.5671875 0.90625 0.5671875 0.8953125 0.55625 0.9
0 0.5859375 0.45625 0.58125 0.4609375 0.5828125 0.484375 0.59375 0.4796875 0.5921875 0.4625 0.5859375 0.45625
0 0.509375 0.925 0.50625 0.9296875 0.5125 0.9375 0.50625 0.940625 0.5109375 0.94375 0.5140625 0.925 0.509375 0.925
0 0.4015625 0.9296875 0.3953125 0.9296875 0.3984375 0.9484375 0.4046875 0.9484375 0.40625 0.94375 0.4015625 0.9296875