0 0.134765625 0.3567708333333333 0.134765625 0.3619791666666667 0.13720703125 0.3628472222222222 0.1396484375 0.359375 0.13720703125 0.3541666666666667 0.134765625 0.3567708333333333
0 0.09814453125 0.4661458333333333 0.09765625 0.4704861111111111 0.1015625 0.4791666666666667 0.10595703125 0.4782986111111111 0.1064453125 0.4704861111111111 0.10498046875 0.4661458333333333 0.09814453125 0.4661458333333333
0 0.28173828125 0.6328125 0.2822265625 0.6449652777777778 0.2861328125 0.6449652777777778 0.296875 0.6354166666666666 0.30078125 0.6267361111111112 0.30712890625 0.6223958333333334 0.30810546875 0.6171875 0.30615234375 0.6145833333333334 0.2998046875 0.6215277777777778 0.29248046875 0.6223958333333334 0.28173828125 0.6328125
0 0.38671875 0.3229166666666667 0.384765625 0.3272569444444444 0.384765625 0.3324652777777778 0.38720703125 0.3368055555555556 0.392578125 0.3350694444444444 0.3935546875 0.3289930555555556 0.4013671875 0.3177083333333333 0.40087890625 0.3098958333333333 0.40478515625 0.3003472222222222 0.40478515625 0.2934027777777778 0.400390625 0.3003472222222222 0.40185546875 0.3064236111111111 0.3955078125 0.3064236111111111 0.38671875 0.3229166666666667
0 0.17431640625 0.12586805555555555 0.17236328125 0.13020833333333334 0.177734375 0.1310763888888889 0.177734375 0.12586805555555555 0.17431640625 0.12586805555555555
0 0.3447265625 0.9826388888888888 0.34423828125 0.9921875 0.3505859375 0.9982638888888888 0.3642578125 0.9982638888888888 0.35595703125 0.984375 0.34912109375 0.9800347222222222 0.3447265625 0.9826388888888888
0 0.0673828125 0.7829861111111112 0.06298828125 0.796875 0.05517578125 0.8003472222222222 0.05419921875 0.8046875 0.05712890625 0.8064236111111112 0.0732421875 0.796875 0.08349609375 0.7864583333333334 0.08349609375 0.7786458333333334 0.07763671875 0.7769097222222222 0.0673828125 0.7829861111111112
0 0.2880859375 0.17274305555555555 0.287109375 0.1762152777777778 0.291015625 0.18489583333333334 0.2919921875 0.1970486111111111 0.29736328125 0.20833333333333334 0.3017578125 0.2109375 0.30322265625 0.2065972222222222 0.30224609375 0.1909722222222222 0.29931640625 0.1857638888888889 0.29443359375 0.1840277777777778 0.29052734375 0.17274305555555555 0.2880859375 0.17274305555555555
0 0.49609375 0.5520833333333334 0.49462890625 0.5685763888888888 0.49609375 0.5720486111111112 0.49853515625 0.5720486111111112 0.5009765625 0.5677083333333334 0.5009765625 0.5477430555555556 0.498046875 0.546875 0.49609375 0.5520833333333334
0 0.146484375 0.016493055555555556 0.14306640625 0.019965277777777776 0.1435546875 0.024305555555555556 0.14599609375 0.028645833333333332 0.150390625 0.027777777777777776 0.15087890625 0.019965277777777776 0.146484375 0.016493055555555556
0 0.18896484375 0.4036458333333333 0.189453125 0.4157986111111111 0.19287109375 0.4184027777777778 0.1962890625 0.4149305555555556 0.20263671875 0.3984375 0.20263671875 0.3923611111111111 0.20849609375 0.3758680555555556 0.208984375 0.3680555555555556 0.2060546875 0.3680555555555556 0.20458984375 0.375 0.19140625 0.3958333333333333 0.18896484375 0.4036458333333333