0 0.83125 0.465625 0.8328125 0.4796875 0.8484375 0.4796875 0.846875 0.4703125 0.83125 0.465625
0 0.43125 0.825 0.4328125 0.840625 0.4453125 0.84375 0.446875 0.8359375 0.43125 0.825
0 0.8515625 0.8171875 0.853125 0.8296875 0.8625 0.8296875 0.8640625 0.81875 0.8515625 0.8171875
0 0.9765625 0.6640625 0.98125 0.6734375 0.9984375 0.675 0.9984375 0.6625 0.9765625 0.6640625
0 0.4671875 0.8078125 0.4625 0.8171875 0.484375 0.8171875 0.484375 0.8125 0.4671875 0.8078125
0 0.2375 0.7609375 0.2359375 0.76875 0.25625 0.76875 0.2546875 0.7609375 0.2375 0.7609375
0 0.3640625 0.5390625 0.3671875 0.5484375 0.3796875 0.5421875 0.375 0.5359375 0.3640625 0.5390625
0 0.65625 0.66875 0.653125 0.678125 0.671875 0.6796875 0.6671875 0.6671875 0.65625 0.66875
0 0.41875 0.9609375 0.41875 0.975 0.4390625 0.975 0.446875 0.96875 0.4453125 0.9625 0.43125 0.9578125 0.41875 0.9609375
0 0.5796875 0.4859375 0.5734375 0.4890625 0.575 0.4984375 0.5859375 0.496875 0.5859375 0.4875 0.5796875 0.4859375
0 0.35 0.6046875 0.3453125 0.6140625 0.35 0.61875 0.359375 0.6171875 0.359375 0.609375 0.35 0.6046875