0 0.43125 0.60625 0.43125 0.6171875 0.4484375 0.6125 0.4484375 0.596875 0.43125 0.60625
0 0.75 0.6765625 0.7453125 0.70625 0.7484375 0.715625 0.7546875 0.7171875 0.75625 0.6963546875 0.7484375 0.6921875 0.75625 0.6875 0.75 0.6765625
0 0.915625 0.7078125 0.9125 0.71875 0.9265625 0.7375 0.925 0.71875 0.915625 0.7078125
0 0.975 0.6453125 0.971875 0.678125 0.9796875 0.690625 0.9859375 0.6765625 0.9859375 0.6453125 0.975 0.6453125
0 0.2515625 0.5265625 0.246875 0.53125 0.25 0.540625 0.26875 0.5359375 0.265625 0.525 0.2515625 0.5265625
0 0.0625 0.3453125 0.0578125 0.3546875 0.065625 0.35625 0.0671875 0.3484375 0.0625 0.3453125
0 0.5765625 0.6796875 0.5734375 0.6953125 0.58125 0.7046875 0.58125 0.6875 0.5765625 0.6796875
0 0.2015625 0.60625 0.2 0.621875 0.21875 0.6421875 0.2203125 0.6390625 0.2078125 0.6328125 0.2203125 0.625 0.21875 0.6171875 0.2109375 0.6046875 0.2015625 0.60625
0 0.3625 0.6671875 0.3625 0.6796875 0.36875 0.6796875 0.3796875 0.6671875 0.38125 0.65625 0.375 0.6546875 0.3625 0.6671875
0 0.278125 0.6125 0.275 0.625 0.2828125 0.640625 0.290625 0.64375 0.2859375 0.61875 0.278125 0.6125
0 0.44375 0.6734375 0.4421875 0.678125 0.45 0.68125 0.44375 0.690625 0.45 0.70625 0.4546875 0.70625 0.4546875 0.690625 0.4484375 0.6734375 0.44375 0.6734375
0 0.0625 0.34375 0.05625 0.35 0.0625 0.359375 0.0734375 0.35 0.0734375 0.34375 0.0625 0.34375
0 0.56875 0.5984375 0.56875 0.609375 0.5859375 0.6046875 0.5859375 0.59375 0.56875 0.5984375
0 0.8546875 0.63125 0.85 0.634375 0.85 0.64375 0.859375 0.6421875 0.8546875 0.63125
0 0.7796875 0.696875 0.7765625 0.7171875 0.78125 0.728125 0.7859375 0.7234375 0.7859375 0.6984375 0.7796875 0.696875