0 0.7578125 0.7625 0.75625 0.76875 0.78125 0.76875 0.78125 0.7609375 0.7578125 0.7625
0 0.8234375 0.65 0.8234375 0.6609375 0.8359375 0.6609375 0.8328125 0.6484375 0.8234375 0.65
0 0.1109375 0.5625 0.10625 0.5734375 0.1234375 0.56875 0.121875 0.5640625 0.1109375 0.5625
0 0.7421875 0.415625 0.7421875 0.4234375 0.7609375 0.421875 0.759375 0.4171875 0.7421875 0.415625
0 0.8359375 0.2703125 0.83125 0.275 0.8328125 0.28125 0.840625 0.2703125 0.846875 0.28125 0.853125 0.275 0.8515625 0.26875 0.8359375 0.2703125
0 0.06875 0.5109375 0.0671875 0.51875 0.08125 0.51875 0.08125 0.5125 0.06875 0.5109375
0 0.6203125 0.7078125 0.6203125 0.7171875 0.6359375 0.71875 0.6359375 0.7109375 0.6203125 0.7078125
0 0.5734375 0.58125 0.56875 0.5859375 0.5734375 0.5890625 0.59375 0.5828125 0.5859375 0.575 0.5734375 0.58125
0 0.51875 0.6796875 0.5171875 0.6875 0.540625 0.6859375 0.5375 0.6796875 0.51875 0.6796875
0 0.7546875 0.878125 0.7546875 0.884375 0.7671875 0.8796875 0.7625 0.875 0.7546875 0.878125
0 0.51875 0.6328125 0.51875 0.64375 0.5359375 0.64375 0.5359375 0.6375 0.5265625 0.63125 0.51875 0.6328125
0 0.4859375 0.8046875 0.4890625 0.8171875 0.496875 0.8171875 0.4984375 0.8078125 0.4859375 0.8046875
0 0.9 0.3859375 0.9 0.3984375 0.909375 0.3984375 0.915625 0.3890625 0.9140625 0.384375 0.9 0.3859375
0 0.51875 0.675 0.5125 0.68125 0.5125 0.6875 0.51875 0.690625 0.5375 0.690625 0.55625 0.6765625 0.55 0.66875 0.51875 0.675
0 0.1046875 0.575 0.1 0.575 0.1 0.58125 0.10625 0.5859375 0.1125 0.5875 0.115625 0.58125 0.1234375 0.5890625 0.1296875 0.5859375 0.1046875 0.575
0 0.8 0.39375 0.79375 0.4 0.8 0.40625 0.815625 0.4 0.8140625 0.39375 0.8 0.39375
0 0.7875 0.5140625 0.775 0.5234375 0.7828125 0.51875 0.784375 0.525 0.796875 0.5234375 0.7984375 0.51875 0.7875 0.5140625
0 0.48125 0.8703125 0.4734375 0.8703125 0.4796875 0.88125 0.496875 0.88125 0.48125 0.8703125