0 0.63125 0.5546875 0.63125 0.596875 0.6375 0.6 0.64375 0.5984375 0.6453125 0.5625 0.6359375 0.5515625 0.63125 0.5546875
0 0.7109375 0.403125 0.7078125 0.4109375 0.7109375 0.4171875 0.7171875 0.4171875 0.71875 0.40625 0.7109375 0.403125
0 0.7765625 0.6484375 0.78125 0.6578125 0.7734375 0.6625 0.78125 0.66875 0.784375 0.6609375 0.7765625 0.6484375
0 0.75625 0.3265625 0.753125 0.3359375 0.7625 0.340625 0.7671875 0.3375 0.7671875 0.3328125 0.75625 0.3265625
0 0.7171875 0.8140625 0.7140625 0.8265625 0.7203125 0.83125 0.725 0.8125 0.7171875 0.8140625
0 0.6125 0.925 0.6046875 0.925 0.6046875 0.946875 0.609375 0.9484375 0.6140625 0.940625 0.6125 0.925
0 0.634375 0.55625 0.63125 0.56875 0.640625 0.5765625 0.6421875 0.5625 0.634375 0.55625
0 0.5984375 0.60625 0.596875 0.615625 0.609375 0.6171875 0.6109375 0.60625 0.5984375 0.60625
0 0.58125 0.7 0.5796875 0.71875 0.58125 0.725 0.5859375 0.725 0.5875 0.7015625 0.58125 0.7
0 0.690625 0.6 0.6875 0.6125 0.6984375 0.6171875 0.6984375 0.6 0.690625 0.6
0 0.8546875 0.51875 0.85 0.5203125 0.8546875 0.534375 0.8546875 0.51875