0 0.1546875 0.471875 0.15625 0.484375 0.175 0.484375 0.178125 0.4796875 0.178125 0.475 0.16875 0.4703125 0.1546875 0.471875
0 0.6046875 0.84375 0.60625 0.859375 0.61875 0.8640625 0.61875 0.85 0.6125 0.84375 0.6046875 0.84375
0 0.1671875 0.309375 0.1640625 0.3140625 0.16875 0.3234375 0.175 0.33125 0.184375 0.33125 0.1796875 0.315625 0.1671875 0.309375
0 0.4375 0.64375 0.4375 0.6609375 0.4421875 0.6609375 0.4546875 0.6421875 0.4546875 0.634375 0.45 0.63125 0.4375 0.64375
0 0.384375 0.58125 0.3796875 0.5875 0.38125 0.5984375 0.3953125 0.5859375 0.3984375 0.5734375 0.384375 0.58125
0 0.7640625 0.9125 0.7625 0.9375 0.78125 0.9125 0.7765625 0.90625 0.7640625 0.9125
0 0.4578125 0.7671875 0.4578125 0.8078125 0.4625 0.8109375 0.46875 0.7921875 0.4671875 0.7671875 0.4625 0.7625 0.4578125 0.7671875
0 0.44375 0.9484375 0.4421875 0.953125 0.4515625 0.9515625 0.4421875 0.96328125 0.4421875 0.9734375 0.4546875 0.940625 0.4484375 0.9375 0.44375 0.9484375
0 0.115625 0.9171875 0.10625 0.9171875 0.10625 0.9265625 0.1171875 0.921875 0.1171875 0.9359375 0.1203125 0.925 0.115625 0.9171875
0 0.328125 0.8484375 0.3265625 0.8640625 0.3328125 0.8671875 0.3421875 0.8609375 0.3484375 0.84375 0.34375 0.8390625 0.328125 0.8484375
0 0.4484375 0.728125 0.44375 0.7421875 0.4484375 0.7546875 0.4546875 0.7421875 0.4484375 0.728125
0 0.540625 0.65 0.53125 0.6671875 0.534375 0.6765625 0.540625 0.675 0.5421875 0.66875 0.54375 0.6609375 0.5375 0.659375 0.54375 0.6484375 0.540625 0.65
0 0.3 0.59375 0.29375 0.603125 0.3171875 0.6046875 0.3171875 0.59375 0.3 0.59375