0 0.7765625 0.21875 0.7734375 0.23125 0.78125 0.234375 0.7921875 0.225 0.79375 0.215625 0.7875 0.2109375 0.7765625 0.21875
0 0.2375 0.19375 0.240625 0.2046875 0.2515625 0.1984375 0.25 0.1859375 0.2375 0.19375
0 0.4515625 0.51875 0.4484375 0.53125 0.46875 0.53125 0.46875 0.51875 0.4515625 0.51875
0 0.7 0.415625 0.7 0.4296875 0.7109375 0.446875 0.7109375 0.41875 0.7 0.415625
0 0.3015625 0.6625 0.3015625 0.6765625 0.321875 0.6734375 0.321875 0.6640625 0.3015625 0.6625
0 0.5984375 0.1109375 0.6 0.1375 0.60625 0.1484375 0.6046875 0.14375 0.6125 0.1421875 0.6125 0.1375 0.5984375 0.1109375
0 0.0140625 0.5234375 0.0140625 0.56875 0.01875 0.571875 0.0375 0.5625 0.0359375 0.525 0.03125 0.51875 0.0140625 0.5234375
0 0.478125 0.2390625 0.478125 0.2546875 0.4953125 0.2625 0.496875 0.2515625 0.4921875 0.24375 0.4859375 0.2375 0.478125 0.2390625
0 0.94375 0.11875 0.94375 0.1375 0.9609375 0.15 0.9625 0.13125 0.9515625 0.11875 0.94375 0.11875
0 0.5421875 0.5203125 0.5375 0.5234375 0.5375 0.534375 0.5546875 0.5484375 0.5546875 0.53125 0.5421875 0.5203125
0 0.303125 0.7296875 0.2984375 0.7296875 0.3 0.7609375 0.30625 0.75625 0.303125 0.7296875
0 0.609375 0.4484375 0.5984375 0.4484375 0.6 0.4671875 0.6171875 0.4734375 0.609375 0.4484375
0 0.61875 0.2921875 0.61875 0.33125 0.6265625 0.33125 0.628125 0.2921875 0.625 0.2859375 0.61875 0.2921875
0 0.31875 0.83125 0.3140625 0.85 0.33125 0.84375 0.33125 0.825 0.31875 0.83125