0 0.2703125 0.8296875 0.26875 0.840625 0.275 0.8484375 0.28125 0.8375 0.275 0.8265625 0.2703125 0.8296875
0 0.25625 0.978125 0.2515625 0.9875 0.2671875 0.984375 0.2671875 0.978125 0.25625 0.978125
0 0.4875 0.0953125 0.4859375 0.115625 0.49375 0.1109375 0.49375 0.0921875 0.4875 0.0953125
0 0.125 0.80625 0.1203125 0.8171875 0.1296875 0.8234375 0.1359375 0.8046875 0.13125 0.8 0.125 0.80625
0 0.3890625 0.0875 0.3875 0.096875 0.39375 0.1015625 0.4 0.0921875 0.3984375 0.08125 0.3890625 0.0875
0 0.1 0.9375 0.09375 0.9375 0.096875 0.95625 0.1046875 0.9484375 0.1 0.9375
0 0.2703125 0.4046875 0.26875 0.41875 0.275 0.421875 0.28125 0.4109375 0.278125 0.4046875 0.2703125 0.4046875
0 0.340625 0.56875 0.3375 0.5875 0.3484375 0.59375 0.35 0.5734375 0.3484375 0.56875 0.340625 0.56875
0 0.21875 0.5671875 0.2234375 0.571875 0.2171875 0.5796875 0.21875 0.5875 0.2234375 0.5875 0.225 0.5734375 0.2234375 0.5671875 0.21875 0.5671875
0 0.1625 0.7515625 0.1609375 0.76875 0.1671875 0.7703125 0.178125 0.7609375 0.178125 0.753125 0.1734375 0.7453125 0.1625 0.7515625
0 0.2125 0.75625 0.209375 0.7671875 0.2171875 0.7734375 0.21875 0.7609375 0.2125 0.75625
0 0.31875 0.25625 0.3171875 0.26875 0.3296875 0.275 0.33125 0.2609375 0.31875 0.25625
0 0.4 0.38125 0.3984375 0.390625 0.40625 0.403125 0.4109375 0.39375 0.4046875 0.38125 0.4 0.38125
0 0.44375 0.2703125 0.4390625 0.2875 0.4484375 0.28125 0.44375 0.2703125
0 0.50625 0.025 0.5046875 0.040625 0.509375 0.0421875 0.5171875 0.0359375 0.5171875 0.028125 0.50625 0.025
0 0.2046875 0.9796875 0.2 0.9875 0.2015625 0.9984375 0.2109375 0.9890625 0.2046875 0.984375 0.2109375 0.98125 0.2046875 0.9796875