0 0.6125 0.5234375 0.615625 0.53125 0.60546875 0.53046875 0.5984375 0.5375 0.6 0.55 0.6171875 0.53125 0.6171875 0.5234375 0.6125 0.5234375
0 0.0140625 0.43125 0.0125 0.4734375 0.0296875 0.478125 0.034375 0.4703125 0.0375 0.434375 0.0234375 0.4265625 0.0140625 0.43125
0 0.3171875 0.146875 0.3171875 0.159375 0.33125 0.171875 0.33125 0.15625 0.3171875 0.146875
0 0.4796875 0.7390625 0.475 0.7453125 0.4796875 0.7609375 0.49375 0.753125 0.4984375 0.7390625 0.49375 0.734375 0.4796875 0.7390625
0 0.94375 0.8609375 0.9421875 0.871875 0.9484375 0.88125 0.9625 0.8671875 0.9671875 0.8546875 0.9609375 0.8484375 0.94375 0.8609375
0 0.3 0.321875 0.3 0.33125 0.3125 0.3359375 0.321875 0.33125 0.3203125 0.3234375 0.3 0.321875
0 0.2375 0.7921875 0.2359375 0.8 0.25 0.8125 0.2515625 0.8 0.246875 0.7921875 0.2375 0.7921875
0 0.45 0.4671875 0.45 0.478125 0.46875 0.4796875 0.46875 0.465625 0.45 0.4671875
0 0.7 0.56875 0.6984375 0.5796875 0.70625 0.58125 0.7171875 0.5625 0.7125 0.55 0.7 0.56875
0 0.6484375 0.8859375 0.6453125 0.8921875 0.65625 0.9015625 0.65625 0.89375 0.6484375 0.89375 0.6484375 0.8859375
0 0.61875 0.665625 0.6171875 0.70625 0.6234375 0.7109375 0.6296875 0.6984375 0.6296875 0.6765625 0.628125 0.6671875 0.61875 0.665625
0 0.775 0.7640625 0.7734375 0.7703125 0.7796875 0.7796875 0.7921875 0.7875 0.7921875 0.7703125 0.784375 0.7640625 0.775 0.7640625
0 0.5984375 0.86875 0.596875 0.88125 0.6015625 0.8859375 0.6125 0.8609375 0.609375 0.8515625 0.6046875 0.85 0.5984375 0.86875
0 0.54375 0.45625 0.5375 0.4671875 0.5421875 0.478125 0.5546875 0.4671875 0.55625 0.4515625 0.54375 0.45625