0 0.5578125 0.084375 0.5578125 0.1046875 0.565625 0.10625 0.56875 0.0859375 0.5625 0.08125 0.5578125 0.084375
0 0.725 0.7234375 0.728125 0.7421875 0.71875 0.7765625 0.725 0.7765625 0.725 0.790625 0.7421875 0.8 0.7578125 0.8 0.7734375 0.7875 0.78125 0.7734375 0.775 0.7390625 0.7609375 0.725 0.725 0.7234375
0 0.49375 0.5 0.4921875 0.5109375 0.496875 0.5125 0.5 0.503125 0.49375 0.5
0 0.3640625 0.615625 0.3640625 0.628125 0.375 0.6296875 0.375 0.6140625 0.3640625 0.615625
0 0.4703125 0.303125 0.46875 0.315625 0.478125 0.31875 0.4796875 0.3015625 0.4703125 0.303125
0 0.3953125 0.5 0.39375 0.51875 0.4 0.5234375 0.4 0.50625 0.3953125 0.5
0 0.4078125 0.375 0.4 0.375 0.403125 0.39375 0.4109375 0.384375 0.4078125 0.375
0 0.4984375 0.7359375 0.496875 0.74375 0.4984375 0.7359375
0 0.4546875 0.1296875 0.4484375 0.1296875 0.4484375 0.1375 0.4515625 0.146875 0.4578125 0.15 0.4609375 0.1421875 0.4546875 0.1296875
0 0.5375 0.4734375 0.5359375 0.4765625 0.5453125 0.4796875 0.5359375 0.4875 0.546875 0.4796875 0.5453125 0.4734375 0.5375 0.4734375
0 0.53125 0.3421875 0.5296875 0.3515625 0.5375 0.353125 0.5375 0.359375 0.540625 0.35 0.53125 0.3421875
0 0.43125 0.3109375 0.425 0.31875 0.425 0.3296875 0.43125 0.3359375 0.4421875 0.31875 0.4375 0.309375 0.43125 0.3109375