0 0.0359375 0.8375 0.034375 0.8453125 0.04375 0.846875 0.040625 0.85625 0.034375 0.859375 0.0390625 0.8609375 0.0484375 0.83125 0.0421875 0.825 0.0359375 0.8375
0 0.325 0.853125 0.3234375 0.8828125 0.33125 0.8890625 0.3328125 0.853125 0.325 0.853125
0 0.575 0.8625 0.56875 0.8625 0.56875 0.87109375 0.575 0.871875 0.56875 0.8796875 0.5734375 0.8796875 0.575 0.8625
0 0.80625 0.925 0.8046875 0.9375 0.8109375 0.9375 0.821875 0.921875 0.8234375 0.909375 0.8171875 0.90625 0.80625 0.925
0 0.0203125 0.909375 0.01875 0.921875 0.028125 0.9296875 0.0390625 0.93125 0.040625 0.9125 0.0203125 0.909375
0 0.4234375 0.93125 0.421875 0.94375 0.43125 0.94375 0.4296875 0.93125 0.4234375 0.93125
0 0.540625 0.90625 0.5375 0.94375 0.55 0.9484375 0.55 0.9125 0.540625 0.90625
0 0.7140625 0.90625 0.7125 0.9125 0.71875 0.921875 0.7125 0.925 0.71875 0.9296875 0.721875 0.909375 0.7140625 0.90625
0 0.1546875 0.93125 0.15 0.940625 0.15625 0.946875 0.171875 0.9484375 0.171875 0.9375 0.1546875 0.93125
0 0.7296875 0.8390625 0.725 0.84375 0.725 0.8546875 0.73125 0.85625 0.7421875 0.85 0.7421875 0.8375 0.7296875 0.8390625
0 0.8953125 0.91875 0.8890625 0.9328125 0.8984375 0.9375 0.9046875 0.9171875 0.8953125 0.91875
0 0.1671875 0.84375 0.1609375 0.85 0.16875 0.85625 0.1609375 0.85859375 0.1609375 0.8671875 0.171875 0.8546875 0.1671875 0.84375
0 0.6734375 0.8546875 0.671875 0.878125 0.6796875 0.8796875 0.6875 0.85 0.6796875 0.846875 0.6734375 0.8546875
0 0.9375 0.853125 0.928125 0.8625 0.92734375 0.853125 0.9171875 0.853125 0.9171875 0.8578125 0.940625 0.8671875 0.94375 0.85625 0.9375 0.853125
0 0.4890625 0.859375 0.48125 0.8703125 0.4859375 0.88125 0.49375 0.875 0.4984375 0.8546875 0.4890625 0.859375
0 0.7625 0.8328125 0.7640625 0.846875 0.771875 0.8421875 0.7796875 0.8234375 0.7703125 0.8234375 0.7625 0.8328125