0 0.6109375 0.53125 0.6125 0.559375 0.6203125 0.565625 0.6171875 0.5359375 0.6109375 0.53125
0 0.80625 0.69375 0.809375 0.7078125 0.8265625 0.70625 0.8296875 0.7015625 0.8234375 0.6921875 0.80625 0.69375
0 0.853125 0.5859375 0.85 0.59375 0.8546875 0.6078125 0.8703125 0.6234375 0.878125 0.6125 0.8734375 0.6 0.859375 0.5859375 0.853125 0.5859375
0 0.0546875 0.5375 0.05 0.5375 0.0578125 0.5453125 0.05 0.55 0.0578125 0.55625 0.0609375 0.5484375 0.0546875 0.5375
0 0.30625 0.5421875 0.3046875 0.56875 0.30625 0.5796875 0.3109375 0.5796875 0.3125 0.5421875 0.30625 0.5421875
0 0.2015625 0.6203125 0.2 0.6296875 0.209375 0.63125 0.2109375 0.6203125 0.2015625 0.6203125
0 0.075 0.5890625 0.0734375 0.621875 0.075 0.6296875 0.0828125 0.6296875 0.0875 0.59375 0.084375 0.5859375 0.075 0.5890625
0 0.484375 0.5421875 0.4796875 0.5421875 0.4859375 0.5484375 0.4796875 0.5546875 0.48125 0.5609375 0.4875 0.5625 0.484375 0.5421875
0 0.6984375 0.5546875 0.6875 0.56875 0.6875 0.58125 0.70625 0.571875 0.70625 0.5546875 0.6984375 0.5546875
0 0.13125 0.53125 0.13125 0.5453125 0.1421875 0.5609375 0.146875 0.55 0.13125 0.53125
0 0.61875 0.625 0.6140625 0.63125 0.6171875 0.64375 0.625 0.6421875 0.6375 0.6296875 0.634375 0.6203125 0.61875 0.625
0 0.478125 0.6390625 0.475 0.6515625 0.4796875 0.6546875 0.496875 0.6453125 0.4953125 0.6375 0.4859375 0.65 0.48125 0.6375 0.478125 0.6390625
0 0.78125 0.5859375 0.78125 0.6046875 0.7875 0.6171875 0.796875 0.6171875 0.796875 0.60625 0.78125 0.5859375