0 0.8 0 0.7984375 0.0125 0.803125 0.0140625 0.8046875 0 0.8 0
0 0.696875 0.2015625 0.69375 0.2109375 0.70625 0.2109375 0.70625 0.2046875 0.696875 0.2015625
0 0.353125 0.0375 0.35 0.04375 0.3578125 0.05625 0.359375 0.0421875 0.353125 0.0375
0 0.7109375 0.56875 0.7046875 0.575 0.70625 0.5828125 0.7171875 0.5765625 0.7109375 0.56875
0 0.56875 0.3734375 0.565625 0.3859375 0.571875 0.3921875 0.5734375 0.3765625 0.56875 0.3734375
0 0.3875 0.2125 0.3859375 0.225 0.39375 0.2265625 0.39375 0.2125 0.3875 0.2125
0 0.453125 0.6296875 0.4484375 0.6296875 0.4484375 0.6421875 0.45625 0.64375 0.453125 0.6296875
0 0.403125 0.4484375 0.4 0.45625 0.4109375 0.4625 0.4109375 0.4484375 0.403125 0.4484375
0 0.6484375 0.7375 0.6453125 0.75 0.6515625 0.75625 0.65625 0.75 0.646875 0.74375 0.65625 0.7375 0.6484375 0.7375
0 0.5140625 0.64375 0.5109375 0.65625 0.51875 0.65625 0.5203125 0.6484375 0.5140625 0.64375
0 0.5625 0.075 0.5640625 0.1 0.56875 0.0765625 0.5625 0.075
0 0.6859375 0.5421875 0.6828125 0.5515625 0.6921875 0.5546875 0.69375 0.5375 0.6859375 0.5421875