0 0.1171875 0.7390625 0.1171875 0.7609375 0.1234375 0.7625 0.13125 0.7375 0.1203125 0.7296875 0.1296875 0.7234375 0.125 0.721875 0.1171875 0.7390625
0 0.371875 0.49375 0.36875 0.50625 0.3796875 0.5140625 0.371875 0.49375
0 0.309375 0.5359375 0.30625 0.54375 0.3171875 0.55 0.3171875 0.5375 0.309375 0.5359375
0 0.08125 0.9609375 0.0796875 0.975 0.0859375 0.978125 0.09375 0.95625 0.0859375 0.9515625 0.08125 0.9609375
0 0.1625 0.64375 0.1625 0.6578125 0.171875 0.6609375 0.1734375 0.6484375 0.1625 0.64375
0 0.309375 0.815625 0.30625 0.821875 0.3140625 0.8359375 0.3171875 0.8234375 0.309375 0.815625
0 0.2015625 0.625 0.2 0.6359375 0.2046875 0.646875 0.2109375 0.6484375 0.2046875 0.6390625 0.2125 0.63515625 0.2125 0.625 0.2015625 0.625
0 0.215625 0.9265625 0.2125 0.94375 0.221875 0.94375 0.2234375 0.9296875 0.215625 0.9265625
0 0.1171875 0.74375 0.115625 0.75625 0.1234375 0.7625 0.125 0.75 0.1171875 0.74375
0 0.240625 0.70625 0.2375 0.71875 0.2484375 0.725 0.25 0.7125 0.240625 0.70625
0 0.1203125 0.728125 0.11875 0.7453125 0.125 0.7484375 0.1296875 0.7421875 0.1296875 0.7234375 0.125 0.721875 0.1203125 0.728125
0 0.1390625 0.75625 0.1375 0.7734375 0.146875 0.7734375 0.15 0.759375 0.146875 0.7546875 0.1390625 0.75625
0 0.1953125 0.6421875 0.19375 0.659375 0.2046875 0.6671875 0.215625 0.64375 0.215625 0.63125 0.209375 0.6203125 0.203125 0.621875 0.1953125 0.6421875