0 0.53125 0.25 0.5234375 0.25 0.525 0.275 0.53125 0.275 0.53125 0.25
0 0.3140625 0.1875 0.3140625 0.2 0.3234375 0.2 0.3234375 0.18125 0.3140625 0.1875
0 0.5 0.48125 0.4984375 0.4984375 0.5046875 0.50625 0.50625 0.484375 0.5 0.48125
0 0.671875 0.825 0.66875 0.84375 0.678125 0.8484375 0.6796875 0.8234375 0.671875 0.825
0 0.46875 0.0859375 0.4671875 0.109375 0.478125 0.0984375 0.475 0.0875 0.46875 0.0859375
0 0.2359375 0.0421875 0.2359375 0.0609375 0.2359375 0.0421875
0 0.5546875 0.7296875 0.5546875 0.75 0.5578125 0.75625 0.565625 0.75625 0.5625 0.7375 0.5546875 0.7296875
0 0.40625 0.13125 0.4046875 0.140625 0.4125 0.146875 0.4171875 0.1421875 0.4171875 0.13125 0.40625 0.13125
0 0.3859375 0.66875 0.3875 0.690625 0.39375 0.690625 0.39375 0.675 0.3890625 0.6671875 0.3859375 0.66875
0 0.5890625 0.5828125 0.5859375 0.596875 0.6 0.59375 0.5984375 0.5828125 0.5890625 0.5828125
0 0.5 0.14375 0.5 0.15625 0.5140625 0.15625 0.5109375 0.14375 0.5 0.14375
0 0.5921875 0.64375 0.5859375 0.64375 0.5875 0.665625 0.596875 0.6609375 0.596875 0.6484375 0.5921875 0.64375
0 0.38125 0.3546875 0.3859375 0.3609375 0.3796875 0.3640625 0.3796875 0.371875 0.3859375 0.375 0.3890625 0.36875 0.3859375 0.35625 0.38125 0.3546875
0 0.3796875 0.9609375 0.3765625 0.971875 0.3796875 0.978125 0.3875 0.9796875 0.3859375 0.9625 0.3796875 0.9609375