0 0.784375 0.31875 0.78125 0.3375 0.7890625 0.34375 0.79375 0.3265625 0.784375 0.31875
0 0.94375 0.0109375 0.940625 0.028125 0.953125 0.03125 0.9546875 0.0171875 0.94375 0.0109375
0 0.9265625 0.93125 0.928125 0.9484375 0.9375 0.9421875 0.9421875 0.9296875 0.940625 0.925 0.9328125 0.925 0.9265625 0.93125
0 0.7640625 0.38125 0.7625 0.3890625 0.775 0.39375 0.7734375 0.38125 0.7640625 0.38125
0 0.7484375 0.8375 0.7453125 0.84375 0.75 0.853125 0.759375 0.8546875 0.7609375 0.84375 0.7484375 0.8375
0 0.9171875 0.725 0.9125 0.725 0.915625 0.7453125 0.9171875 0.725
0 0.7453125 0.1015625 0.7421875 0.1171875 0.75 0.1203125 0.75625 0.1046875 0.7515625 0.0984375 0.7453125 0.1015625
0 0.8328125 0.53125 0.83125 0.55 0.8375 0.55 0.8421875 0.5421875 0.8328125 0.5359375 0.8421875 0.53125 0.8390625 0.5265625 0.8328125 0.53125
0 0.978125 0.4359375 0.975 0.4609375 0.9796875 0.4625 0.984375 0.4578125 0.984375 0.4421875 0.978125 0.4359375
0 0.8359375 0.9125 0.8328125 0.925 0.8375 0.9328125 0.84375 0.9328125 0.85 0.925 0.8484375 0.9171875 0.8359375 0.9125
0 0.7703125 0.9 0.7703125 0.9296875 0.78125 0.9296875 0.7875 0.90625 0.775 0.8953125 0.7875 0.8921875 0.7859375 0.8890625 0.7796875 0.8875 0.7703125 0.9
0 0.7546875 0.71875 0.753125 0.740625 0.759375 0.74375 0.7609375 0.71875 0.7546875 0.71875
0 0.7703125 0.9109375 0.76875 0.925 0.7703125 0.9296875 0.7765625 0.9296875 0.78125 0.9265625 0.78125 0.909375 0.7765625 0.90625 0.7703125 0.9109375
0 0.8359375 0.259375 0.8328125 0.275 0.8359375 0.2859375 0.8421875 0.2859375 0.8421875 0.2609375 0.8359375 0.259375