0 0.7640625 0.625 0.7625 0.6390625 0.7703125 0.64375 0.7734375 0.63125 0.76875 0.6234375 0.7640625 0.625
0 0.6765625 0.51875 0.675 0.5375 0.6796875 0.5375 0.68125 0.5234375 0.6765625 0.51875
0 0.76875 0.75 0.7671875 0.765625 0.7734375 0.76875 0.7765625 0.75 0.76875 0.75
0 0.76875 0.09375 0.7671875 0.10625 0.778125 0.1125 0.7796875 0.1015625 0.76875 0.09375
0 0.690625 0.69375 0.6875 0.7140625 0.6921875 0.71875 0.690625 0.69375
0 0.69375 0.76875 0.6875 0.775 0.6875 0.7875 0.6984375 0.78125 0.69375 0.76875
0 0.66875 0.1953125 0.6671875 0.2140625 0.6765625 0.21875 0.6796875 0.1953125 0.66875 0.1953125
0 0.7734375 0.4296875 0.76875 0.4421875 0.78125 0.4421875 0.78125 0.43125 0.7734375 0.4296875
0 0.7734375 0.2703125 0.76875 0.2828125 0.7765625 0.2875 0.78125 0.278125 0.7734375 0.2703125
0 0.7296875 0.7703125 0.728125 0.7875 0.7328125 0.7875 0.734375 0.7734375 0.7296875 0.7703125
0 0.675 0.4 0.675 0.415625 0.684375 0.4171875 0.6859375 0.40625 0.675 0.4