0 0.8171875 0.0515625 0.81875 0.0625 0.8296875 0.0546875 0.8296875 0.05 0.8171875 0.0515625
0 0.7359375 0.23125 0.734375 0.24375 0.7390625 0.25 0.75 0.2546875 0.759375 0.2484375 0.7609375 0.2359375 0.75625 0.23125 0.74375 0.2265625 0.7359375 0.23125
0 0.95 0.01875 0.9515625 0.028125 0.96875 0.028125 0.96875 0.01875 0.95 0.01875
0 0.66875 0.2125 0.65625 0.2125 0.65625 0.2203125 0.6703125 0.2203125 0.66875 0.2125
0 0.9765625 0.5578125 0.9734375 0.56875 0.9984375 0.5671875 0.9984375 0.5515625 0.984375 0.5515625 0.9765625 0.5578125
0 0.540625 0.3546875 0.5234375 0.3546875 0.5234375 0.359375 0.5421875 0.3625 0.540625 0.3546875
0 0.63125 0.1 0.63125 0.1109375 0.64375 0.109375 0.64375 0.1 0.63125 0.1
0 0.8390625 0.1671875 0.8328125 0.16875 0.8328125 0.178125 0.84375 0.184375 0.85 0.178125 0.8484375 0.171875 0.8390625 0.1671875
0 0.7421875 0.2359375 0.7375 0.2375 0.7375 0.246875 0.7546875 0.2515625 0.75625 0.2421875 0.7421875 0.2359375
0 0.525 0.178125 0.51875 0.178125 0.51875 0.1859375 0.525 0.1921875 0.534375 0.1921875 0.5359375 0.184375 0.525 0.178125
0 0.9125 0.028125 0.90625 0.03125 0.909375 0.04375 0.915625 0.04375 0.921875 0.03125 0.9296875 0.0421875 0.9296875 0.034375 0.9125 0.028125
0 0.9140625 0.003125 0.9125 0.0109375 0.9296875 0.0109375 0.93125 0 0.9140625 0.003125
0 0.5390625 0.684375 0.5375 0.6984375 0.5421875 0.7046875 0.5515625 0.70625 0.55625 0.6984375 0.5515625 0.684375 0.5390625 0.684375
0 0.61484375 0.3203125 0.0171875 0.00625
0 0.984375 0.29375 0.98125 0.30625 0.9984375 0.31875 0.9984375 0.2875 0.984375 0.29375
0 0.809375 0.2234375 0.79375 0.2234375 0.79375 0.23125 0.8109375 0.23125 0.809375 0.2234375