0 0.7546875 0.23125 0.7546875 0.240625 0.7640625 0.246875 0.775 0.2515625 0.775 0.2421875 0.7875 0.25 0.7875 0.24375 0.7703125 0.240625 0.7609375 0.23125 0.7546875 0.23125
0 0.6359375 0.09375 0.625 0.09375 0.628125 0.1046875 0.634375 0.1046875 0.6359375 0.09375
0 0.0703125 0.0359375 0.06875 0.04375 0.0859375 0.0421875 0.0859375 0.0375 0.0703125 0.0359375
0 0.76875 0.2421875 0.775 0.2515625 0.78125 0.24375 0.7875 0.25 0.7875 0.24375 0.76875 0.2421875
0 0.4734375 0.26875 0.4546875 0.2703125 0.4546875 0.278125 0.46875 0.28125 0.484375 0.2703125 0.478125 0.2765625 0.4734375 0.26875
0 0.003125 0.7015625 0 0.72109375 0.00625 0.7265625 0 0.729296875 0 0.7375 0.0046875 0.7359375 0.0078125 0.725 0.025 0.7171875 0.025 0.7078125 0.01875 0.7015625 0.003125 0.7015625
0 0.284375 0.340625 0.00625 0.00625
0 0.0015625 0.703125 0 0.71875 0.00625 0.721875 0.025 0.7140625 0.0171875 0.7 0.0015625 0.703125
0 0.0046875 0.728125 0 0.725 0 0.7375 0.00625 0.734375 0.0046875 0.728125
0 0.3640625 0.025 0.3640625 0.0359375 0.384375 0.034375 0.3765625 0.025 0.3640625 0.025
0 0.45625 0.2703125 0.45625 0.2796875 0.46875 0.28125 0.46875 0.2703125 0.45625 0.2703125
0 0.4734375 0.91875 0.4625 0.925 0.4640625 0.93125 0.4765625 0.9328125 0.5 0.925 0.5 0.91875 0.4875 0.9171875 0.4828125 0.928125 0.4734375 0.91875
0 0.2640625 0.16875 0.2546875 0.16875 0.25625 0.18125 0.2671875 0.175 0.2640625 0.16875