0 0.5859375 0.8015625 0.5828125 0.815625 0.59375 0.8203125 0.5859375 0.83125 0.59375 0.8359375 0.596875 0.8125 0.59375 0.8015625 0.5859375 0.8015625
0 0.6203125 0.65625 0.6203125 0.671875 0.63125 0.6796875 0.634375 0.6671875 0.6203125 0.65625
0 0.325 0.196875 0.3234375 0.2046875 0.33125 0.20625 0.33125 0.1953125 0.325 0.196875
0 0.6 0.7078125 0.59375 0.7125 0.59375 0.7234375 0.609375 0.71875 0.6109375 0.7109375 0.6 0.7078125
0 0.7234375 0.4171875 0.7109375 0.4171875 0.7109375 0.4265625 0.7234375 0.4265625 0.7234375 0.4171875
0 0.328125 0.1796875 0.3265625 0.1859375 0.334375 0.1875 0.3359375 0.1796875 0.328125 0.1796875
0 0.759375 0.70625 0.75625 0.71875 0.7640625 0.725 0.7671875 0.7140625 0.759375 0.70625
0 0.71875 0.8703125 0.7171875 0.8859375 0.7234375 0.8875 0.71875 0.878125 0.725 0.871875 0.71875 0.8703125
0 0.68125 0.496875 0.6765625 0.5 0.6765625 0.509375 0.6859375 0.5109375 0.6875 0.4984375 0.68125 0.496875
0 0.3328125 0.1515625 0.33125 0.159375 0.3375 0.1609375 0.340625 0.15 0.3328125 0.1515625
0 0.5875 0.8015625 0.5859375 0.825 0.590625 0.8265625 0.59375 0.8046875 0.5875 0.8015625
0 0.6203125 0.65625 0.6203125 0.6875 0.625 0.696875 0.63125 0.696875 0.6359375 0.6921875 0.634375 0.6625 0.625 0.6546875 0.6203125 0.65625
0 0.6796875 0.6828125 0.675 0.696875 0.684375 0.6984375 0.6875 0.690625 0.6796875 0.6828125
0 0.3484375 0.1296875 0.34375 0.1296875 0.34375 0.1359375 0.3484375 0.1375 0.3484375 0.1296875