0 0.6609375 0.25625 0.65 0.26875 0.6625 0.2703125 0.6734375 0.2640625 0.6671875 0.25625 0.6609375 0.25625
0 0.371875 0.3453125 0.3671875 0.35 0.36875 0.35625 0.384375 0.359375 0.3859375 0.3484375 0.371875 0.3453125
0 0.1921875 0.15625 0.1796875 0.16875 0.18125 0.1734375 0.2234375 0.178125 0.21875 0.16875 0.1921875 0.15625
0 0.0046875 0.16875 0 0.16875 0 0.1796875 0.0125 0.18125 0.0140625 0.1734375 0.0046875 0.16875
0 0.925 0.39375 0.9234375 0.40625 0.93125 0.40625 0.9359375 0.39375 0.925 0.39375
0 0.05 0.3390625 0.05 0.3484375 0.0578125 0.340625 0.0609375 0.35 0.06875 0.3484375 0.0671875 0.3421875 0.05 0.3390625
0 0.0890625 0.1390625 0.0859375 0.15 0.109375 0.146875 0.103125 0.1375 0.0890625 0.1390625
0 0.8953125 0.9375 0.8859375 0.9375 0.8859375 0.9421875 0.890625 0.94375 0.8953125 0.9375
0 0.1203125 0.1625 0.11875 0.1671875 0.125 0.171875 0.1484375 0.171875 0.1421875 0.1609375 0.1203125 0.1625
0 0.609375 0.31875 0.6046875 0.33125 0.6125 0.33125 0.61875 0.3234375 0.6171875 0.3171875 0.609375 0.31875
0 0.5546875 0.4125 0.546875 0.41875 0.546875 0.425 0.565625 0.425 0.5640625 0.4140625 0.5546875 0.4125
0 0.7015625 0.5046875 0.69375 0.50625 0.69375 0.5109375 0.7 0.50625 0.7078125 0.509375 0.7015625 0.5046875
0 0.4796875 0.2265625 0.4703125 0.234375 0.484375 0.24375 0.49375 0.2375 0.49375 0.23125 0.490625 0.225 0.4796875 0.2265625
0 0.1609375 0.1328125 0.15625 0.1421875 0.1671875 0.1484375 0.16875 0.1359375 0.1609375 0.1328125
0 0.4890625 0.2015625 0.48125 0.2046875 0.484375 0.2125 0.509375 0.2125 0.5046875 0.2015625 0.4890625 0.2015625
0 0.6046875 0.2234375 0.6046875 0.2359375 0.615625 0.2359375 0.6140625 0.2234375 0.6046875 0.2234375
0 0.2421875 0.2265625 0.240625 0.234375 0.2609375 0.2359375 0.2609375 0.2265625 0.2421875 0.2265625
0 0.46875 0.2015625 0.4625 0.2046875 0.4625 0.2125 0.4734375 0.215625 0.4796875 0.209375 0.46875 0.2015625
0 0.8359375 0.3421875 0.8328125 0.3484375 0.8375 0.3546875 0.8484375 0.353125 0.846875 0.3421875 0.8359375 0.3421875