0 0.3234375 0.53125 0.325 0.5578125 0.33125 0.5375 0.3234375 0.53125
0 0.24375 0.21875 0.2359375 0.23125 0.24375 0.240625 0.25 0.2375 0.25 0.21875 0.24375 0.21875
0 0.659375 0.6390625 0.65625 0.6515625 0.6625 0.6546875 0.6671875 0.6515625 0.6671875 0.6359375 0.659375 0.6390625
0 0.384375 0.4109375 0.38125 0.4234375 0.384375 0.43125 0.3890625 0.43125 0.39375 0.4171875 0.390625 0.4109375 0.384375 0.4109375
0 0.215625 0.4890625 0.2125 0.503125 0.2171875 0.5046875 0.215625 0.4890625
0 0.425 0.6296875 0.421875 0.640625 0.4296875 0.6484375 0.43125 0.63125 0.425 0.6296875
0 0.5140625 0.4125 0.5140625 0.434375 0.5234375 0.4375 0.5234375 0.4234375 0.51875 0.4125 0.5140625 0.4125
0 0.678125 0.8 0.6671875 0.8 0.6671875 0.80625 0.6796875 0.81875 0.678125 0.8
0 0.30625 0.2484375 0.3 0.2515625 0.3 0.2609375 0.30625 0.2671875 0.3140625 0.259375 0.3125 0.25 0.30625 0.2484375
0 0.7984375 0.7734375 0.7921875 0.7734375 0.7921875 0.790625 0.8015625 0.79375 0.7984375 0.7734375
0 0.5578125 0.63125 0.565625 0.640625 0.5546875 0.64375 0.5625 0.65625 0.5671875 0.6421875 0.5578125 0.63125
0 0.5109375 0.8890625 0.5109375 0.909375 0.51875 0.9125 0.5234375 0.8984375 0.5109375 0.8890625
0 0.4234375 0.3234375 0.421875 0.34375 0.4265625 0.3484375 0.434375 0.33125 0.4234375 0.3234375
0 0.675 0.69375 0.6796875 0.6984375 0.6734375 0.70625 0.675 0.715625 0.6796875 0.71875 0.68125 0.7 0.675 0.69375
0 0.46875 0.34375 0.4671875 0.359375 0.478125 0.3484375 0.4765625 0.34375 0.46875 0.34375