0 0.7765625 0.8640625 0.7734375 0.88203125 0.78125 0.8859375 0.7734375 0.891015625 0.7734375 0.9 0.775 0.90625 0.7828125 0.90625 0.784375 0.8890625 0.7765625 0.8640625
0 0.3859375 0.975 0.3875 0.9921875 0.4 0.9796875 0.4046875 0.9609375 0.39375 0.9625 0.3859375 0.975
0 0.4484375 0.89375 0.446875 0.90625 0.4546875 0.90625 0.46875 0.89375 0.4671875 0.88125 0.4484375 0.89375
0 0.59375 0.8375 0.5953125 0.85 0.5828125 0.8484375 0.5828125 0.853125 0.590625 0.8546875 0.603125 0.8484375 0.6046875 0.8359375 0.59375 0.8375
0 0.0515625 0.7484375 0.05 0.759375 0.0546875 0.759375 0.05625 0.75 0.0515625 0.7484375
0 0.94375 0.84375 0.94375 0.859375 0.95625 0.8609375 0.9578125 0.8703125 0.9609375 0.8640625 0.95625 0.8546875 0.94375 0.84375
0 0.4703125 0.9578125 0.4734375 0.965625 0.46875 0.96796875 0.46875 0.978125 0.4734375 0.9921875 0.4796875 0.9921875 0.4796875 0.9734375 0.4703125 0.9578125
0 0.6015625 0.9234375 0.6046875 0.928125 0.6 0.9375 0.6046875 0.946875 0.6109375 0.9484375 0.609375 0.9328125 0.6015625 0.9234375
0 0.21875 0.96875 0.2171875 0.984375 0.225 0.996875 0.2421875 0.9984375 0.240625 0.9796875 0.225 0.9640625 0.21875 0.96875
0 0.29375 0.9515625 0.29375 0.9640625 0.3015625 0.975 0.3109375 0.978125 0.309375 0.9625 0.3 0.95 0.29375 0.9515625
0 0.2578125 0.875 0.2546875 0.884375 0.2671875 0.8859375 0.278125 0.878125 0.278125 0.8703125 0.26875 0.8671875 0.2578125 0.875
0 0.9953125 0.7703125 0.99375 0.790625 0.9984375 0.7921875 0.9984375 0.76875 0.9953125 0.7703125
0 0.8703125 0.7890625 0.86875 0.796875 0.878125 0.8 0.88125 0.7875 0.8703125 0.7890625