0 0.84375 0.2828125 0.8421875 0.2921875 0.8484375 0.29375 0.853125 0.2875 0.8484375 0.28125 0.84375 0.2828125
0 0.359375 0.753125 0.3546875 0.753125 0.3546875 0.7609375 0.3625 0.7625 0.3625 0.7671875 0.359375 0.753125
0 0.721875 0.4546875 0.71875 0.4625 0.7296875 0.465625 0.7296875 0.4546875 0.721875 0.4546875
0 0.3234375 0.496875 0.31875 0.4984375 0.321875 0.5109375 0.33125 0.50625 0.33125 0.4984375 0.3234375 0.496875
0 0.815625 0.2171875 0.8125 0.2265625 0.8234375 0.23125 0.8234375 0.21875 0.815625 0.2171875
0 0.5625 0.36875 0.5546875 0.36875 0.5578125 0.384375 0.5625 0.384375 0.565625 0.3765625 0.5625 0.36875
0 0.4046875 0.5515625 0.3984375 0.5515625 0.4 0.56875 0.4046875 0.56875 0.4046875 0.5515625
0 0.465625 0.428125 0.4625 0.4421875 0.46875 0.446875 0.4734375 0.4296875 0.4703125 0.425 0.465625 0.428125
0 0.25625 0.5578125 0.2546875 0.571875 0.2609375 0.5734375 0.25625 0.5609375 0.2625 0.55625 0.25625 0.5578125
0 0.1921875 0.575 0.1875 0.58125 0.19375 0.5796875 0.1984375 0.5875 0.1875 0.5953125 0.196875 0.6 0.2 0.5890625 0.1921875 0.575
0 0.65625 0.4859375 0.6546875 0.5046875 0.6609375 0.50625 0.6625 0.4875 0.65625 0.4859375
0 0.8546875 0.34375 0.85 0.3546875 0.85625 0.3625 0.8625 0.3625 0.8625 0.35 0.8546875 0.34375
0 0.4171875 0.6625 0.415625 0.6796875 0.4203125 0.68125 0.421875 0.665625 0.4171875 0.6625
0 0.55 0.55625 0.54375 0.5734375 0.5515625 0.5796875 0.5578125 0.5625 0.55 0.55625
0 0.6421875 0.3140625 0.6375 0.3234375 0.646875 0.3328125 0.6421875 0.3265625 0.6484375 0.3171875 0.6421875 0.3140625
0 0.31875 0.7 0.3140625 0.7109375 0.321875 0.7125 0.3234375 0.7 0.31875 0.7
0 0.75 0.2671875 0.7484375 0.278125 0.759375 0.2796875 0.7609375 0.26875 0.75 0.2671875
0 0.3640625 0.4984375 0.3625 0.5109375 0.375 0.51875 0.3796875 0.5046875 0.36875 0.496875 0.3640625 0.4984375
0 0.8140625 0.378125 0.8125 0.3875 0.81875 0.3921875 0.825 0.3796875 0.8140625 0.378125