0 0.8703125 0.28125 0.8703125 0.290625 0.884375 0.2984375 0.8859375 0.2859375 0.878125 0.2796875 0.8703125 0.28125
0 0.025 0.15625 0.025 0.171875 0.0375 0.16875 0.0515625 0.1546875 0.0484375 0.1390625 0.04375 0.1375 0.025 0.15625
0 0.49375 0.4046875 0.4921875 0.4328125 0.4953125 0.4453125 0.5 0.446875 0.503125 0.4234375 0.5 0.40625 0.49375 0.4046875
0 0.8 0.925 0.8015625 0.94375 0.81875 0.9484375 0.8125 0.9375 0.8125 0.925 0.8 0.925
0 0.3265625 0.3375 0.325 0.3484375 0.34375 0.35625 0.34375 0.3453125 0.3265625 0.3375
0 0.171875 0.01875 0.16875 0.0546875 0.178125 0.0578125 0.18125 0.025 0.1796875 0.01875 0.171875 0.01875
0 0.8234375 0.7609375 0.80625 0.7609375 0.80625 0.76875 0.8125 0.7734375 0.8296875 0.7734375 0.83125 0.765625 0.8234375 0.7609375
0 0.5125 0.5625 0.5046875 0.5859375 0.5109375 0.5859375 0.5234375 0.5734375 0.521875 0.559375 0.5125 0.5625
0 0.4109375 0.5453125 0.4078125 0.565625 0.421875 0.5484375 0.421875 0.5375 0.4109375 0.5453125
0 0.1546875 0.26875 0.153125 0.28125 0.1640625 0.2796875 0.1734375 0.26875 0.1734375 0.2515625 0.1625 0.25625 0.1546875 0.26875
0 0.628125 0.35 0.625 0.36875 0.634375 0.36875 0.6484375 0.3546875 0.6453125 0.34375 0.6359375 0.34375 0.628125 0.35
0 0.56875 0.6421875 0.5671875 0.6546875 0.571875 0.65625 0.5859375 0.634375 0.5765625 0.6296875 0.56875 0.6421875
0 0.5109375 0.2390625 0.50625 0.25625 0.5125 0.2625 0.5234375 0.225 0.515625 0.228125 0.5109375 0.2390625
0 0.6578125 0.6234375 0.659375 0.6375 0.68125 0.634375 0.6796875 0.625 0.6578125 0.6234375
0 0.6984375 0.7171875 0.6984375 0.7421875 0.70625 0.7453125 0.70625 0.7140625 0.6984375 0.7171875