0 0.5578125 0.084375 0.5671875 0.096875 0.55625 0.1 0.5578125 0.10625 0.5640625 0.10625 0.56875 0.1 0.5671875 0.0859375 0.5625 0.08125 0.5578125 0.084375
0 0.725 0.7234375 0.728125 0.7421875 0.71875 0.7796875 0.725 0.7796875 0.725 0.790625 0.7390625 0.7984375 0.7578125 0.8 0.7734375 0.7875 0.78125 0.7734375 0.775 0.7390625 0.7609375 0.725 0.725 0.7234375
0 0.0265625 0.946875 0.0234375 0.95 0.0328125 0.95625 0.025 0.96171875 0.025 0.971875 0.0359375 0.975 0.0375 0.9640625 0.0265625 0.946875
0 0.49375 0.5 0.4921875 0.5109375 0.4984375 0.5125 0.5 0.503125 0.49375 0.5
0 0.3640625 0.615625 0.3640625 0.628125 0.375 0.6296875 0.375 0.6140625 0.3640625 0.615625
0 0.4703125 0.303125 0.4703125 0.3171875 0.4765625 0.31875 0.4796875 0.30625 0.4734375 0.3 0.4703125 0.303125
0 0.3984375 0.5046875 0.39375 0.5046875 0.3953125 0.5203125 0.4 0.5203125 0.3984375 0.5046875
0 0.403125 0.378125 0.4 0.3921875 0.40625 0.39375 0.4109375 0.3765625 0.403125 0.378125
0 0.4515625 0.1296875 0.4484375 0.140625 0.45625 0.15 0.4609375 0.1421875 0.4515625 0.1296875
0 0.5375 0.4765625 0.5359375 0.4796875 0.5421875 0.48125 0.5359375 0.4875 0.540625 0.4875 0.546875 0.475 0.5375 0.4765625
0 0.53125 0.3421875 0.5296875 0.3515625 0.5375 0.353125 0.5375 0.359375 0.540625 0.3484375 0.53125 0.3421875
0 0.43125 0.3125 0.425 0.31875 0.425 0.328125 0.43125 0.3359375 0.4390625 0.3234375 0.4375 0.3109375 0.43125 0.3125