0 0.3671875 0.6203125 0.3625 0.6296875 0.371875 0.6390625 0.375 0.6296875 0.3671875 0.6203125
0 0.125 0.3765625 0.1171875 0.38125 0.1203125 0.39375 0.1296875 0.3875 0.125 0.3765625
0 0.525 0.45 0.525 0.4625 0.5328125 0.4625 0.534375 0.4546875 0.525 0.45
0 0.7859375 0.55 0.7875 0.56875 0.7921875 0.56875 0.7921875 0.5546875 0.7859375 0.55
0 0.8984375 0.2234375 0.8984375 0.2375 0.90625 0.23125 0.90625 0.2234375 0.8984375 0.2234375
0 0.29375 0.4484375 0.2921875 0.4640625 0.296875 0.465625 0.3015625 0.45 0.29375 0.4484375
0 0.3953125 0.55 0.3890625 0.5609375 0.39375 0.56875 0.4 0.565625 0.4 0.55 0.3953125 0.55
0 0.8421875 0.7 0.8359375 0.7 0.8375 0.725 0.84375 0.725 0.846875 0.70625 0.8421875 0.7
0 0.1109375 0.6109375 0.109375 0.63125 0.1171875 0.63125 0.11875 0.6234375 0.1109375 0.6171875 0.11875 0.6125 0.1109375 0.6109375
0 0.89375 0.71875 0.89375 0.734375 0.9015625 0.7390625 0.9046875 0.7296875 0.89375 0.71875
0 0.565625 0.64375 0.5625 0.65625 0.56875 0.659375 0.571875 0.6453125 0.565625 0.64375
0 0.1734375 0.1921875 0.1796875 0.1984375 0.171875 0.203125 0.1734375 0.2109375 0.1796875 0.2125 0.18125 0.2 0.178125 0.1921875 0.1734375 0.1921875
0 0.2484375 0.5921875 0.240625 0.6 0.24375 0.6109375 0.25 0.609375 0.2484375 0.5921875
0 0.66875 0.43125 0.6671875 0.4421875 0.678125 0.4484375 0.6796875 0.4375 0.66875 0.43125
0 0.25625 0.3453125 0.2515625 0.3546875 0.2609375 0.3671875 0.2640625 0.35625 0.25625 0.3453125
0 0.18125 0.4171875 0.1796875 0.425 0.1875 0.4265625 0.1875 0.4171875 0.18125 0.4171875
0 0.625 0.6859375 0.6203125 0.69375 0.6296875 0.7 0.63125 0.6828125 0.625 0.6859375
0 0.7640625 0.3375 0.7609375 0.3515625 0.7671875 0.3546875 0.7703125 0.3453125 0.7640625 0.340625 0.7703125 0.3375 0.7640625 0.3375