0 0.3623046875 0.7239583333333334 0.36181640625 0.7317708333333334 0.3642578125 0.7387152777777778 0.37060546875 0.7378472222222222 0.375 0.7309027777777778 0.3740234375 0.7239583333333334 0.3623046875 0.7239583333333334
0 0.716796875 0.5286458333333334 0.71484375 0.5329861111111112 0.71484375 0.5407986111111112 0.716796875 0.5451388888888888 0.72265625 0.5460069444444444 0.7265625 0.5407986111111112 0.7265625 0.5321180555555556 0.7236328125 0.5251736111111112 0.7197265625 0.5251736111111112 0.716796875 0.5286458333333334
0 0.30224609375 0.4869791666666667 0.30029296875 0.4895833333333333 0.30029296875 0.4956597222222222 0.3056640625 0.4973958333333333 0.3056640625 0.4895833333333333 0.30224609375 0.4869791666666667
0 0.56982421875 0.4852430555555556 0.568359375 0.4895833333333333 0.5693359375 0.5034722222222222 0.5732421875 0.5095486111111112 0.57958984375 0.5060763888888888 0.58154296875 0.4956597222222222 0.580078125 0.4852430555555556 0.57763671875 0.4826388888888889 0.572265625 0.4826388888888889 0.56982421875 0.4852430555555556
0 0.93896484375 0.6901041666666666 0.9365234375 0.6944444444444444 0.93896484375 0.7057291666666666 0.947265625 0.7065972222222222 0.94775390625 0.6979166666666666 0.9462890625 0.6909722222222222 0.93896484375 0.6901041666666666
0 0.55615234375 0.6163194444444444 0.55615234375 0.6302083333333334 0.560546875 0.6354166666666666 0.5654296875 0.6354166666666666 0.56689453125 0.6302083333333334 0.56640625 0.6163194444444444 0.56396484375 0.6137152777777778 0.55810546875 0.6137152777777778 0.55615234375 0.6163194444444444
0 0.26708984375 0.6848958333333334 0.26611328125 0.6970486111111112 0.26806640625 0.7022569444444444 0.27978515625 0.703125 0.2841796875 0.6996527777777778 0.2841796875 0.6927083333333334 0.27880859375 0.6848958333333334 0.26708984375 0.6848958333333334
0 0.36279296875 0.4626736111111111 0.3623046875 0.4696180555555556 0.3662109375 0.4704861111111111 0.3671875 0.4626736111111111 0.36279296875 0.4626736111111111
0 0.28564453125 0.3793402777777778 0.28564453125 0.4027777777777778 0.2890625 0.4079861111111111 0.29296875 0.4071180555555556 0.2890625 0.3897569444444444 0.2890625 0.3776041666666667 0.28564453125 0.3793402777777778
0 0.27978515625 0.2977430555555556 0.27734375 0.3020833333333333 0.27783203125 0.3098958333333333 0.28173828125 0.3177083333333333 0.2880859375 0.3194444444444444 0.2890625 0.3098958333333333 0.28759765625 0.3046875 0.28271484375 0.2977430555555556 0.27978515625 0.2977430555555556
0 0.2451171875 0.5121527777777778 0.24658203125 0.5286458333333334 0.2509765625 0.5373263888888888 0.25634765625 0.5373263888888888 0.25927734375 0.5329861111111112 0.25927734375 0.5286458333333334 0.25146484375 0.5104166666666666 0.24755859375 0.5095486111111112 0.2451171875 0.5121527777777778
0 0.3857421875 0.014756944444444444 0.3857421875 0.022569444444444444 0.39208984375 0.028645833333333332 0.3984375 0.010416666666666666 0.39794921875 0.003472222222222222 0.39599609375 0 0.39208984375 0 0.3857421875 0.014756944444444444
0 0.8671875 0.5243055555555556 0.86669921875 0.5329861111111112 0.86865234375 0.5390625 0.8759765625 0.5373263888888888 0.876953125 0.5286458333333334 0.87548828125 0.5234375 0.8671875 0.5243055555555556
0 0.3564453125 0 0.34765625 0 0.34765625 0.013020833333333334 0.349609375 0.019097222222222224 0.3525390625 0.019965277777777776 0.35595703125 0.013888888888888888 0.3564453125 0
0 0.56103515625 0.3723958333333333 0.55908203125 0.3802083333333333 0.56396484375 0.3888888888888889 0.56689453125 0.390625 0.57421875 0.3776041666666667 0.5751953125 0.3680555555555556 0.56689453125 0.3602430555555556 0.56103515625 0.3723958333333333
0 0.71044921875 0.4140625 0.70849609375 0.4175347222222222 0.70947265625 0.4331597222222222 0.71240234375 0.4375 0.716796875 0.4357638888888889 0.720703125 0.4253472222222222 0.71923828125 0.4140625 0.71044921875 0.4140625
0 0.52978515625 0.9487847222222222 0.5302734375 0.9565972222222222 0.53564453125 0.9557291666666666 0.53515625 0.9479166666666666 0.52978515625 0.9487847222222222