0 0.34765625 0.5737847222222222 0.34716796875 0.6041666666666666 0.359375 0.6050347222222222 0.36181640625 0.5894097222222222 0.36181640625 0.5737847222222222 0.34765625 0.5737847222222222
0 0.53564453125 0.2873263888888889 0.5361328125 0.2994791666666667 0.5390625 0.296875 0.5390625 0.2890625 0.53564453125 0.2873263888888889
0 0.14404296875 0.5598958333333334 0.14013671875 0.5659722222222222 0.14013671875 0.578125 0.14306640625 0.5824652777777778 0.15087890625 0.5833333333333334 0.15478515625 0.5703125 0.154296875 0.5642361111111112 0.15185546875 0.5598958333333334 0.14404296875 0.5598958333333334
0 0.31103515625 0.3454861111111111 0.310546875 0.3706597222222222 0.3134765625 0.3732638888888889 0.31689453125 0.3723958333333333 0.31689453125 0.3454861111111111 0.31103515625 0.3454861111111111
0 0.7109375 0.7604166666666666 0.70947265625 0.765625 0.71142578125 0.7821180555555556 0.7138671875 0.7864583333333334 0.7216796875 0.7873263888888888 0.72802734375 0.7916666666666666 0.72900390625 0.7777777777777778 0.72802734375 0.7708333333333334 0.72509765625 0.7647569444444444 0.71875 0.7578125 0.71240234375 0.7578125 0.7109375 0.7604166666666666
0 0.2314453125 0 0.2255859375 0 0.2255859375 0.003472222222222222 0.2265625 0.006076388888888889 0.23046875 0.005208333333333333 0.2314453125 0
0 0.66357421875 0.7916666666666666 0.6630859375 0.8185763888888888 0.66845703125 0.8263888888888888 0.671875 0.8246527777777778 0.67333984375 0.8229166666666666 0.67431640625 0.7925347222222222 0.6689453125 0.7881944444444444 0.6650390625 0.7881944444444444 0.66357421875 0.7916666666666666
0 0.17529296875 0.6762152777777778 0.1748046875 0.6875 0.177734375 0.6935763888888888 0.1875 0.6935763888888888 0.1904296875 0.6875 0.19091796875 0.6762152777777778 0.185546875 0.6675347222222222 0.1806640625 0.6684027777777778 0.17529296875 0.6762152777777778
0 0.2802734375 0.3159722222222222 0.27734375 0.3229166666666667 0.27734375 0.3307291666666667 0.27978515625 0.3368055555555556 0.283203125 0.3402777777777778 0.2880859375 0.3402777777777778 0.29296875 0.3359375 0.2939453125 0.3220486111111111 0.291015625 0.3159722222222222 0.2802734375 0.3159722222222222
0 0.30224609375 0.4609375 0.3017578125 0.4739583333333333 0.30517578125 0.4826388888888889 0.310546875 0.484375 0.3154296875 0.4782986111111111 0.31689453125 0.4661458333333333 0.31494140625 0.4583333333333333 0.31103515625 0.4539930555555556 0.30712890625 0.4539930555555556 0.30224609375 0.4609375
0 0.66796875 0.3602430555555556 0.666015625 0.3671875 0.669921875 0.375 0.67724609375 0.3767361111111111 0.68017578125 0.3723958333333333 0.6806640625 0.3628472222222222 0.67919921875 0.359375 0.66796875 0.3602430555555556
0 0.5888671875 0.20225694444444445 0.5888671875 0.2109375 0.59326171875 0.21180555555555555 0.59375 0.20399305555555555 0.59228515625 0.2013888888888889 0.5888671875 0.20225694444444445
0 0.4443359375 0.049479166666666664 0.44482421875 0.058159722222222224 0.44921875 0.059895833333333336 0.4560546875 0.04600694444444445 0.45556640625 0.03819444444444445 0.45263671875 0.03298611111111111 0.4501953125 0.033854166666666664 0.4443359375 0.049479166666666664
0 0.6416015625 0.2864583333333333 0.64013671875 0.2864583333333333 0.64013671875 0.2916666666666667 0.64306640625 0.3029513888888889 0.646484375 0.3020833333333333 0.64501953125 0.2925347222222222 0.6416015625 0.2864583333333333
0 0.62353515625 0.11805555555555555 0.623046875 0.1267361111111111 0.6259765625 0.1310763888888889 0.63671875 0.1371527777777778 0.64013671875 0.13541666666666666 0.64111328125 0.12586805555555555 0.6376953125 0.1189236111111111 0.62939453125 0.11284722222222222 0.62646484375 0.11284722222222222 0.62353515625 0.11805555555555555