0 0.072265625 0.6189236111111112 0.072265625 0.6310763888888888 0.07470703125 0.6354166666666666 0.08203125 0.6362847222222222 0.08642578125 0.625 0.08642578125 0.6180555555555556 0.08447265625 0.6137152777777778 0.0771484375 0.6128472222222222 0.072265625 0.6189236111111112
0 0.2744140625 0.6102430555555556 0.2744140625 0.6354166666666666 0.279296875 0.6397569444444444 0.287109375 0.6397569444444444 0.2890625 0.6302083333333334 0.2880859375 0.6085069444444444 0.28564453125 0.6059027777777778 0.27783203125 0.6059027777777778 0.2744140625 0.6102430555555556
0 0.22802734375 0.5043402777777778 0.2275390625 0.5147569444444444 0.23046875 0.5243055555555556 0.23681640625 0.5243055555555556 0.2421875 0.5182291666666666 0.24267578125 0.5017361111111112 0.24072265625 0.4973958333333333 0.232421875 0.4965277777777778 0.22802734375 0.5043402777777778
0 0.2890625 0.3532986111111111 0.28857421875 0.3576388888888889 0.2919921875 0.3628472222222222 0.29736328125 0.3628472222222222 0.296875 0.359375 0.2890625 0.3532986111111111
0 0.29150390625 0.3940972222222222 0.29150390625 0.3975694444444444 0.2939453125 0.3975694444444444 0.2998046875 0.390625 0.3134765625 0.3888888888888889 0.32470703125 0.3949652777777778 0.3232421875 0.3897569444444444 0.314453125 0.3854166666666667 0.3115234375 0.3810763888888889 0.31103515625 0.3732638888888889 0.314453125 0.3637152777777778 0.31884765625 0.3628472222222222 0.32275390625 0.3585069444444444 0.3251953125 0.3541666666666667 0.3251953125 0.3498263888888889 0.3203125 0.3506944444444444 0.310546875 0.359375 0.302734375 0.359375 0.30224609375 0.3836805555555556 0.29150390625 0.3940972222222222
0 0.10888671875 0.7222222222222222 0.109375 0.7421875 0.11767578125 0.7421875 0.123046875 0.7378472222222222 0.1240234375 0.7256944444444444 0.123046875 0.71875 0.12109375 0.7161458333333334 0.11279296875 0.7161458333333334 0.10888671875 0.7222222222222222
0 0.4560546875 0.3142361111111111 0.45263671875 0.3142361111111111 0.45263671875 0.3237847222222222 0.4580078125 0.3229166666666667 0.4560546875 0.3142361111111111
0 0.583984375 0.3723958333333333 0.58056640625 0.3767361111111111 0.58056640625 0.3819444444444444 0.58447265625 0.3897569444444444 0.591796875 0.390625 0.5947265625 0.3854166666666667 0.5947265625 0.3776041666666667 0.591796875 0.3723958333333333 0.583984375 0.3723958333333333
0 0.20556640625 0.3628472222222222 0.20263671875 0.3680555555555556 0.20263671875 0.3802083333333333 0.20654296875 0.3854166666666667 0.21435546875 0.3854166666666667 0.21875 0.3758680555555556 0.21728515625 0.3645833333333333 0.21240234375 0.3602430555555556 0.20556640625 0.3628472222222222
0 0.361328125 0.07725694444444445 0.35888671875 0.09114583333333333 0.35986328125 0.0954861111111111 0.36328125 0.09722222222222222 0.37060546875 0.08680555555555555 0.37109375 0.08072916666666667 0.36865234375 0.07291666666666667 0.36279296875 0.07291666666666667 0.361328125 0.07725694444444445
0 0.6318359375 0.7604166666666666 0.6328125 0.7777777777777778 0.6435546875 0.7873263888888888 0.6484375 0.7864583333333334 0.64794921875 0.7751736111111112 0.64013671875 0.7595486111111112 0.6376953125 0.7560763888888888 0.6337890625 0.7560763888888888 0.6318359375 0.7604166666666666
0 0.5859375 0.7960069444444444 0.58642578125 0.8272569444444444 0.5947265625 0.8272569444444444 0.59521484375 0.7942708333333334 0.58642578125 0.7916666666666666 0.5859375 0.7960069444444444
0 0.14599609375 0.057291666666666664 0.146484375 0.0642361111111111 0.15087890625 0.0642361111111111 0.1513671875 0.0546875 0.14599609375 0.057291666666666664
0 0.53564453125 0.1371527777777778 0.5341796875 0.1449652777777778 0.53564453125 0.1519097222222222 0.544921875 0.1579861111111111 0.5498046875 0.15885416666666666 0.55126953125 0.15625 0.55126953125 0.1449652777777778 0.54052734375 0.1345486111111111 0.53564453125 0.1371527777777778
0 0.4541015625 0.020833333333333332 0.45361328125 0.027777777777777776 0.45556640625 0.03211805555555555 0.45849609375 0.03211805555555555 0.4716796875 0.024305555555555556 0.47216796875 0.018229166666666668 0.4697265625 0.0078125 0.46630859375 0.006944444444444444 0.4541015625 0.020833333333333332
0 0.546875 0.2960069444444444 0.5458984375 0.3012152777777778 0.55029296875 0.3038194444444444 0.55712890625 0.3185763888888889 0.560546875 0.3203125 0.560546875 0.3142361111111111 0.5546875 0.2977430555555556 0.5517578125 0.2951388888888889 0.546875 0.2960069444444444