0 0.5359375 0.5765625 0.53125 0.5875 0.5421875 0.5890625 0.5421875 0.5796875 0.5359375 0.5765625
0 0.5109375 0.465625 0.50625 0.4734375 0.51875 0.475 0.525 0.4703125 0.521875 0.465625 0.5109375 0.465625
0 0.0140625 0.1875 0.00625 0.1921875 0.00625 0.2 0.0234375 0.1984375 0.0234375 0.1890625 0.0140625 0.1875
0 0.4625 0.7125 0.4625 0.721875 0.4796875 0.721875 0.478125 0.7125 0.4625 0.7125
0 0.15 0.5 0.1375 0.50625 0.1375 0.5109375 0.1484375 0.5140625 0.1609375 0.509375 0.15625 0.5 0.15 0.5
0 0.34375 0.8640625 0.3421875 0.878125 0.3546875 0.8796875 0.359375 0.8703125 0.3546875 0.8640625 0.34375 0.8640625
0 0.1296875 0.06875 0.1265625 0.075 0.13125 0.0796875 0.1421875 0.0796875 0.146875 0.075 0.14375 0.06875 0.1296875 0.06875
0 0.5375 0.3140625 0.5375 0.3234375 0.546875 0.3234375 0.5484375 0.3171875 0.55625 0.3234375 0.5546875 0.3171875 0.5375 0.3140625
0 0.3859375 0.1609375 0.375 0.1609375 0.375 0.16875 0.3921875 0.171875 0.3921875 0.1625 0.3859375 0.1609375
0 0.475 0.84375 0.475 0.853125 0.49375 0.85 0.4890625 0.84375 0.475 0.84375
0 0.5 0.184375 0.5 0.1953125 0.50625 0.1859375 0.5125 0.19375 0.5109375 0.1875 0.5 0.184375
0 0.2046875 0.31875 0.2 0.33125 0.21875 0.3296875 0.2171875 0.3234375 0.2046875 0.31875