0 0.8171875 0.165625 0.8125 0.178125 0.81875 0.2 0.825 0.2046875 0.83125 0.1890625 0.821875 0.1640625 0.8171875 0.165625
0 0.9703125 0.0296875 0.975 0.05 0.984375 0.05 0.9859375 0.0375 0.978125 0.028125 0.9703125 0.0296875
0 0.4859375 0.44375 0.4859375 0.45625 0.5 0.465625 0.503125 0.45625 0.4859375 0.44375
0 0.39375 0.49375 0.3890625 0.4984375 0.390625 0.5046875 0.4 0.509375 0.4109375 0.50625 0.4109375 0.5 0.39375 0.49375
0 0.375 0.603125 0.375 0.61875 0.3796875 0.625 0.39375 0.628125 0.3921875 0.6140625 0.375 0.603125
0 0.25625 0.6390625 0.25 0.6453125 0.2515625 0.65625 0.2734375 0.6390625 0.2734375 0.63125 0.25625 0.6390625
0 0.5890625 0.371875 0.5875 0.384375 0.596875 0.3875 0.5984375 0.3765625 0.5890625 0.371875
0 0.4296875 0.48125 0.4265625 0.4875 0.43125 0.4921875 0.44375 0.4875 0.4484375 0.475 0.4375 0.475 0.4296875 0.48125
0 0.309375 0.675 0.3046875 0.6765625 0.30625 0.6921875 0.3171875 0.6875 0.3171875 0.6765625 0.309375 0.675
0 0.9953125 0.1171875 0.9921875 0.1296875 0.9984375 0.13125 0.9953125 0.1171875
0 0.628125 0.3890625 0.625 0.41875 0.6296875 0.434375 0.6359375 0.4359375 0.6359375 0.3921875 0.628125 0.3890625
0 0.63359375 0.7890625 0.0046875 0.00625
0 0.46875 0.525 0.46875 0.5421875 0.475 0.54375 0.46875 0.525
0 0.6625 0.3015625 0.6609375 0.3109375 0.675 0.321875 0.6765625 0.309375 0.6625 0.3015625
0 0.3 0.675 0.3 0.6921875 0.3125 0.6921875 0.3171875 0.6875 0.3171875 0.675 0.3 0.675
0 0.7453125 0.3234375 0.7390625 0.3296875 0.7421875 0.3359375 0.753125 0.33125 0.753125 0.325 0.7453125 0.3234375