0 0.5859375 0.1484375 0.5859375 0.171875 0.59375 0.1671875 0.5921875 0.15 0.5859375 0.1484375
0 0.1046875 0.10625 0.1 0.10625 0.1 0.115625 0.10625 0.115625 0.1046875 0.10625
0 0.75 0.7875 0.753125 0.80625 0.7484375 0.8296875 0.7546875 0.8375 0.75 0.84375 0.7546875 0.8546875 0.76875 0.8625 0.790625 0.8609375 0.8046875 0.8421875 0.8046875 0.8109375 0.8 0.8015625 0.78125 0.7875 0.75 0.7875
0 0.503125 0.0296875 0.5 0.040625 0.5046875 0.046875 0.5109375 0.0359375 0.503125 0.0296875
0 0.51875 0.5625 0.5171875 0.5734375 0.521875 0.5765625 0.51875 0.5671875 0.5234375 0.5625 0.51875 0.5625
0 0.4984375 0.3640625 0.49375 0.375 0.5015625 0.38125 0.5046875 0.371875 0.4984375 0.3640625
0 0.4265625 0.44375 0.425 0.45625 0.4328125 0.45625 0.4359375 0.4375 0.4265625 0.44375
0 0.4234375 0.5671875 0.4171875 0.5671875 0.4171875 0.5796875 0.421875 0.5828125 0.4234375 0.5671875
0 0.5578125 0.4046875 0.5546875 0.4171875 0.5625 0.421875 0.565625 0.4109375 0.5578125 0.4046875
0 0.478125 0.19375 0.475 0.2046875 0.48125 0.215625 0.4875 0.20625 0.478125 0.19375
0 0.5671875 0.5359375 0.5609375 0.5421875 0.565625 0.5453125 0.5625 0.55 0.571875 0.540625 0.5671875 0.5359375
0 0.4515625 0.38125 0.45 0.390625 0.4578125 0.3984375 0.4671875 0.3859375 0.465625 0.375 0.459375 0.3734375 0.4515625 0.38125
0 0.3921875 0.675 0.3875 0.6875 0.4 0.6921875 0.403125 0.6796875 0.3921875 0.675