0 0.634375 0.05625 0.628125 0.0625 0.628125 0.075 0.6390625 0.06875 0.6390625 0.0578125 0.634375 0.05625
0 0.5421875 0.425 0.540625 0.4359375 0.5484375 0.4296875 0.55 0.44375 0.55 0.43125 0.5421875 0.425
0 0.5953125 0.034375 0.59375 0.046875 0.6 0.05 0.6046875 0.0359375 0.603125 0.03125 0.5953125 0.034375
0 0.4421875 0.99375 0.4390625 0.9984375 0.4484375 0.9984375 0.4484375 0.99375 0.4421875 0.99375
0 0.434375 0.4703125 0.43125 0.4859375 0.4390625 0.4828125 0.434375 0.4703125
0 0.325 0.8453125 0.3234375 0.85 0.33125 0.8515625 0.3234375 0.8609375 0.3265625 0.8625 0.33125 0.859375 0.33125 0.8390625 0.325 0.8453125
0 0.55 0.03125 0.5484375 0.0421875 0.5546875 0.046875 0.5625 0.0359375 0.55625 0.028125 0.55 0.03125
0 0.4484375 0.85625 0.4484375 0.875 0.453125 0.875 0.4546875 0.8625 0.4484375 0.85625
0 0.3109375 0.9609375 0.30625 0.9609375 0.3125 0.9671875 0.30625 0.975 0.309375 0.9796875 0.3140625 0.975 0.3109375 0.9609375
0 0.46875 0.33125 0.465625 0.3421875 0.4765625 0.34375 0.478125 0.3328125 0.46875 0.33125
0 0.3546875 0.7953125 0.353125 0.8109375 0.359375 0.8125 0.36875 0.8046875 0.3671875 0.7921875 0.3546875 0.7953125
0 0.39375 0.796875 0.3890625 0.8015625 0.39375 0.8109375 0.3984375 0.8109375 0.4 0.8 0.39375 0.796875
0 0.50625 0.60625 0.4984375 0.609375 0.4984375 0.63125 0.509375 0.625 0.50625 0.60625
0 0.5234375 0.15 0.5203125 0.1609375 0.525 0.16875 0.5234375 0.1625 0.5296875 0.1640625 0.534375 0.15 0.5234375 0.15
0 0.6140625 0.1328125 0.6125 0.15 0.61875 0.15 0.6234375 0.13125 0.6140625 0.1328125
0 0.5765625 0.3125 0.58125 0.3265625 0.575 0.328125 0.58125 0.33125 0.5859375 0.3140625 0.5765625 0.3125
0 0.3953125 0.6234375 0.39375 0.6421875 0.3984375 0.64375 0.4 0.625 0.3953125 0.6234375