0 0.20625 0.4 0.2046875 0.40625 0.2125 0.40625 0.2171875 0.39375 0.20625 0.4
0 0.065625 0.475 0.0609375 0.4796875 0.0625 0.4875 0.0796875 0.5 0.084375 0.4859375 0.0734375 0.4734375 0.065625 0.475
0 0.2125 0.5421875 0.2109375 0.553125 0.215625 0.5609375 0.2234375 0.55 0.2234375 0.53125 0.2125 0.5421875
0 0.215625 0.09375 0.2125 0.125 0.2171875 0.1265625 0.2203125 0.103125 0.215625 0.096875 0.2203125 0.09375 0.215625 0.09375
0 0.003125 0.5265625 0 0.5578125 0.01875 0.565625 0.028125 0.5375 0.03125 0.503125 0.025 0.4984375 0.0203125 0.503125 0.0203125 0.5234375 0.015625 0.5296875 0.0078125 0.5234375 0.003125 0.5265625
0 0.1734375 0.1375 0.171875 0.1484375 0.1796875 0.15 0.18125 0.1390625 0.1734375 0.1375
0 0.2046875 0.2 0.20625 0.2078125 0.2 0.21875 0.2015625 0.2234375 0.2109375 0.2234375 0.21875 0.209375 0.21875 0.19375 0.2046875 0.2
0 0.1765625 0.4375 0.16875 0.4375 0.16875 0.4578125 0.1734375 0.4625 0.1921875 0.4609375 0.1921875 0.44375 0.1765625 0.4375
0 0.2171875 0.03125 0.215625 0.0546875 0.225 0.0578125 0.2265625 0.025 0.2171875 0.03125
0 0.178125 0.6625 0.175 0.6734375 0.1859375 0.6796875 0.1859375 0.6625 0.178125 0.6625
0 0.2171875 0.8375 0.2125 0.85 0.234375 0.853125 0.2359375 0.8359375 0.2171875 0.8375