0 0.725 0.23125 0.7234375 0.2421875 0.7375 0.24375 0.7375 0.2359375 0.725 0.23125
0 0.009375 0.196875 0.0078125 0.2015625 0.0125 0.2046875 0.025 0.2 0.0234375 0.1921875 0.009375 0.196875
0 0.815625 0.0875 0.8125 0.0890625 0.8171875 0.09375 0.8265625 0.0921875 0.825 0.0875 0.815625 0.0875
0 0.1109375 0.45 0.1 0.45 0.1 0.45625 0.1171875 0.4578125 0.1171875 0.4515625 0.1109375 0.45
0 0.3203125 0.3859375 0.31875 0.39375 0.3296875 0.4 0.33125 0.384375 0.3203125 0.3859375
0 0.99375 0.1734375 0.9921875 0.1921875 0.9984375 0.1921875 0.9984375 0.1734375 0.99375 0.1734375
0 0.259375 0.3796875 0.25625 0.384375 0.2671875 0.39375 0.2796875 0.3921875 0.28125 0.3859375 0.2734375 0.3796875 0.259375 0.3796875
0 0.40625 0.3078125 0.40625 0.3171875 0.425 0.3125 0.41875 0.30625 0.40625 0.3078125
0 0.6859375 0.153125 0.6796875 0.1546875 0.6796875 0.1609375 0.6984375 0.1609375 0.6859375 0.153125
0 0.7546875 0.2875 0.75625 0.3 0.7734375 0.296875 0.76875 0.2875 0.7546875 0.2875
0 0.3 0.3625 0.3 0.371875 0.309375 0.371875 0.3171875 0.3640625 0.3 0.3625
0 0.25625 0.2046875 0.2515625 0.209375 0.2609375 0.215625 0.275 0.2109375 0.271875 0.2046875 0.25625 0.2046875
0 0.1859375 0.3515625 0.1875 0.3609375 0.2046875 0.3546875 0.2 0.3484375 0.1859375 0.3515625
0 0.0765625 0.76953125 0.00625 0.0015625
0 0.05625 0.546875 0.05 0.55 0.0546875 0.5625 0.0765625 0.565625 0.0875 0.5578125 0.06875 0.54375 0.05625 0.546875
0 0.6125 0.3328125 0.6046875 0.3375 0.60625 0.3453125 0.61640625 0.3453125 0.6203125 0.3359375 0.628125 0.34375 0.628125 0.3375 0.6125 0.3328125
0 0.359375 0.35625 0.3453125 0.3625 0.3546875 0.375 0.36875 0.3734375 0.3859375 0.3625 0.384375 0.35625 0.359375 0.35625
0 0.7125 0.3140625 0.7078125 0.3234375 0.7109375 0.3328125 0.721875 0.3265625 0.71875 0.3125 0.7125 0.3140625
0 0.525 0.20625 0.5265625 0.215625 0.5421875 0.2109375 0.540625 0.2046875 0.5359375 0.2125 0.525 0.20625
0 0.6171875 0.5890625 0.6 0.6 0.6 0.6046875 0.60625 0.596875 0.60859375 0.6046875 0.6171875 0.6046875 0.6359375 0.59375 0.63125 0.5890625 0.6171875 0.5890625
0 0.734375 0.2859375 0.73125 0.2921875 0.7390625 0.2984375 0.76875 0.3 0.775 0.29375 0.7671875 0.2828125 0.734375 0.2859375
0 0.91875 0.21875 0.9171875 0.2296875 0.925 0.2296875 0.9296875 0.21875 0.91875 0.21875
0 0.525 0.1765625 0.5234375 0.2125 0.53125 0.215625 0.5421875 0.2109375 0.5421875 0.19375 0.5375 0.175 0.525 0.1765625