0 0.8125 0.2078125 0.8109375 0.2171875 0.8171875 0.21875 0.821875 0.209375 0.81875 0.2046875 0.8125 0.2078125
0 0.3640625 0.79375 0.3625 0.8046875 0.371875 0.8078125 0.3734375 0.8015625 0.3640625 0.79375
0 0.6140625 0.2875 0.6125 0.3 0.6203125 0.30625 0.6234375 0.29375 0.6140625 0.2875
0 0.70625 0.40625 0.7046875 0.4171875 0.7125 0.4171875 0.7125 0.4078125 0.70625 0.40625
0 0.3890625 0.5828125 0.3890625 0.6 0.39375 0.603125 0.3953125 0.5859375 0.3890625 0.5828125
0 0.25 0.625 0.2484375 0.6359375 0.2546875 0.6390625 0.2546875 0.6234375 0.25 0.625
0 0.78125 0.1484375 0.7765625 0.15625 0.7875 0.1609375 0.790625 0.1546875 0.78125 0.1484375
0 0.3515625 0.5390625 0.35 0.5515625 0.365625 0.55625 0.3671875 0.5421875 0.3625 0.5375 0.3515625 0.5390625
0 0.184375 0.6609375 0.18125 0.6625 0.1921875 0.671875 0.18125 0.675 0.1875 0.6859375 0.1921875 0.6859375 0.1921875 0.6671875 0.184375 0.6609375
0 0.534375 0.3625 0.53125 0.375 0.5390625 0.3765625 0.5421875 0.3640625 0.534375 0.3625
0 0.3125 0.5484375 0.30625 0.5515625 0.309375 0.5625 0.31875 0.5546875 0.3171875 0.546875 0.3125 0.5484375
0 0.79375 0.30625 0.7875 0.3125 0.7921875 0.3234375 0.8015625 0.3171875 0.8 0.30625 0.79375 0.30625
0 0.4484375 0.4421875 0.446875 0.4609375 0.4515625 0.4625 0.4546875 0.4421875 0.4484375 0.4421875
0 0.6453125 0.45625 0.6390625 0.45625 0.6421875 0.475 0.6484375 0.4734375 0.6453125 0.45625
0 0.825 0.26875 0.825 0.2796875 0.8359375 0.2828125 0.8375 0.2734375 0.83125 0.2671875 0.825 0.26875
0 0.4171875 0.6921875 0.415625 0.709375 0.421875 0.7109375 0.4234375 0.6984375 0.4171875 0.6921875
0 0.5421875 0.5515625 0.5375 0.56875 0.5484375 0.5734375 0.55 0.565625 0.540625 0.5578125 0.55 0.5546875 0.546875 0.55 0.5421875 0.5515625
0 0.71875 0.2125 0.7171875 0.2234375 0.728125 0.2234375 0.728125 0.2125 0.71875 0.2125
0 0.3234375 0.7546875 0.3171875 0.75625 0.31875 0.7671875 0.3296875 0.7609375 0.3234375 0.7546875