0 0.8734375 0.31875 0.8640625 0.3234375 0.8671875 0.33125 0.878125 0.33125 0.8859375 0.3234375 0.8734375 0.31875
0 0.2296875 0.7734375 0.21875 0.7734375 0.21875 0.7796875 0.228125 0.7796875 0.2296875 0.7734375
0 0.16875 0.7640625 0.1671875 0.76875 0.1796875 0.76875 0.175 0.7625 0.16875 0.7640625
0 0.95 0.5140625 0.94375 0.525 0.95 0.5265625 0.9609375 0.515625 0.9625 0.5265625 0.96875 0.525 0.9671875 0.5171875 0.95 0.5140625
0 0.5359375 0.353125 0.53125 0.35625 0.53125 0.36875 0.5421875 0.3640625 0.5421875 0.3546875 0.5359375 0.353125
0 0.16875 0.7625 0.1671875 0.76875 0.175 0.775 0.1984375 0.7734375 0.1984375 0.7640625 0.19375 0.7609375 0.16875 0.7625
0 0.7921875 0.465625 0.784375 0.4703125 0.7875 0.4796875 0.8234375 0.4796875 0.83125 0.475 0.83125 0.46875 0.821875 0.465625 0.7921875 0.465625
0 0.146875 0.75 0.14375 0.75625 0.1484375 0.759375 0.1609375 0.7546875 0.1578125 0.75 0.146875 0.75
0 0.2 0.76875 0.2015625 0.7796875 0.20625 0.7703125 0.2 0.76875
0 0.7875 0.471875 0.7875 0.4796875 0.80625 0.478125 0.80625 0.46875 0.7875 0.471875
0 0.7140625 0.25 0.715625 0.25625 0.7296875 0.2515625 0.7140625 0.25
0 0.8421875 0.5 0.8421875 0.5109375 0.853125 0.5125 0.853125 0.5 0.8421875 0.5
0 0.790625 0.728125 0.7875 0.7421875 0.8 0.7359375 0.8 0.7296875 0.790625 0.728125
0 0.6203125 0.3984375 0.6171875 0.40625 0.628125 0.4078125 0.628125 0.4 0.6203125 0.3984375
0 0.8265625 0.4125 0.8296875 0.421875 0.84375 0.4171875 0.84375 0.4109375 0.8265625 0.4125