0 0.8546875 0.1125 0.85 0.1171875 0.8546875 0.1234375 0.86875 0.1234375 0.8703125 0.1171875 0.8546875 0.1125
0 0.9578125 0.025 0.95625 0.0296875 0.971875 0.03125 0.96875 0.025 0.9578125 0.025
0 0.8484375 0.3125 0.8484375 0.321875 0.8625 0.321875 0.86875 0.3171875 0.86875 0.3125 0.8484375 0.3125
0 0.6359375 0.30625 0.63125 0.3125 0.6375 0.3171875 0.6546875 0.3125 0.6484375 0.30625 0.6359375 0.30625
0 0.3734375 0.5 0.375 0.50625 0.39375 0.50625 0.3890625 0.5 0.3734375 0.5
0 0.95625 0.28125 0.946875 0.28125 0.9484375 0.2921875 0.95625 0.2921875 0.95625 0.28125
0 0.575 0.403125 0.5734375 0.4109375 0.5859375 0.4125 0.5859375 0.4046875 0.575 0.403125
0 0.178125 0.240625 0.171875 0.25 0.178125 0.2515625 0.1875 0.24375 0.178125 0.240625
0 0.1390625 0.3671875 0.1375 0.3796875 0.15 0.3796875 0.15 0.36875 0.1390625 0.3671875
0 0.434375 0.2203125 0.4296875 0.225 0.4375 0.23125 0.4515625 0.2234375 0.45 0.21875 0.434375 0.2203125
0 0.9859375 0.2421875 0.9796875 0.24375 0.9796875 0.25 0.9875 0.2546875 0.9984375 0.2515625 0.9984375 0.24375 0.9859375 0.2421875
0 0.509375 0.40625 0.50625 0.4109375 0.5171875 0.4171875 0.5265625 0.4171875 0.5296875 0.4125 0.528125 0.40625 0.509375 0.40625
0 0.7171875 0.1875 0.7125 0.1921875 0.71875 0.1953125 0.734375 0.1890625 0.7171875 0.1875
0 0.9390625 0.1875 0.9296875 0.1875 0.93125 0.2 0.940625 0.1890625 0.946875 0.1984375 0.9390625 0.1875
0 0.4359375 0.38125 0.425 0.3859375 0.425 0.39375 0.4390625 0.3921875 0.4421875 0.384375 0.4359375 0.38125