0 0.7625 0.0609375 0.7609375 0.0765625 0.778125 0.0890625 0.7796875 0.0796875 0.7625 0.0609375
0 0.7078125 0.0578125 0.7078125 0.071875 0.7171875 0.075 0.7078125 0.0578125
0 0.61875 0.1375 0.6046875 0.1375 0.6046875 0.1546875 0.61875 0.1484375 0.61875 0.1375
0 0.2984375 0.3921875 0.29375 0.3953125 0.2953125 0.4015625 0.3171875 0.4046875 0.315625 0.3921875 0.2984375 0.3921875
0 0.4578125 0.1875 0.4578125 0.225 0.4609375 0.23125 0.4671875 0.23125 0.46875 0.2 0.465625 0.1890625 0.4578125 0.1875
0 0.4484375 0.3375 0.4375 0.3375 0.4375 0.3484375 0.45 0.3671875 0.4546875 0.3671875 0.4484375 0.3375
0 0.171875 0.6703125 0.1625 0.6796875 0.1625 0.6875 0.16875 0.6875 0.184375 0.6734375 0.18125 0.665625 0.171875 0.6703125
0 0.44375 0.025 0.44375 0.05 0.4515625 0.0609375 0.4546875 0.05625 0.446875 0.0515625 0.4546875 0.0421875 0.44375 0.025
0 0.3265625 0.13125 0.325 0.140625 0.3296875 0.1484375 0.3375 0.15625 0.346875 0.1546875 0.34375 0.1375 0.3265625 0.13125
0 0.15625 0.5140625 0.1578125 0.525 0.175 0.5203125 0.1734375 0.5125 0.15625 0.5140625
0 0.3890625 0.4 0.38125 0.4 0.38125 0.4109375 0.3859375 0.4171875 0.39375 0.4109375 0.39375 0.425 0.3984375 0.425 0.3890625 0.4
0 0.1125 0.0625 0.10625 0.0703125 0.10625 0.0796875 0.115625 0.0796875 0.11875 0.075 0.1203125 0.06875 0.1125 0.0625
0 0.534375 0.321875 0.53125 0.33125 0.5375 0.3484375 0.5421875 0.3484375 0.5421875 0.3265625 0.534375 0.321875