0 0.3640625 0.675 0.3625 0.69375 0.371875 0.696875 0.3734375 0.675 0.3640625 0.675
0 0.03125 0.475 0.0296875 0.4875 0.0375 0.4921875 0.0421875 0.4859375 0.03125 0.478125 0.0421875 0.4734375 0.0375 0.46875 0.03125 0.475
0 0.6390625 0.659375 0.6375 0.6625 0.6484375 0.6703125 0.6375 0.675 0.6390625 0.6796875 0.6484375 0.6796875 0.6484375 0.65625 0.6390625 0.659375
0 0.4875 0.375 0.4859375 0.3828125 0.49375 0.3875 0.4859375 0.3921875 0.490625 0.39375 0.4984375 0.3796875 0.49375 0.371875 0.4875 0.375
0 0.4984375 0.6390625 0.496875 0.653125 0.5046875 0.6609375 0.509375 0.6484375 0.4984375 0.6390625
0 0.3375 0.596875 0.3359375 0.6078125 0.34375 0.6171875 0.3484375 0.60625 0.3375 0.596875
0 0.0796875 0.75 0.0796875 0.7625 0.084375 0.76875 0.0921875 0.76875 0.0921875 0.759375 0.0796875 0.75
0 0.1921875 0.4875 0.1890625 0.5 0.1984375 0.5046875 0.2 0.4921875 0.1921875 0.4875
0 0.6359375 0.4046875 0.63125 0.415625 0.6390625 0.421875 0.64375 0.4078125 0.6359375 0.4046875
0 0.575 0.2078125 0.5734375 0.21875 0.5796875 0.2234375 0.5859375 0.2046875 0.58125 0.2 0.575 0.2078125
0 0.14375 0.7015625 0.14375 0.71875 0.1546875 0.721875 0.1546875 0.703125 0.14375 0.7015625
0 0.709375 0.9484375 0.6984375 0.9515625 0.7015625 0.95625 0.7109375 0.95625 0.709375 0.9484375
0 0.146875 0.7 0.1421875 0.7046875 0.1421875 0.715625 0.15625 0.7375 0.15625 0.70625 0.146875 0.7
0 0.4484375 0.4796875 0.4484375 0.5 0.45625 0.5 0.4546875 0.48125 0.4484375 0.4796875
0 0.56875 0.4484375 0.5671875 0.45625 0.5734375 0.4578125 0.575 0.45 0.56875 0.4484375