0 0.0796875 0.40625 0.0796875 0.421875 0.0890625 0.4125 0.084375 0.4046875 0.0796875 0.40625
0 0.0984375 0.6703125 0.0984375 0.6796875 0.1109375 0.6796875 0.109375 0.66875 0.0984375 0.6703125
0 0.434375 0.3859375 0.43125 0.403125 0.4359375 0.4046875 0.4390625 0.390625 0.434375 0.3859375
0 0.0390625 0.2046875 0.0421875 0.2296875 0.0484375 0.23125 0.0484375 0.20625 0.0390625 0.2046875
0 0.2296875 0.8953125 0.21875 0.8953125 0.2234375 0.909375 0.23125 0.90625 0.2296875 0.8953125
0 0.425 0.7703125 0.41875 0.78125 0.4296875 0.7921875 0.43125 0.76875 0.425 0.7703125
0 0.153125 0.875 0.15 0.8875 0.15625 0.89375 0.1609375 0.88125 0.153125 0.875
0 0.2890625 0.5921875 0.00625 0.021875
0 0.2796875 0.253125 0.275 0.275 0.2875 0.26875 0.2859375 0.2515625 0.2796875 0.253125
0 0.44375 0.80625 0.4421875 0.8234375 0.446875 0.8234375 0.4546875 0.8171875 0.4546875 0.80625 0.44375 0.80625
0 0.54375 0.1609375 0.5421875 0.1796875 0.55 0.18125 0.55 0.1609375 0.54375 0.1609375