0 0.325 0.9828125 0.3234375 0.9875 0.33125 0.9890625 0.3234375 0.9984375 0.3296875 0.9984375 0.3359375 0.9796875 0.33125 0.975 0.325 0.9828125
0 0.2296875 0.2421875 0.2265625 0.25 0.2375 0.2546875 0.240625 0.24375 0.2296875 0.2421875
0 0.321875 0.6515625 0.31875 0.671875 0.3234375 0.6734375 0.3296875 0.6671875 0.3296875 0.65625 0.321875 0.6515625
0 0.38125 0.3453125 0.3796875 0.3546875 0.3921875 0.359375 0.39375 0.35 0.38125 0.3453125
0 0.025 0.4171875 0.0234375 0.4359375 0.034375 0.446875 0.040625 0.4265625 0.0359375 0.4171875 0.025 0.4171875
0 0.171875 0.853125 0.16875 0.8625 0.178125 0.8671875 0.18125 0.853125 0.171875 0.853125
0 0.18125 0.4625 0.1796875 0.4734375 0.1875 0.475 0.1796875 0.4828125 0.1859375 0.484375 0.1890625 0.46875 0.1875 0.4625 0.18125 0.4625
0 0.1609375 0.4296875 0.153125 0.4375 0.15625 0.446875 0.171875 0.4375 0.171875 0.4296875 0.1609375 0.4296875
0 0.5203125 0.83125 0.51875 0.8484375 0.528125 0.85 0.53125 0.8375 0.5203125 0.83125
0 0.4515625 0.3640625 0.45 0.3734375 0.4578125 0.38125 0.4625 0.3765625 0.4609375 0.3640625 0.4515625 0.3640625
0 0.503125 0.5734375 0.5 0.5828125 0.5109375 0.5859375 0.5109375 0.5734375 0.503125 0.5734375