0 0.85 0.03125 0.84375 0.0625 0.85 0.075 0.8546875 0.075 0.8609375 0.0609375 0.8609375 0.034375 0.85 0.03125
0 0.4421875 0.096875 0.4390625 0.10625 0.4484375 0.11875 0.4484375 0.1 0.4421875 0.096875
0 0.725 0.028125 0.7234375 0.0421875 0.73125 0.0359375 0.725 0.028125
0 0.0625 0.0421875 0.0625 0.0625 0.0765625 0.0796875 0.084375 0.0796875 0.084375 0.0625 0.0734375 0.04375 0.0625 0.0421875
0 0.7921875 0.1 0.7875 0.1 0.7875 0.1109375 0.8 0.1265625 0.8 0.1109375 0.7921875 0.1
0 0.61875 0.0796875 0.6171875 0.11875 0.6234375 0.1203125 0.625 0.0859375 0.6234375 0.0796875 0.61875 0.0796875
0 0.4359375 0.0140625 0.434375 0.025 0.4484375 0.025 0.4546875 0.0203125 0.4515625 0.0078125 0.4359375 0.0140625
0 0.9890625 0.1109375 0.9953125 0.11875 0.9875 0.121875 0.9890625 0.1296875 0.9984375 0.1421875 0.9984375 0.1203125 0.9890625 0.1109375
0 0.8796875 0.1015625 0.878125 0.1171875 0.884375 0.1234375 0.8859375 0.10625 0.8796875 0.1015625
0 0.3125 0.0984375 0.3125 0.1265625 0.31875 0.1296875 0.321875 0.1234375 0.3125 0.0984375
0 0.2296875 0.0859375 0.2234375 0.09375 0.2234375 0.103125 0.23125 0.109375 0.2421875 0.1 0.246875 0.0859375 0.2421875 0.0796875 0.2296875 0.0859375
0 0.2953125 0.028125 0.2921875 0.0421875 0.30625 0.0421875 0.3140625 0.034375 0.3125 0.0203125 0.2953125 0.028125
0 0.1421875 0.046875 0.1375 0.046875 0.1390625 0.0625 0.15 0.0796875 0.1546875 0.0796875 0.153125 0.0625 0.1421875 0.046875