0 0.0546875 0.4296875 0.04375 0.4390625 0.0515625 0.45 0.06875 0.45625 0.0671875 0.4390625 0.0546875 0.4296875
0 0.20625 0.503125 0.2125 0.5125 0.2046875 0.51875 0.209375 0.5203125 0.21875 0.4921875 0.20625 0.503125
0 0.1640625 0.075 0.1609375 0.0859375 0.171875 0.0859375 0.1734375 0.075 0.1640625 0.075
0 0.2 0.34375 0.2 0.359375 0.2046875 0.359375 0.2109375 0.3484375 0.209375 0.34375 0.2 0.34375
0 0.16875 0.625 0.1671875 0.6375 0.1734375 0.6453125 0.178125 0.6359375 0.1734375 0.625 0.16875 0.625
0 0.2046875 0.1375 0.1921875 0.1578125 0.19375 0.1671875 0.2046875 0.15625 0.2 0.1484375 0.2109375 0.1484375 0.2125 0.1375 0.2046875 0.1375
0 0.1578125 0.3953125 0.1578125 0.4125 0.1625 0.4171875 0.1796875 0.4171875 0.184375 0.4078125 0.18125 0.39375 0.1578125 0.3953125
0 0.1875 0.7609375 0.1875 0.7859375 0.19375 0.7859375 0.1984375 0.78125 0.1984375 0.76875 0.1875 0.7609375
0 0.209375 0.025 0.2046875 0.0296875 0.2046875 0.065625 0.2125 0.0546875 0.209375 0.025
0 0.209375 0.815625 0.20625 0.8234375 0.2125 0.8265625 0.23125 0.8234375 0.23125 0.8109375 0.2265625 0.8078125 0.209375 0.815625
0 0.7078125 0.38125 0.70625 0.39375 0.7109375 0.3890625 0.7078125 0.38125