0 0.128125 0.3125 0.125 0.321875 0.1359375 0.3234375 0.1375 0.3125 0.128125 0.3125
0 0.625 0.24375 0.6203125 0.246875 0.6234375 0.2546875 0.63125 0.25 0.63125 0.24375 0.625 0.24375
0 0.8796875 0.1265625 0.88125 0.1421875 0.9015625 0.1421875 0.9109375 0.1375 0.9109375 0.13125 0.8984375 0.1234375 0.8796875 0.1265625
0 0.703125 0.6859375 0.6984375 0.6875 0.6984375 0.6953125 0.7078125 0.696875 0.7125 0.6875 0.703125 0.6859375
0 0.496875 0.3796875 0.49375 0.3875 0.503125 0.3921875 0.50625 0.3828125 0.496875 0.3796875
0 0.76875 0.6234375 0.7703125 0.634375 0.784375 0.63125 0.784375 0.625 0.775 0.63125 0.76875 0.6234375
0 0.2890625 0.659375 0.275 0.659375 0.275 0.6671875 0.2921875 0.6671875 0.29375 0.6625 0.2890625 0.659375
0 0.1109375 0.6234375 0.10625 0.6375 0.1203125 0.634375 0.1203125 0.625 0.1109375 0.6234375
0 0.340625 0.2125 0.3234375 0.2125 0.3234375 0.2203125 0.3390625 0.2203125 0.340625 0.2125
0 0.3234375 0.2125 0.3234375 0.2234375 0.35 0.2203125 0.3453125 0.2125 0.3375 0.2203125 0.334375 0.2125 0.3234375 0.2125
0 0.90625 0.2984375 0.915625 0.3125 0.9359375 0.309375 0.9296875 0.3 0.90625 0.2984375
0 0.4984375 0.6515625 0.5 0.6625 0.5109375 0.6609375 0.50625 0.65 0.4984375 0.6515625
0 0.6359375 0.2359375 0.6359375 0.24375 0.640625 0.2359375 0.646875 0.24375 0.6546875 0.240625 0.65625 0.2296875 0.6359375 0.2359375
0 0.24375 0.45 0.2453125 0.4578125 0.2375 0.45625 0.240625 0.4609375 0.259375 0.45625 0.259375 0.45 0.24375 0.45