0 0.415625 0.5375 0.4109375 0.5375 0.4109375 0.54375 0.4171875 0.5421875 0.415625 0.5375
0 0.76875 0.6765625 0.7640625 0.6859375 0.775 0.7296875 0.7859375 0.7421875 0.8234375 0.7421875 0.8296875 0.7296875 0.83125 0.7015625 0.81875 0.6921875 0.815625 0.6796875 0.8 0.66875 0.76875 0.6765625
0 0.1 0.6359375 0.09375 0.6421875 0.09375 0.6515625 0.1046875 0.65625 0.10625 0.6390625 0.1 0.6359375
0 0.2796875 0.7140625 0.275 0.7234375 0.2859375 0.7296875 0.2796875 0.7140625
0 0.2609375 0.26875 0.2546875 0.275 0.2609375 0.2859375 0.2671875 0.275 0.2609375 0.26875
0 0.1921875 0.7046875 0.1875 0.7046875 0.1890625 0.7234375 0.2 0.7140625 0.1921875 0.7046875
0 0.36875 0.3625 0.36875 0.375 0.375 0.3796875 0.375 0.3640625 0.36875 0.3625
0 0.15625 0.46875 0.1546875 0.478125 0.1609375 0.48125 0.1671875 0.4703125 0.1625 0.465625 0.15625 0.46875
0 0.3328125 0.1375 0.33125 0.15 0.3390625 0.15625 0.340625 0.1421875 0.3328125 0.1375
0 0.4265625 0.5796875 0.4265625 0.5921875 0.434375 0.596875 0.4359375 0.5875 0.4265625 0.5796875
0 0.4796875 0.13125 0.478125 0.1421875 0.4875 0.14375 0.4875 0.1296875 0.484375 0.1265625 0.4796875 0.13125
0 0.4796875 0.0203125 0.4734375 0.0203125 0.4734375 0.0375 0.4796875 0.034375 0.4796875 0.0203125