0 0.5234375 0.7578125 0.51875 0.78125 0.5234375 0.78125 0.534375 0.7671875 0.5359375 0.74375 0.5234375 0.7578125
0 0.040625 0.65625 0.03125 0.6625 0.034375 0.675 0.0484375 0.671875 0.05 0.65625 0.040625 0.65625
0 0.3640625 0.7625 0.3625 0.7734375 0.375 0.7796875 0.3796875 0.76875 0.375 0.7625 0.3640625 0.7625
0 0.175 0.6546875 0.1734375 0.665625 0.184375 0.665625 0.1875 0.65078125 0.1796875 0.6484375 0.1875 0.6359375 0.175 0.6546875
0 0.846875 0.9171875 0.8296875 0.9171875 0.83125 0.9296875 0.8390625 0.9359375 0.85 0.9359375 0.8546875 0.93125 0.846875 0.9171875
0 0.2203125 0.9296875 0.21875 0.9625 0.2234375 0.9625 0.2296875 0.9296875 0.2203125 0.9296875
0 0.1 0.88125 0.1 0.8921875 0.09375 0.8984375 0.10625 0.9015625 0.09375 0.9125 0.0984375 0.915625 0.1109375 0.8984375 0.1125 0.8875 0.109375 0.88125 0.1 0.88125
0 0.115625 0.6046875 0.1109375 0.628125 0.1171875 0.63125 0.1234375 0.625 0.125 0.5984375 0.115625 0.6046875
0 0.2125 0.75625 0.2109375 0.7828125 0.2203125 0.7890625 0.2125 0.79375 0.21875 0.796875 0.2234375 0.7921875 0.2203125 0.76875 0.2171875 0.75625 0.2125 0.75625
0 0.65 0.79375 0.6390625 0.8125 0.6390625 0.821875 0.64375 0.825 0.6609375 0.8 0.659375 0.790625 0.65 0.79375
0 0.2703125 0.6046875 0.2703125 0.6421875 0.28125 0.6296875 0.28125 0.6125 0.2703125 0.6046875
0 0.54375 0.9515625 0.5421875 0.9875 0.55 0.9890625 0.5546875 0.971875 0.55 0.9515625 0.54375 0.9515625
0 0.7296875 0.8 0.71875 0.8 0.71875 0.8046875 0.7390625 0.83125 0.7421875 0.81875 0.7375 0.8140625 0.7421875 0.8078125 0.7296875 0.8