0 0.6109375 0.53125 0.6125 0.559375 0.6203125 0.565625 0.6171875 0.5359375 0.6109375 0.53125
0 0.80625 0.69375 0.8078125 0.70625 0.8265625 0.70625 0.8296875 0.7015625 0.8234375 0.6921875 0.80625 0.69375
0 0.8546875 0.5859375 0.8640625 0.5921875 0.853125 0.6015625 0.8546875 0.609375 0.8671875 0.6234375 0.8734375 0.6234375 0.878125 0.6125 0.8734375 0.6 0.8609375 0.5859375 0.8546875 0.5859375
0 0.0515625 0.534375 0.05625 0.5453125 0.05 0.55 0.0578125 0.55625 0.0515625 0.534375
0 0.4796875 0.5421875 0.48125 0.5609375 0.4875 0.565625 0.4875 0.55 0.4796875 0.5421875
0 0.2015625 0.6203125 0.2 0.63125 0.209375 0.63125 0.209375 0.6203125 0.2015625 0.6203125
0 0.075 0.5921875 0.0734375 0.628125 0.08125 0.628125 0.0859375 0.6234375 0.0875 0.59375 0.084375 0.5859375 0.075 0.5921875
0 0.6953125 0.5578125 0.6875 0.56875 0.6875 0.58125 0.69375 0.58125 0.70625 0.56875 0.70625 0.5546875 0.6953125 0.5578125
0 0.13125 0.53125 0.13125 0.5453125 0.1421875 0.5609375 0.146875 0.55 0.13125 0.53125
0 0.61875 0.625 0.6140625 0.63125 0.6171875 0.6421875 0.6359375 0.6359375 0.634375 0.6203125 0.61875 0.625
0 0.4796875 0.6390625 0.475 0.64375 0.4796875 0.6546875 0.496875 0.64375 0.49375 0.6375 0.4796875 0.6390625
0 0.0859375 0.8015625 0.084375 0.81875 0.09375 0.8203125 0.0859375 0.8328125 0.096875 0.81875 0.1 0.79375 0.0890625 0.79375 0.0859375 0.8015625
0 0.30625 0.540625 0.3046875 0.5703125 0.30625 0.5765625 0.3109375 0.5765625 0.3125 0.5375 0.30625 0.540625
0 0.784375 0.5859375 0.78125 0.5890625 0.7875 0.5890625 0.7921875 0.6 0.78125 0.603125 0.7875 0.6171875 0.7953125 0.6203125 0.7984375 0.60625 0.784375 0.5859375