0 0.8609375 0.3125 0.8609375 0.321875 0.86875 0.3234375 0.8703125 0.3140625 0.8609375 0.3125
0 0.659375 0.2125 0.65625 0.21875 0.6625 0.2234375 0.675 0.2203125 0.675 0.2125 0.659375 0.2125
0 0.0640625 0.303125 0.065625 0.3125 0.0828125 0.3125 0.09375 0.3 0.075 0.2984375 0.0640625 0.303125
0 0.8796875 0.6234375 0.875 0.625 0.875 0.63125 0.8796875 0.6359375 0.8921875 0.6359375 0.8921875 0.628125 0.8796875 0.6234375
0 0.7046875 0.6609375 0.7046875 0.6671875 0.721875 0.6671875 0.71875 0.659375 0.7046875 0.6609375
0 0.365625 0.2453125 0.3640625 0.2484375 0.371875 0.2453125 0.375 0.2546875 0.375 0.246875 0.365625 0.2453125
0 0.2859375 0.6859375 0.2828125 0.6921875 0.290625 0.696875 0.3 0.69375 0.2859375 0.6859375
0 0.2703125 0.1625 0.2640625 0.1734375 0.275 0.1796875 0.28125 0.178125 0.2796875 0.1640625 0.2703125 0.1625
0 0.7390625 0.4484375 0.7375 0.45625 0.7453125 0.4578125 0.753125 0.45 0.7609375 0.45625 0.7515625 0.4484375 0.7390625 0.4484375
0 0.34375 0.23125 0.34375 0.2421875 0.3484375 0.24375 0.353125 0.234375 0.3625 0.24375 0.3625 0.2359375 0.34375 0.23125
0 0.23125 0.625 0.2125 0.625 0.2125 0.63125 0.2296875 0.63125 0.23125 0.625
0 0.5015625 0.3796875 0.4890625 0.3796875 0.4890625 0.3859375 0.5 0.3921875 0.5046875 0.3859375 0.5015625 0.3796875
0 0.4890625 0.65 0.4875 0.6609375 0.4984375 0.6625 0.5 0.6515625 0.4890625 0.65
0 0.090625 0.128125 0.0890625 0.1375 0.0984375 0.1421875 0.115625 0.1421875 0.11875 0.1359375 0.1171875 0.1265625 0.1109375 0.1234375 0.090625 0.128125