0 0.03125 0.4234375 0.0296875 0.4484375 0.034375 0.465625 0.0296875 0.5109375 0.03125 0.5171875 0.046875 0.5203125 0.0515625 0.49375 0.0609375 0.4953125 0.0625 0.50625 0.0796875 0.50625 0.0875 0.4984375 0.06875 0.4734375 0.0703125 0.465625 0.0859375 0.4484375 0.0859375 0.39375 0.0796875 0.3984375 0.06875 0.3875 0.05 0.38125 0.03125 0.4234375
0 0.721875 0.8046875 0.71875 0.85 0.725 0.8484375 0.7296875 0.8375 0.728125 0.80625 0.721875 0.8046875
0 0.5546875 0.5953125 0.553125 0.6046875 0.5734375 0.609375 0.5734375 0.59375 0.5546875 0.5953125
0 0.03125 0.465625 0.0296875 0.5125 0.04375 0.5234375 0.05 0.5140625 0.05 0.4734375 0.03125 0.465625
0 0.6484375 0.59375 0.64375 0.6 0.6453125 0.6140625 0.653125 0.6125 0.6625 0.6 0.6609375 0.5875 0.6484375 0.59375
0 0.8703125 0.9125 0.8703125 0.921875 0.88125 0.9421875 0.8859375 0.9421875 0.8921875 0.9296875 0.8890625 0.925 0.8796875 0.9328125 0.8734375 0.9234375 0.8796875 0.915625 0.8703125 0.9125
0 0.3421875 0.9015625 0.34375 0.9171875 0.353125 0.921875 0.3546875 0.90625 0.3484375 0.9 0.3421875 0.9015625
0 0.1296875 0.53125 0.1265625 0.56875 0.1375 0.5765625 0.146875 0.5765625 0.153125 0.5375 0.1359375 0.5265625 0.1296875 0.53125
0 0.4125 0.4421875 0.4125 0.4546875 0.434375 0.45625 0.4328125 0.446875 0.4125 0.4421875
0 0.0578125 0.4703125 0.0609375 0.5046875 0.084375 0.5046875 0.084375 0.4875 0.06875 0.4703125 0.0578125 0.4703125
0 0.4375 0.275 0.43125 0.275 0.43125 0.2828125 0.446875 0.3 0.4484375 0.2875 0.4375 0.275
0 0.8015625 0.7140625 0.8 0.7296875 0.8046875 0.7296875 0.815625 0.7171875 0.81875 0.7015625 0.8125 0.7 0.8015625 0.7140625
0 0.7015625 0.984375 0.6984375 0.9984375 0.70625 0.9984375 0.7078125 0.9921875 0.7015625 0.984375
0 0.3125 0.2203125 0.30625 0.2203125 0.30625 0.2484375 0.3109375 0.25 0.3125 0.2203125
0 0.5765625 0.8703125 0.575 0.8796875 0.5796875 0.8875 0.5984375 0.878125 0.5984375 0.8671875 0.59375 0.8625 0.5765625 0.8703125
0 0.03125 0.4234375 0.03125 0.45625 0.040625 0.4671875 0.06875 0.46875 0.0859375 0.4484375 0.0875 0.40625 0.06875 0.3875 0.05 0.38125 0.03125 0.4234375
0 0.7015625 0.6765625 0.7 0.6890625 0.7078125 0.6921875 0.721875 0.66875 0.7140625 0.665625 0.7015625 0.6765625