0 0.8953125 0.796875 0.896875 0.809375 0.90625 0.8125 0.90625 0.8 0.9 0.79375 0.8953125 0.796875
0 0.925 0.6234375 0.925 0.6375 0.93125 0.6390625 0.9328125 0.625 0.925 0.6234375
0 0.0421875 0.475 0.0375 0.4796875 0.0375 0.49375 0.05 0.4875 0.0484375 0.475 0.0421875 0.475
0 0.178125 0.6359375 0.1734375 0.6375 0.1734375 0.653125 0.178125 0.659375 0.178125 0.6359375
0 0.00625 0.275 0.00625 0.2921875 0.0171875 0.2921875 0.0171875 0.28125 0.00625 0.275
0 0.9671875 0.81875 0.9625 0.8328125 0.9734375 0.8359375 0.978125 0.83125 0.9671875 0.81875
0 0.0140625 0.7453125 0.0046875 0.7546875 0.00625 0.7671875 0.0171875 0.7609375 0.01875 0.74375 0.0140625 0.7453125
0 0.1421875 0.3046875 0.1421875 0.31875 0.1546875 0.31875 0.153125 0.30625 0.1421875 0.3046875
0 0.24375 0.19375 0.2421875 0.2 0.246875 0.2015625 0.24375 0.19375
0 0.61875 0.4125 0.6109375 0.43125 0.63125 0.4671875 0.6421875 0.4734375 0.6703125 0.4671875 0.6765625 0.4296875 0.675 0.4 0.6671875 0.39375 0.6390625 0.3921875 0.61875 0.4125
0 0.275 0.1609375 0.26875 0.1671875 0.2703125 0.1796875 0.28125 0.1734375 0.2796875 0.1625 0.275 0.1609375
0 0.884375 0.6609375 0.878125 0.6625 0.88125 0.6765625 0.8921875 0.6671875 0.884375 0.6609375
0 0.1328125 0.7359375 0.1328125 0.75 0.1421875 0.7484375 0.1421875 0.7375 0.1328125 0.7359375