0 0.671875 0.08246527777777778 0.671875 0.09461805555555555 0.6826171875 0.09722222222222222 0.6875 0.09375 0.68798828125 0.08506944444444445 0.68212890625 0.078125 0.67529296875 0.07725694444444445 0.671875 0.08246527777777778
0 0.42431640625 0.21006944444444445 0.42333984375 0.21614583333333334 0.42529296875 0.21875 0.42724609375 0.2170138888888889 0.427734375 0.21180555555555555 0.42431640625 0.21006944444444445
0 0.56298828125 0.7760416666666666 0.5615234375 0.7829861111111112 0.5634765625 0.7916666666666666 0.57470703125 0.7907986111111112 0.57421875 0.7708333333333334 0.56640625 0.7699652777777778 0.56298828125 0.7760416666666666
0 0.21337890625 0.3420138888888889 0.2119140625 0.3515625 0.2138671875 0.3541666666666667 0.216796875 0.3489583333333333 0.216796875 0.3411458333333333 0.21337890625 0.3420138888888889
0 0.27197265625 0.1371527777777778 0.27392578125 0.1605902777777778 0.27587890625 0.16666666666666666 0.279296875 0.1675347222222222 0.2822265625 0.16319444444444445 0.2822265625 0.1362847222222222 0.279296875 0.1328125 0.27197265625 0.1371527777777778
0 0.6630859375 0.006076388888888889 0.662109375 0.019097222222222224 0.66357421875 0.024305555555555556 0.669921875 0.024305555555555556 0.67919921875 0.009548611111111112 0.67822265625 0 0.6689453125 0 0.6630859375 0.006076388888888889
0 0.23291015625 0.6527777777777778 0.23193359375 0.6623263888888888 0.236328125 0.6631944444444444 0.23681640625 0.6527777777777778 0.23291015625 0.6527777777777778
0 0.38818359375 0.1189236111111111 0.3876953125 0.12586805555555555 0.392578125 0.12760416666666666 0.39306640625 0.11805555555555555 0.38818359375 0.1189236111111111
0 0.4052734375 0.5876736111111112 0.4052734375 0.6041666666666666 0.40771484375 0.6076388888888888 0.412109375 0.6076388888888888 0.416015625 0.6041666666666666 0.41650390625 0.5911458333333334 0.4140625 0.5859375 0.41064453125 0.5833333333333334 0.4052734375 0.5876736111111112
0 0.28564453125 0.3098958333333333 0.28564453125 0.3159722222222222 0.29150390625 0.3263888888888889 0.29638671875 0.3263888888888889 0.296875 0.3185763888888889 0.2939453125 0.3142361111111111 0.29345703125 0.3064236111111111 0.2880859375 0.3055555555555556 0.28564453125 0.3098958333333333
0 0.35107421875 0.04774305555555555 0.3505859375 0.06163194444444445 0.3564453125 0.06597222222222222 0.361328125 0.059027777777777776 0.3642578125 0.04600694444444445 0.3623046875 0.03732638888888889 0.3583984375 0.036458333333333336 0.35107421875 0.04774305555555555
0 0.4765625 0.5659722222222222 0.4755859375 0.5772569444444444 0.47900390625 0.5850694444444444 0.4853515625 0.5859375 0.4892578125 0.5815972222222222 0.48876953125 0.5642361111111112 0.484375 0.5598958333333334 0.48046875 0.5598958333333334 0.4765625 0.5659722222222222
0 0.4755859375 0.010416666666666666 0.4755859375 0.03298611111111111 0.4833984375 0.03298611111111111 0.48583984375 0.027777777777777776 0.484375 0.011284722222222222 0.4814453125 0.006944444444444444 0.4755859375 0.010416666666666666
0 0.537109375 0.5104166666666666 0.5361328125 0.5234375 0.5380859375 0.5277777777777778 0.54638671875 0.5321180555555556 0.55029296875 0.5321180555555556 0.55224609375 0.5286458333333334 0.552734375 0.5147569444444444 0.55126953125 0.5104166666666666 0.5439453125 0.5060763888888888 0.53857421875 0.5060763888888888 0.537109375 0.5104166666666666
0 0.5048828125 0.8237847222222222 0.5048828125 0.8307291666666666 0.5087890625 0.8394097222222222 0.5146484375 0.8402777777777778 0.517578125 0.8307291666666666 0.51708984375 0.8229166666666666 0.51513671875 0.8185763888888888 0.5087890625 0.8185763888888888 0.5048828125 0.8237847222222222