0 0.0765625 0.1390625 0.075 0.1609375 0.0796875 0.1609375 0.0859375 0.146875 0.0765625 0.1390625
0 0.2203125 0.3390625 0.21875 0.3546875 0.225 0.359375 0.2296875 0.3546875 0.2296875 0.3375 0.2203125 0.3390625
0 0.0546875 0.1046875 0.0484375 0.1109375 0.05 0.1203125 0.0625 0.1109375 0.0625 0.1046875 0.0546875 0.1046875
0 0.2265625 0.68125 0.225 0.6890625 0.23125 0.696875 0.2375 0.675 0.23125 0.6734375 0.2265625 0.68125
0 0.46875 0.7140625 0.465625 0.7265625 0.4671875 0.7359375 0.471875 0.7375 0.4734375 0.71875 0.46875 0.7140625
0 0.1515625 0.9640625 0.15 0.978125 0.15625 0.978125 0.1609375 0.975 0.1609375 0.9640625 0.1515625 0.9640625
0 0.0703125 0.5421875 0.0671875 0.5546875 0.078125 0.55625 0.0796875 0.546875 0.0703125 0.5421875
0 0.2859375 0.0140625 0.28125 0.0171875 0.28125 0.028125 0.2921875 0.03125 0.2921875 0.01875 0.2859375 0.0140625
0 0.428125 0.5265625 0.4265625 0.5375 0.4359375 0.5421875 0.4375 0.5265625 0.428125 0.5265625
0 0.459375 0.9671875 0.45625 0.9796875 0.46875 0.9796875 0.46875 0.96875 0.459375 0.9671875
0 0.4078125 0.25625 0.4078125 0.26875 0.421875 0.26875 0.4234375 0.2625 0.4171875 0.2546875 0.4078125 0.25625
0 0.35625 0.034375 0.35625 0.0484375 0.3671875 0.05 0.3671875 0.040625 0.35625 0.034375