0 0.26875 0.4984375 0.2640625 0.5 0.2671875 0.509375 0.2796875 0.50625 0.2796875 0.496875 0.26875 0.4984375
0 0.5125 0.4125 0.5140625 0.41875 0.525 0.409375 0.528125 0.41875 0.534375 0.4125 0.525 0.4078125 0.5125 0.4125
0 0.0125 0.3359375 0.0125 0.34375 0.0171875 0.3359375 0.025 0.34375 0.03125 0.340625 0.025 0.3328125 0.0125 0.3359375
0 0.825 0.4625 0.8265625 0.4734375 0.8375 0.4734375 0.8359375 0.4625 0.825 0.4625
0 0.16875 0.8046875 0.1484375 0.8046875 0.15 0.8171875 0.1671875 0.815625 0.16875 0.8046875
0 0.2 0.3 0.19375 0.3125 0.1984375 0.3171875 0.209375 0.3171875 0.209375 0.30625 0.2 0.3
0 0.78125 0.45625 0.7765625 0.4609375 0.78125 0.46875 0.796875 0.4625 0.7921875 0.45625 0.78125 0.45625
0 0.9421875 0.55625 0.9375 0.565625 0.94375 0.56875 0.9609375 0.56875 0.9640625 0.5625 0.9625 0.5546875 0.9421875 0.55625
0 0.1234375 0.6375 0.1203125 0.64375 0.125 0.6484375 0.1359375 0.6484375 0.1328125 0.6390625 0.1234375 0.6375
0 0.0421875 0.9734375 0.0375 0.9796875 0.04375 0.9859375 0.0734375 0.9859375 0.075 0.9796875 0.0609375 0.96875 0.0421875 0.9734375
0 0.4171875 0.24375 0.4078125 0.24375 0.4078125 0.2484375 0.425 0.2546875 0.4171875 0.24375
0 0.9109375 0.3609375 0.9109375 0.36875 0.925 0.3671875 0.925 0.35625 0.9109375 0.3609375
0 0.503125 0.56875 0.5 0.58125 0.515625 0.5828125 0.51875 0.56875 0.503125 0.56875
0 0.446875 0.7234375 0.4375 0.725 0.4375 0.734375 0.4546875 0.7296875 0.4546875 0.725 0.446875 0.7234375
0 0.6234375 0.2234375 0.6125 0.2234375 0.6125 0.23125 0.6296875 0.23125 0.6296875 0.225 0.6234375 0.2234375
0 0.6921875 0.275 0.690625 0.28125 0.7078125 0.278125 0.703125 0.2734375 0.6921875 0.275