0 0.4484375 0.571875 0.4375 0.571875 0.4390625 0.5859375 0.4484375 0.5859375 0.4484375 0.571875
0 0.13125 0.359375 0.13125 0.371875 0.1421875 0.3765625 0.14375 0.3671875 0.1375 0.359375 0.13125 0.359375
0 0.859375 0.55 0.85625 0.5578125 0.865625 0.5625 0.86875 0.5484375 0.859375 0.55
0 0.8921875 0 0.884375 0 0.8859375 0.01875 0.8921875 0.0140625 0.8921875 0
0 0.8875 0.4171875 0.8859375 0.4359375 0.8921875 0.4375 0.89375 0.4171875 0.8875 0.4171875
0 0.7234375 0.584375 0.721875 0.60625 0.7265625 0.60625 0.7296875 0.6 0.7234375 0.5890625 0.7296875 0.5859375 0.7234375 0.584375
0 0.1609375 0.5 0.1578125 0.5046875 0.1671875 0.5078125 0.1578125 0.5171875 0.1640625 0.5234375 0.16875 0.509375 0.1609375 0.5
0 0.3 0.49375 0.3015625 0.5140625 0.30625 0.5109375 0.30625 0.49375 0.3 0.49375
0 0.85625 0.025 0.85625 0.040625 0.8671875 0.0421875 0.8671875 0.0296875 0.85625 0.025
0 0.5203125 0.15625 0.5203125 0.16875 0.53125 0.178125 0.534375 0.1671875 0.5296875 0.15625 0.5203125 0.15625
0 0.9859375 0.159375 0.9875 0.1734375 0.9953125 0.171875 0.9984375 0.1625 0.990625 0.15625 0.9859375 0.159375
0 0.5625 0.55 0.5578125 0.5546875 0.5578125 0.565625 0.56875 0.56875 0.56875 0.55 0.5625 0.55
0 0.7140625 0.2265625 0.7125 0.240625 0.725 0.24375 0.728125 0.234375 0.7140625 0.2265625