0 0.9078125 0.078125 0.90625 0.0890625 0.9171875 0.09375 0.915625 0.0796875 0.9078125 0.078125
0 0.7859375 0.1203125 0.784375 0.140625 0.790625 0.14375 0.7921875 0.1203125 0.7859375 0.1203125
0 0.7609375 0.4171875 0.759375 0.4296875 0.76875 0.43125 0.7609375 0.421875 0.76875 0.4171875 0.7609375 0.4171875
0 0.628125 0.3875 0.625 0.403125 0.63125 0.4046875 0.6359375 0.4 0.628125 0.3921875 0.6359375 0.3859375 0.628125 0.3875
0 0.50625 0.4125 0.50625 0.434375 0.5109375 0.434375 0.5140625 0.4171875 0.50625 0.4125
0 0.98125 0.340625 0.9859375 0.3453125 0.9796875 0.3546875 0.9875 0.34375 0.98125 0.340625
0 0.8734375 0.353125 0.8671875 0.353125 0.8671875 0.3734375 0.875 0.371875 0.8734375 0.353125
0 0.646875 0.646875 0.6484375 0.6625 0.6546875 0.6609375 0.6609375 0.6453125 0.65625 0.6421875 0.646875 0.646875
0 0.525 0.3609375 0.5234375 0.375 0.534375 0.3796875 0.5359375 0.3640625 0.525 0.3609375
0 0.4296875 0.778125 0.4265625 0.7875 0.43125 0.796875 0.4375 0.7984375 0.4390625 0.7875 0.434375 0.7765625 0.4296875 0.778125
0 0.5 0.5125 0.4984375 0.525 0.5109375 0.5234375 0.509375 0.5109375 0.5 0.5125
0 0.3859375 0.4578125 0.3875 0.478125 0.3921875 0.46875 0.3859375 0.4609375 0.3921875 0.4578125 0.3859375 0.4578125
0 0.975 0.065625 0.9796875 0.0734375 0.9734375 0.075 0.975 0.0796875 0.984375 0.0859375 0.984375 0.0765625 0.975 0.065625
0 0.6828125 0.1921875 0.68125 0.203125 0.6921875 0.2046875 0.696875 0.1875 0.690625 0.184375 0.6828125 0.1921875
0 0.7390625 0.125 0.7375 0.1390625 0.746875 0.14375 0.7484375 0.1296875 0.7390625 0.125
0 0.8171875 0.2171875 0.8171875 0.2296875 0.8234375 0.234375 0.825 0.2171875 0.8171875 0.2171875
0 0.5546875 0.8625 0.5515625 0.8703125 0.5609375 0.878125 0.565625 0.875 0.565625 0.8640625 0.5546875 0.8625