0 0.9140625 0.153125 0.9125 0.1609375 0.9296875 0.1609375 0.9265625 0.15 0.9140625 0.153125
0 0.734375 0.0765625 0.725 0.0796875 0.725 0.084375 0.7453125 0.084375 0.7421875 0.0765625 0.734375 0.0765625
0 0.0171875 0.0484375 0.0109375 0.0546875 0.0140625 0.0609375 0.03125 0.05625 0.028125 0.046875 0.0171875 0.0484375
0 0.93125 0.05625 0.925 0.0578125 0.925 0.06875 0.946875 0.0703125 0.93125 0.05625
0 0.325 0.2046875 0.3234375 0.21875 0.3453125 0.215625 0.34375 0.2046875 0.325 0.2046875
0 0.38125 0.2234375 0.38125 0.234375 0.3921875 0.2359375 0.39375 0.2234375 0.38125 0.2234375
0 0.53125 0.1578125 0.5265625 0.1625 0.5484375 0.1671875 0.546875 0.1578125 0.53125 0.1578125
0 0.4375 0.0140625 0.4375 0.025 0.45625 0.025 0.4609375 0.0203125 0.4546875 0.0125 0.4375 0.0140625
0 0.9125 0.215625 0.90625 0.2203125 0.915625 0.2296875 0.9296875 0.225 0.9125 0.215625
0 0.1109375 0.24375 0.1 0.24375 0.1 0.2515625 0.1046875 0.2546875 0.1109375 0.2453125 0.1171875 0.2546875 0.11875 0.25 0.1109375 0.24375
0 0.71875 0.2375 0.7171875 0.24375 0.725 0.246875 0.7421875 0.24375 0.7359375 0.2359375 0.71875 0.2375
0 0.2609375 0.15625 0.259375 0.1625 0.2859375 0.1640625 0.2859375 0.15625 0.2609375 0.15625
0 0.4265625 0.2015625 0.425 0.2125 0.43125 0.21875 0.45625 0.2171875 0.4734375 0.209375 0.4734375 0.2046875 0.45625 0.2 0.4265625 0.2015625
0 0.8375 0.24375 0.8375 0.2515625 0.8546875 0.246875 0.85 0.2375 0.8375 0.24375