0 0.809375 0.1078125 0.8078125 0.1171875 0.8234375 0.125 0.8234375 0.1109375 0.81875 0.10625 0.809375 0.1078125
0 0.3921875 0.8484375 0.3796875 0.85625 0.38125 0.8625 0.39375 0.8625 0.3921875 0.8484375
0 0.63125 0.3015625 0.63125 0.31875 0.6359375 0.31875 0.6375 0.30625 0.63125 0.3015625
0 0.2703125 0.8609375 0.26875 0.871875 0.28125 0.8734375 0.28125 0.8609375 0.2703125 0.8609375
0 0.3 0.9109375 0.3015625 0.925 0.30625 0.921875 0.30625 0.90625 0.3 0.9109375
0 0.4921875 0.4171875 0.4890625 0.4375 0.4984375 0.4375 0.5 0.41875 0.4921875 0.4171875
0 0.36875 0.65625 0.3625 0.6625 0.3640625 0.6734375 0.3734375 0.6671875 0.36875 0.65625
0 0.6671875 0.3265625 0.665625 0.3421875 0.6828125 0.3421875 0.6828125 0.321875 0.671875 0.321875 0.6671875 0.3265625
0 0.34375 0.94375 0.3328125 0.95 0.3421875 0.9609375 0.3484375 0.95625 0.3484375 0.946875 0.34375 0.94375
0 0.3 0.8015625 0.296875 0.8125 0.303125 0.8171875 0.2984375 0.821875 0.309375 0.8078125 0.309375 0.8 0.3 0.8015625
0 0.759375 0.18125 0.75625 0.2 0.7625 0.2015625 0.7671875 0.1984375 0.7671875 0.1875 0.759375 0.18125
0 0.603125 0.46875 0.6 0.4859375 0.6078125 0.4890625 0.609375 0.475 0.603125 0.46875
0 0.475 0.7140625 0.46875 0.7140625 0.4703125 0.7296875 0.4796875 0.725 0.475 0.7140625
0 0.5359375 0.59375 0.53125 0.5984375 0.540625 0.603125 0.53125 0.6125 0.5390625 0.6140625 0.5421875 0.6046875 0.5359375 0.59375
0 0.5859375 0.2140625 0.5828125 0.225 0.59375 0.23125 0.584375 0.21875 0.59375 0.2171875 0.5921875 0.2125 0.5859375 0.2140625
0 0.6171875 0.0921875 0.6140625 0.1 0.6234375 0.1015625 0.625 0.0921875 0.6171875 0.0921875
0 0.671875 0.1046875 0.665625 0.1171875 0.6765625 0.109375 0.671875 0.1046875
0 0.415625 0.56875 0.4125 0.5828125 0.421875 0.5890625 0.4234375 0.575 0.415625 0.56875
0 0.7125 0.29375 0.7109375 0.30625 0.71875 0.3109375 0.725 0.3 0.7234375 0.29375 0.7125 0.29375