0 0.6375 0.5109375 0.6234375 0.5109375 0.6234375 0.51875 0.6421875 0.51875 0.6421875 0.5125 0.6375 0.5109375
0 0.0859375 0.6234375 0.084375 0.63125 0.10625 0.63125 0.1046875 0.6234375 0.0859375 0.6234375
0 0.703125 0.7890625 0.7015625 0.7921875 0.7125 0.79375 0.721875 0.7859375 0.7109375 0.784375 0.703125 0.7890625
0 0.4515625 0.5796875 0.45 0.5859375 0.46875 0.5859375 0.4625 0.5765625 0.4515625 0.5796875
0 0.290625 0.65625 0.2875 0.6625 0.2921875 0.6671875 0.3015625 0.659375 0.303125 0.6671875 0.3109375 0.665625 0.3078125 0.659375 0.290625 0.65625
0 0.290625 0.65625 0.2875 0.6625 0.29375 0.66875 0.3046875 0.6765625 0.315625 0.6734375 0.3171875 0.6875 0.325 0.6859375 0.3234375 0.6765625 0.3140625 0.671875 0.3109375 0.6609375 0.290625 0.65625
0 0.003125 0.8109375 0 0.8234375 0.0109375 0.821875 0.0125 0.815625 0.003125 0.8109375
0 0.4109375 0.6 0.4109375 0.609375 0.415625 0.6 0.425 0.609375 0.43125 0.6046875 0.43125 0.6 0.425 0.5984375 0.4109375 0.6
0 0.809375 0.6671875 0.7984375 0.6671875 0.8 0.6796875 0.8109375 0.6734375 0.809375 0.6671875
0 0.4421875 0.76875 0.4390625 0.775 0.44375 0.7796875 0.4546875 0.7796875 0.4625 0.7734375 0.459375 0.76875 0.4421875 0.76875
0 0.1609375 0.7609375 0.1578125 0.76875 0.175 0.7671875 0.1734375 0.7609375 0.1609375 0.7609375
0 0.4 0.571875 0.3953125 0.58125 0.4046875 0.5859375 0.40625 0.5734375 0.4 0.571875
0 0.5265625 0.6140625 0.5234375 0.6234375 0.5421875 0.61875 0.540625 0.6125 0.5265625 0.6140625