0 0.5203125 0.0203125 0.51875 0.0484375 0.525 0.0546875 0.5359375 0.0546875 0.5375 0.0234375 0.5203125 0.0203125
0 0.571875 0 0.5625 0 0.565625 0.01875 0.571875 0.0125 0.571875 0
0 0.5484375 0.0203125 0.5375 0.0203125 0.5375 0.028125 0.5484375 0.0421875 0.5546875 0.0421875 0.5484375 0.0203125
0 0.5 0 0.475 0 0.475 0.01875 0.48125 0.0359375 0.5046875 0.0203125 0.5 0
0 0.509375 0.0125 0.50625 0.0203125 0.51875 0.01875 0.51875 0.0125 0.509375 0.0125
0 0.475 0.7359375 0.4734375 0.7484375 0.48125 0.75 0.484375 0.7390625 0.4796875 0.73125 0.475 0.7359375
0 0.3734375 0.7453125 0.36875 0.7546875 0.375 0.7578125 0.36875 0.7640625 0.371875 0.7671875 0.3765625 0.75625 0.371875 0.753125 0.3734375 0.7453125
0 0.55625 0.1296875 0.5625 0.146875 0.5671875 0.146875 0.5609375 0.1296875 0.55625 0.1296875
0 0.5296875 0 0.4734375 0 0.4796875 0.034375 0.5015625 0.0296875 0.49375 0.0546875 0.50625 0.08125 0.5109375 0.0796875 0.503125 0.0703125 0.5109375 0.06953125 0.515625 0.05 0.5359375 0.0546875 0.540625 0.0359375 0.5484375 0.0421875 0.5546875 0.040625 0.5484375 0.0203125 0.5296875 0.01875 0.5296875 0
0 0.5296875 0 0.475 0 0.475 0.0203125 0.48125 0.0359375 0.50625 0.0203125 0.525 0.01875 0.5296875 0
0 0.56875 0.7859375 0.5671875 0.8 0.5734375 0.7984375 0.5734375 0.7859375 0.56875 0.7859375
0 0.4984375 0.0421875 0.4984375 0.0640625 0.5078125 0.08125 0.5109375 0.03125 0.4984375 0.0421875
0 0.58125 0 0.5734375 0.0046875 0.571875 0 0.5625 0 0.5625 0.01875 0.56875 0.01875 0.571875 0.00625 0.58125 0.0046875 0.58125 0
0 0.3921875 0.9609375 0.3890625 0.96875 0.3984375 0.98125 0.4 0.9640625 0.3921875 0.9609375