0 0.859375 0.31875 0.85625 0.33125 0.8671875 0.33125 0.8671875 0.31875 0.859375 0.31875
0 0.41875 0.71875 0.4125 0.725 0.4171875 0.73125 0.43125 0.728125 0.425 0.71875 0.41875 0.71875
0 0.6484375 0.8359375 0.6453125 0.84375 0.6609375 0.8484375 0.675 0.846875 0.6796875 0.8390625 0.675 0.83125 0.6484375 0.8359375
0 0.1203125 0.375 0.11875 0.3859375 0.1296875 0.3890625 0.1296875 0.375 0.1203125 0.375
0 0.85 0.6421875 0.8484375 0.65 0.8609375 0.6546875 0.8625 0.64375 0.85 0.6421875
0 0.01875 0.7078125 0.0203125 0.71875 0.0375 0.7171875 0.0375 0.70625 0.01875 0.7078125
0 0.2125 0.5671875 0.2046875 0.56875 0.20625 0.5765625 0.2265625 0.5734375 0.225 0.56875 0.2125 0.5671875
0 0.3921875 0.3546875 0.3890625 0.3609375 0.39375 0.3671875 0.40625 0.3625 0.4046875 0.3546875 0.3921875 0.3546875
0 0.6625 0.8375 0.6453125 0.8375 0.6453125 0.84375 0.665625 0.846875 0.6625 0.8375
0 0.546875 0.5609375 0.5421875 0.565625 0.5515625 0.571875 0.5625 0.5734375 0.571875 0.5671875 0.5609375 0.5609375 0.546875 0.5609375
0 0.6078125 0.3171875 0.5890625 0.3171875 0.5890625 0.3234375 0.6109375 0.3234375 0.6078125 0.3171875