0 0.45 0.0546875 0.4484375 0.0734375 0.45625 0.075 0.4578125 0.0546875 0.45 0.0546875
0 0.0734375 0.215625 0.0703125 0.2203125 0.075 0.23125 0.084375 0.2296875 0.0859375 0.21875 0.0734375 0.215625
0 0.4046875 0.49375 0.39375 0.49375 0.3953125 0.50625 0.40625 0.5046875 0.4046875 0.49375
0 0.2296875 0.0875 0.2234375 0.0875 0.23125 0.0953125 0.2234375 0.1 0.2265625 0.109375 0.234375 0.1109375 0.2296875 0.0875
0 0.95625 0.546875 0.9515625 0.55 0.9515625 0.5609375 0.9578125 0.5671875 0.9625 0.5515625 0.95625 0.546875
0 0.1265625 0.8046875 0.125 0.821875 0.134375 0.8234375 0.1359375 0.8125 0.1265625 0.8046875
0 0.271875 0.715625 0.2703125 0.725 0.2828125 0.7234375 0.28125 0.7125 0.271875 0.715625
0 0.0765625 0.5875 0.075 0.5984375 0.0859375 0.60625 0.0859375 0.5890625 0.0765625 0.5875
0 0.0546875 0.625 0.0546875 0.634375 0.0671875 0.6390625 0.0625 0.625 0.0546875 0.625
0 0.34375 0.69375 0.3421875 0.709375 0.3484375 0.7125 0.353125 0.6984375 0.3484375 0.6921875 0.34375 0.69375
0 0.4171875 0.2375 0.4109375 0.24375 0.4109375 0.253125 0.4234375 0.2546875 0.4234375 0.2375 0.4171875 0.2375
0 0.21875 0.40625 0.2171875 0.425 0.221875 0.425 0.2234375 0.40625 0.21875 0.40625