0 0.278125 0.8609375 0.275 0.8796875 0.2859375 0.88125 0.2859375 0.8640625 0.278125 0.8609375
0 0.353125 0.8609375 0.35 0.8703125 0.359375 0.875 0.359375 0.8640625 0.353125 0.8609375
0 0.534375 0.2046875 0.53125 0.21875 0.5359375 0.2203125 0.5421875 0.2171875 0.5421875 0.2046875 0.534375 0.2046875
0 0.71875 0.2921875 0.71875 0.30625 0.725 0.309375 0.728125 0.3 0.71875 0.2921875
0 0.4171875 0.4796875 0.4171875 0.4921875 0.4234375 0.49375 0.425 0.4859375 0.4171875 0.4796875
0 0.7453125 0.5734375 0.7421875 0.58125 0.7546875 0.5875 0.753125 0.575 0.7453125 0.5734375
0 0.58125 0.46875 0.5796875 0.4796875 0.5859375 0.484375 0.5890625 0.4703125 0.58125 0.46875
0 0.525 0.1578125 0.5234375 0.16875 0.5359375 0.171875 0.5375 0.1609375 0.525 0.1578125
0 0.4890625 0.721875 0.4875 0.728125 0.4953125 0.73125 0.503125 0.71875 0.4890625 0.721875
0 0.18125 0.8359375 0.1796875 0.8453125 0.1859375 0.85 0.1921875 0.84375 0.1921875 0.8328125 0.18125 0.8359375
0 0.2703125 0.5421875 0.2671875 0.5515625 0.2734375 0.55625 0.26875 0.5625 0.275 0.5546875 0.26875 0.55 0.275 0.5453125 0.2703125 0.5421875
0 0.6359375 0.06875 0.6296875 0.075 0.6296875 0.0859375 0.6375 0.0859375 0.6421875 0.0796875 0.6359375 0.06875
0 0.0125 0.9296875 0.0125 0.9546875 0.0234375 0.9609375 0.03125 0.95 0.0296875 0.93125 0.025 0.925 0.0125 0.9296875
0 0.7734375 0.36875 0.7671875 0.36875 0.76875 0.3859375 0.7734375 0.3859375 0.7734375 0.36875
0 0.659375 0.9671875 0.65625 0.9875 0.6609375 0.9875 0.665625 0.978125 0.659375 0.9671875
0 0.68125 0.7875 0.68125 0.8 0.6875 0.8046875 0.69375 0.8015625 0.6921875 0.7875 0.68125 0.7875