0 0.790625 0.2796875 0.7875 0.2828125 0.7921875 0.3 0.796875 0.3 0.7984375 0.2828125 0.790625 0.2796875
0 0.09375 0.096875 0.0953125 0.109375 0.10625 0.1109375 0.10625 0.1 0.09375 0.096875
0 0.5765625 0.275 0.5765625 0.290625 0.584375 0.29375 0.5859375 0.28125 0.5765625 0.275
0 0.7 0.66875 0.69375 0.675 0.69375 0.6875 0.70625 0.6921875 0.70625 0.6734375 0.7 0.66875
0 0.5734375 0.6359375 0.56875 0.6375 0.56875 0.6484375 0.58125 0.64375 0.58125 0.6359375 0.5734375 0.6359375
0 0.23125 0.35625 0.2296875 0.365625 0.240625 0.375 0.240625 0.3625 0.23125 0.35625
0 0.4046875 0.35 0.4 0.35 0.4 0.3671875 0.4046875 0.3671875 0.4078125 0.359375 0.4046875 0.35
0 0.56875 0.58125 0.5671875 0.5953125 0.5765625 0.5984375 0.5765625 0.5859375 0.56875 0.58125
0 0.4390625 0.0546875 0.4375 0.0671875 0.4515625 0.06875 0.45 0.059375 0.4390625 0.0546875
0 0.7359375 0.071875 0.73125 0.0890625 0.7421875 0.09375 0.7421875 0.0734375 0.7359375 0.071875
0 0.7546875 0.3890625 0.75 0.3984375 0.753125 0.4078125 0.7609375 0.4 0.7609375 0.3921875 0.7546875 0.3890625