0 0.0609375 0.853125 0.0546875 0.8546875 0.05625 0.8671875 0.0796875 0.8609375 0.0796875 0.853125 0.0609375 0.853125
0 0.5046875 0.8546875 0.5 0.8546875 0.509375 0.8640625 0.5 0.86875 0.5109375 0.88125 0.5140625 0.875 0.5046875 0.8546875
0 0.421875 0.8625 0.41875 0.86875 0.4265625 0.8796875 0.4296875 0.8671875 0.421875 0.8625
0 0.0921875 0.9171875 0.0890625 0.9296875 0.10625 0.9375 0.1046875 0.91875 0.0921875 0.9171875
0 0.8265625 0.9375 0.825 0.9484375 0.83125 0.9359375 0.8390625 0.9484375 0.846875 0.9375 0.840625 0.93125 0.8265625 0.9375
0 0.225 0.8234375 0.21875 0.8234375 0.21875 0.84375 0.234375 0.846875 0.234375 0.8328125 0.225 0.8234375
0 0.9609375 0.9125 0.95625 0.9171875 0.9578125 0.9296875 0.9671875 0.9296875 0.978125 0.921875 0.9796875 0.9125 0.9609375 0.9125
0 0.278125 0.90625 0.275 0.91875 0.2828125 0.925 0.2828125 0.9109375 0.278125 0.90625
0 0.56875 0.9296875 0.5734375 0.934375 0.5671875 0.9421875 0.5734375 0.946875 0.575 0.9359375 0.56875 0.9296875
0 0.175 0.9078125 0.1796875 0.9390625 0.1875 0.9421875 0.1921875 0.9328125 0.1890625 0.915625 0.18125 0.90625 0.175 0.9078125
0 0.3171875 0.846875 0.3125 0.846875 0.3125 0.8578125 0.325 0.878125 0.3234375 0.85625 0.3171875 0.846875
0 0.671875 0.853125 0.6625 0.853125 0.6625 0.88125 0.6671875 0.8890625 0.6734375 0.88125 0.671875 0.853125
0 0.95 0.8296875 0.9515625 0.8484375 0.9609375 0.8609375 0.9546875 0.85 0.9625 0.846875 0.9609375 0.8359375 0.95625 0.8265625 0.95 0.8296875
0 0.4484375 0.909375 0.4484375 0.9484375 0.45625 0.9484375 0.4609375 0.9171875 0.45625 0.90625 0.4484375 0.909375
0 0.828125 0.8484375 0.8265625 0.85625 0.83125 0.8671875 0.8359375 0.8671875 0.8359375 0.85 0.828125 0.8484375
0 0.25625 0.8375 0.25625 0.8515625 0.275 0.853125 0.275 0.84375 0.25625 0.8375