0 0.7703125 0.3625 0.76875 0.3859375 0.775 0.3875 0.7796875 0.3671875 0.7703125 0.3625
0 0.9234375 0.4484375 0.921875 0.459375 0.9265625 0.465625 0.93125 0.4609375 0.9234375 0.4546875 0.93125 0.4484375 0.9234375 0.4484375
0 0.9328125 0.7546875 0.9328125 0.7734375 0.940625 0.7734375 0.9421875 0.75 0.9328125 0.7546875
0 0.65625 0.946875 0.6546875 0.9546875 0.6625 0.959375 0.65625 0.9671875 0.6625 0.96875 0.6625 0.9484375 0.65625 0.946875
0 0.8984375 0.0140625 0.89375 0.01875 0.89375 0.03125 0.90625 0.028125 0.90625 0.0140625 0.8984375 0.0140625
0 0.7296875 0.6984375 0.71875 0.6984375 0.71875 0.70625 0.734375 0.7109375 0.734375 0.7015625 0.7296875 0.6984375
0 0.8171875 0.5859375 0.8125 0.5859375 0.8125 0.59609375 0.81875 0.6015625 0.8125 0.60625 0.815625 0.609375 0.821875 0.6 0.8171875 0.5859375
0 0.8234375 0.1921875 0.81875 0.19375 0.81875 0.2125 0.828125 0.21875 0.83125 0.2046875 0.8234375 0.1921875
0 0.975 0.2640625 0.9734375 0.26875 0.98125 0.2703125 0.9734375 0.278125 0.975 0.2828125 0.984375 0.2859375 0.984375 0.2734375 0.9796875 0.2640625 0.975 0.2640625
0 0.76875 0.84375 0.7671875 0.8515625 0.775 0.8546875 0.7671875 0.8609375 0.771875 0.8640625 0.7765625 0.853125 0.76875 0.85 0.7765625 0.8390625 0.7703125 0.8390625 0.76875 0.84375
0 0.7296875 0.75625 0.725 0.76875 0.7296875 0.78125 0.7375 0.7859375 0.7421875 0.78125 0.7421875 0.7625 0.7375 0.75625 0.7296875 0.75625
0 0.81875 0.1921875 0.81875 0.23125 0.825 0.2421875 0.8296875 0.2421875 0.8359375 0.2046875 0.81875 0.1921875
0 0.7875 0.2546875 0.784375 0.26875 0.796875 0.26875 0.796875 0.25625 0.7875 0.2546875
0 0.884375 0.2296875 0.88125 0.2421875 0.89375 0.246875 0.89375 0.234375 0.884375 0.2296875