0 0.53125 0.78125 0.5296875 0.7875 0.5375 0.7859375 0.5375 0.790625 0.5296875 0.8 0.5359375 0.8015625 0.540625 0.7875 0.5375 0.78125 0.53125 0.78125
0 0.38125 0.075 0.3796875 0.084375 0.3859375 0.0875 0.3921875 0.06875 0.3859375 0.0671875 0.38125 0.075
0 0.7984375 0.83125 0.79375 0.84375 0.8046875 0.85 0.80625 0.8390625 0.7984375 0.83125
0 0.49375 0.55 0.4796875 0.5546875 0.4796875 0.56875 0.484375 0.5734375 0.49375 0.56875 0.49375 0.55
0 0.6609375 0.8640625 0.6546875 0.8640625 0.65625 0.88125 0.6625 0.88125 0.665625 0.8734375 0.6609375 0.8640625
0 0.51875 0.4890625 0.5171875 0.5015625 0.5234375 0.50625 0.5265625 0.49375 0.5234375 0.4875 0.51875 0.4890625
0 0.69375 0.9734375 0.6921875 0.9921875 0.6984375 0.9921875 0.7 0.96875 0.69375 0.9734375
0 0.678125 0.7046875 0.675 0.7171875 0.6875 0.725 0.690625 0.7140625 0.678125 0.7046875
0 0.425 0.178125 0.421875 0.190625 0.4328125 0.19375 0.43125 0.18125 0.425 0.178125
0 0.6125 0.6515625 0.6046875 0.6609375 0.609375 0.6734375 0.6171875 0.6671875 0.6171875 0.6515625 0.6125 0.6515625
0 0.5515625 0.2046875 0.55 0.21875 0.5609375 0.21875 0.5625 0.2046875 0.5515625 0.2046875