0 0.7 0.36875 0.696875 0.38125 0.70625 0.3796875 0.7171875 0.3640625 0.7109375 0.35625 0.7109375 0.3703125 0.7 0.36875
0 0.18125 0.5625 0.18125 0.56875 0.1734375 0.5734375 0.178125 0.5859375 0.1875 0.5734375 0.18125 0.5625
0 0.5765625 0.4921875 0.575 0.5046875 0.58125 0.50625 0.59375 0.484375 0.590625 0.4734375 0.5765625 0.4921875
0 0.95625 0.1703125 0.9546875 0.18125 0.9609375 0.18125 0.9625 0.16875 0.95625 0.1703125
0 0.8796875 0.29375 0.878125 0.3078125 0.8859375 0.33125 0.8921875 0.325 0.8921875 0.3140625 0.8796875 0.29375
0 0.18125 0.5734375 0.1734375 0.5734375 0.1734375 0.5828125 0.178125 0.5859375 0.18125 0.5734375
0 0.3953125 0.575 0.39375 0.5859375 0.4 0.5859375 0.396875 0.575 0.4109375 0.575 0.4109375 0.5625 0.3953125 0.575
0 0.44375 0.625 0.4421875 0.6359375 0.4609375 0.6453125 0.4625 0.6375 0.44375 0.625
0 0.7796875 0.45625 0.7734375 0.48125 0.7765625 0.4875 0.7875 0.4875 0.7875 0.4703125 0.7796875 0.4671875 0.7875 0.45625 0.7796875 0.45625
0 0.5375 0.5859375 0.53125 0.6 0.534375 0.6140625 0.540625 0.6125 0.546875 0.58125 0.5375 0.5859375
0 0.378125 0.6796875 0.375 0.6984375 0.3859375 0.70625 0.3953125 0.7046875 0.4 0.69375 0.3921875 0.6828125 0.378125 0.6796875
0 0.734375 0.44375 0.725 0.4375 0.725 0.4484375 0.73125 0.45625 0.7375 0.45625 0.734375 0.44375
0 0.2359375 0.84375 0.225 0.8640625 0.2265625 0.8734375 0.24375 0.859375 0.24375 0.85 0.2359375 0.84375
0 0.60625 0.540625 0.6046875 0.546875 0.6125 0.5625 0.621875 0.5671875 0.6234375 0.55625 0.60625 0.540625