0 0.0875 0.4375 0.0875 0.446875 0.10625 0.446875 0.1046875 0.4375 0.0875 0.4375
0 0.759375 0.2359375 0.7578125 0.2421875 0.7609375 0.24375 0.7671875 0.234375 0.771875 0.24375 0.7796875 0.234375 0.7703125 0.23125 0.759375 0.2359375
0 0.8234375 0.6765625 0.81875 0.6796875 0.821875 0.6859375 0.8359375 0.68125 0.834375 0.675 0.8234375 0.6765625
0 0.61875 0.3765625 0.6234375 0.3859375 0.63125 0.384375 0.6296875 0.375 0.61875 0.3765625
0 0.01875 0.5953125 0.0171875 0.6046875 0.028125 0.6046875 0.0265625 0.5953125 0.01875 0.5953125
0 0.6234375 0.6421875 0.6203125 0.65 0.6296875 0.6546875 0.63125 0.6421875 0.6234375 0.6421875
0 0.45625 0.215625 0.4578125 0.2234375 0.46875 0.2234375 0.4734375 0.21875 0.45625 0.215625
0 0.24375 0.6125 0.2421875 0.6234375 0.25 0.625 0.2546875 0.6171875 0.24375 0.6125
0 0.375 0.4421875 0.371875 0.4515625 0.3890625 0.4484375 0.3875 0.4421875 0.375 0.4421875
0 0.2640625 0.3109375 0.2625 0.3171875 0.26875 0.321875 0.275 0.3171875 0.275 0.3125 0.2640625 0.3109375
0 0.8890625 0.6171875 0.8921875 0.625 0.9 0.6171875 0.903125 0.625 0.90625 0.6234375 0.90625 0.6171875 0.8984375 0.6140625 0.8890625 0.6171875
0 0.40625 0.6453125 0.40625 0.65625 0.425 0.6546875 0.425 0.6484375 0.40625 0.6453125