0 0.8390625 0.3671875 0.8375 0.375 0.8421875 0.3765625 0.85 0.36875 0.8515625 0.3765625 0.85625 0.375 0.8546875 0.36875 0.8390625 0.3671875
0 0.5859375 0.4578125 0.5828125 0.46875 0.5890625 0.4734375 0.61875 0.4734375 0.6296875 0.465625 0.6234375 0.45625 0.5859375 0.4578125
0 0.6265625 0.4046875 0.625 0.4125 0.634375 0.4125 0.6375 0.4078125 0.6359375 0.403125 0.6265625 0.4046875
0 0.7453125 0.509375 0.74375 0.5171875 0.76875 0.5171875 0.76875 0.5109375 0.7453125 0.509375
0 0.003125 0.753125 0.003125 0.7609375 0.0125 0.759375 0.003125 0.753125
0 0.51875 0.2421875 0.5125 0.246875 0.521875 0.25 0.5265625 0.24375 0.51875 0.2421875
0 0.33125 0.3453125 0.3296875 0.3546875 0.3375 0.359375 0.340625 0.3453125 0.33125 0.3453125
0 0.2625 0.8421875 0.25625 0.84375 0.2609375 0.846875 0.2625 0.8421875
0 0.6421875 0.4859375 0.6390625 0.4984375 0.65 0.50625 0.6546875 0.496875 0.646875 0.484375 0.6421875 0.4859375
0 0.0140625 0.7609375 0.0125 0.76875 0.01875 0.76875 0.0203125 0.7609375 0.0140625 0.7609375
0 0.975 0.475 0.978125 0.484375 0.9984375 0.48125 0.9984375 0.475 0.975 0.475
0 0.5875 0.4625 0.5859375 0.46875 0.5921875 0.4734375 0.6 0.4734375 0.60625 0.465625 0.603125 0.4578125 0.5875 0.4625
0 0.6625 0.31875 0.6609375 0.3234375 0.6765625 0.3234375 0.6796875 0.3140625 0.671875 0.3125 0.6625 0.31875
0 0.0359375 0.7640625 0.034375 0.771875 0.040625 0.7734375 0.04375 0.7671875 0.0359375 0.7640625
0 0.4171875 0.3875 0.4171875 0.4 0.4265625 0.4 0.4296875 0.3953125 0.4171875 0.3875