0 0.6046875 0.3734375 0.6046875 0.3921875 0.609375 0.3921875 0.6109375 0.384375 0.6046875 0.3734375
0 0.43125 0.5796875 0.425 0.5859375 0.425 0.5984375 0.4359375 0.5921875 0.4359375 0.58125 0.43125 0.5796875
0 0.753125 0 0.72875 0 0.725 0.00625 0.720625 0 0.7125 0 0.7125 0.009375 0.721875 0.0078125 0.75 0.0171875 0.753125 0
0 0.6453125 0.625 0.646875 0.6375 0.65625 0.628125 0.6453125 0.625
0 0.51875 0.51875 0.5171875 0.5234375 0.525 0.525 0.5171875 0.5328125 0.5234375 0.5359375 0.5265625 0.5203125 0.51875 0.51875
0 0.0421875 0.421875 0.0421875 0.4359375 0.046875 0.4375 0.0515625 0.425 0.0421875 0.421875
0 0.3859375 0.39375 0.3796875 0.4 0.3796875 0.4109375 0.39375 0.4078125 0.3921875 0.3953125 0.3859375 0.39375
0 0.0515625 0.5 0.05625 0.5046875 0.05 0.50859375 0.05 0.5171875 0.0578125 0.51875 0.0609375 0.50625 0.0515625 0.5
0 0.1984375 0.35625 0.19375 0.35625 0.19375 0.36875 0.2046875 0.3765625 0.2046875 0.3640625 0.1984375 0.35625
0 0.0484375 0.3484375 0.05 0.371875 0.0546875 0.371875 0.0578125 0.3625 0.0484375 0.3484375
0 0.7125 0.6484375 0.71875 0.6609375 0.71875 0.66875 0.7109375 0.6625 0.7125 0.671875 0.71875 0.671875 0.71875 0.65 0.7125 0.6484375
0 0.78125 0.6375 0.7765625 0.6421875 0.7765625 0.6625 0.78125 0.6671875 0.7859375 0.6625 0.7859375 0.64375 0.78125 0.6375
0 0.5734375 0.6296875 0.56875 0.6296875 0.56875 0.6390625 0.58125 0.64375 0.5796875 0.63125 0.5734375 0.6296875
0 0.125 0.50625 0.1203125 0.5140625 0.13125 0.5234375 0.1359375 0.5171875 0.125 0.50625
0 0.2703125 0.375 0.26875 0.3953125 0.2734375 0.3953125 0.278125 0.3765625 0.2703125 0.375
0 0.096875 0.3546875 0.0859375 0.3546875 0.0875 0.3640625 0.1046875 0.36875 0.096875 0.3546875
0 0.3265625 0.5625 0.325 0.5796875 0.3328125 0.58125 0.3359375 0.5625 0.3265625 0.5625
0 0.63125 0.45 0.625 0.45 0.628125 0.4625 0.634375 0.4625 0.63125 0.45
0 0.240625 0.5421875 0.2359375 0.54375 0.2375 0.5625 0.24375 0.5625 0.240625 0.5421875
0 0.5296875 0.584375 0.5265625 0.5984375 0.5390625 0.6125 0.5421875 0.596875 0.5359375 0.5859375 0.5296875 0.584375
0 0.53125 0.403125 0.5359375 0.4171875 0.5296875 0.4203125 0.534375 0.421875 0.5375 0.403125 0.53125 0.403125