0 0.0703125 0.6984375 0.06875 0.71875 0.075 0.71875 0.075 0.6984375 0.0703125 0.6984375
0 0.25 0.8359375 0.2484375 0.84375 0.25625 0.8453125 0.2484375 0.853125 0.2515625 0.8546875 0.2609375 0.8359375 0.259375 0.83125 0.25 0.8359375
0 0.675 0.9328125 0.6640625 0.953125 0.65625 0.95 0.65625 0.971875 0.6671875 0.978125 0.6734375 0.9984375 0.69375 0.9984375 0.6859375 0.9625 0.6875 0.95 0.6796875 0.946875 0.675 0.9328125
0 0.0375 0.96875 0.0375 0.984375 0.046875 0.9859375 0.0484375 0.9703125 0.0375 0.96875
0 0.2 0.8953125 0.2046875 0.9015625 0.1984375 0.909375 0.2046875 0.9171875 0.209375 0.915625 0.2109375 0.90625 0.2 0.8953125
0 0.39375 0.64375 0.3921875 0.659375 0.4046875 0.6671875 0.40625 0.65625 0.3984375 0.64375 0.39375 0.64375
0 0.15625 0.9015625 0.1546875 0.925 0.1609375 0.9296875 0.1671875 0.925 0.16875 0.90625 0.1640625 0.89375 0.15625 0.9015625
0 0.2640625 0.3984375 0.2640625 0.415625 0.2734375 0.40625 0.26875 0.3953125 0.2640625 0.3984375
0 0.4125 0.5046875 0.4140625 0.51875 0.4234375 0.50625 0.4125 0.5046875
0 0.171875 0.628125 0.1640625 0.63125 0.1671875 0.64375 0.1734375 0.64375 0.171875 0.628125
0 0.29375 0.6421875 0.2921875 0.6546875 0.2984375 0.65625 0.3 0.6359375 0.29375 0.6421875
0 0.1234375 0.825 0.11875 0.8296875 0.11875 0.84375 0.1296875 0.8421875 0.1296875 0.8296875 0.1234375 0.825
0 0.925 0.8265625 0.9234375 0.8390625 0.9359375 0.8421875 0.93125 0.825 0.925 0.8265625
0 0.95625 0.4703125 0.9515625 0.484375 0.959375 0.4875 0.9671875 0.465625 0.95625 0.4703125
0 0.65625 0.95 0.65625 0.96875 0.6625 0.96875 0.665625 0.9578125 0.65625 0.95
0 0.4125 0.596875 0.4109375 0.6125 0.41875 0.6125 0.421875 0.6 0.4171875 0.59375 0.4125 0.596875
0 0.465625 0.2375 0.4625 0.2484375 0.4734375 0.2546875 0.4734375 0.2421875 0.465625 0.2375
0 0.5296875 0.5359375 0.5265625 0.5421875 0.534375 0.5453125 0.5265625 0.5546875 0.53125 0.5546875 0.5359375 0.54375 0.534375 0.5359375 0.5296875 0.5359375
0 0.8625 0.4375 0.85625 0.45625 0.85625 0.465625 0.8609375 0.46875 0.875 0.446875 0.8734375 0.43125 0.8625 0.4375
0 0.1578125 0.9046875 0.15625 0.9265625 0.1625 0.9265625 0.1671875 0.921875 0.1671875 0.9109375 0.1578125 0.9046875
0 0.3421875 0.1796875 0.340625 0.1875 0.3484375 0.1921875 0.353125 0.184375 0.3421875 0.1796875