0 0.1671875 0.3375 0.1609375 0.34375 0.1609375 0.3515625 0.1734375 0.353125 0.1734375 0.3375 0.1671875 0.3375
0 0.309375 0.4484375 0.30625 0.4625 0.3171875 0.4625 0.3171875 0.4484375 0.309375 0.4484375
0 0.084375 0.0203125 0.0796875 0.034375 0.090625 0.04375 0.0921875 0.03125 0.084375 0.0203125
0 0.2015625 0.359375 0.2 0.36875 0.209375 0.375 0.2125 0.353125 0.209375 0.35 0.2015625 0.359375
0 0.2375 0.275 0.2375 0.290625 0.24375 0.290625 0.246875 0.275 0.2375 0.275
0 0.1953125 0.3328125 0.19375 0.3515625 0.2 0.36875 0.2046875 0.375 0.2125 0.375 0.2171875 0.353125 0.209375 0.3328125 0.1953125 0.3328125
0 0.2234375 0.0515625 0.2125 0.0515625 0.2125 0.06875 0.2234375 0.06875 0.2234375 0.0515625
0 0.125 0.25 0.11875 0.25 0.11875 0.2625 0.1234375 0.2734375 0.1296875 0.275 0.1296875 0.2546875 0.125 0.25
0 0.375 0.4859375 0.36875 0.49375 0.36875 0.503125 0.3796875 0.4921875 0.3796875 0.484375 0.375 0.4859375
0 0.0203125 0.0125 0.0140625 0.0375 0.03125 0.05 0.040625 0.05 0.0296875 0.0140625 0.0203125 0.0125
0 0.3109375 0.1625 0.30625 0.1734375 0.309375 0.18125 0.3171875 0.1734375 0.309375 0.171875 0.3171875 0.1625 0.3109375 0.1625