0 0.7546875 0.434375 0.75 0.4390625 0.7546875 0.4546875 0.759375 0.4546875 0.7609375 0.4375 0.7546875 0.434375
0 0.2796875 0.3265625 0.2796875 0.346875 0.2859375 0.3484375 0.2859375 0.325 0.2796875 0.3265625
0 0.56875 0.4 0.5625 0.40625 0.5625 0.4171875 0.56875 0.4171875 0.571875 0.4109375 0.5734375 0.4046875 0.56875 0.4
0 0.9375 0.4796875 0.9375 0.4921875 0.946875 0.4984375 0.9484375 0.4890625 0.9375 0.4796875
0 0.4734375 0.4625 0.4703125 0.475 0.478125 0.4796875 0.4796875 0.4625 0.4734375 0.4625
0 0.8953125 0.625 0.89375 0.6359375 0.90625 0.6421875 0.909375 0.63125 0.8953125 0.625
0 0.60625 0.5859375 0.6046875 0.6015625 0.6125 0.6046875 0.6171875 0.5859375 0.60625 0.5859375
0 0.3875 0.60625 0.3921875 0.6109375 0.3859375 0.6171875 0.3875 0.6234375 0.39375 0.625 0.39375 0.6125 0.3875 0.60625
0 0.4625 0.575 0.4609375 0.59375 0.4671875 0.59375 0.46875 0.5875 0.4625 0.5796875 0.46875 0.5765625 0.4625 0.575
0 0.3453125 0.3609375 0.3515625 0.36875 0.34375 0.3734375 0.3484375 0.375 0.3546875 0.3609375 0.3453125 0.3609375
0 0.8640625 0.4734375 0.8625 0.484375 0.875 0.4890625 0.875 0.4796875 0.8640625 0.4734375
0 0.3640625 0.5359375 0.3625 0.5453125 0.371875 0.5484375 0.3734375 0.5375 0.3640625 0.5359375
0 0.45625 0.3875 0.45625 0.4046875 0.4671875 0.4125 0.4671875 0.39375 0.4625 0.3859375 0.45625 0.3875
0 0.940625 0.628125 0.9375 0.6359375 0.94375 0.6484375 0.9484375 0.6484375 0.9484375 0.63125 0.940625 0.628125
0 0.246875 0.98125 0.24375 0.9984375 0.2859375 0.9984375 0.28125 0.9875 0.2703125 0.9890625 0.259375 0.98125 0.246875 0.98125
0 0.7234375 0.6046875 0.721875 0.61875 0.728125 0.6203125 0.7296875 0.6 0.7234375 0.6046875
0 0.4203125 0.353125 0.4171875 0.3625 0.4265625 0.36875 0.4296875 0.3625 0.4203125 0.353125
0 0.79375 0.6234375 0.7921875 0.63125 0.8 0.6359375 0.8 0.625 0.79375 0.6234375
0 0.665625 0.4171875 0.6625 0.41875 0.671875 0.4265625 0.6625 0.43125 0.6671875 0.434375 0.6734375 0.425 0.671875 0.41875 0.665625 0.4171875
0 0.9515625 0.5625 0.94375 0.5625 0.946875 0.5734375 0.95625 0.5734375 0.9515625 0.5625