0 0.5328125 0.4109375 0.525 0.4109375 0.5265625 0.43125 0.534375 0.43125 0.5328125 0.4109375
0 0.5265625 0.55 0.525 0.5640625 0.5296875 0.565625 0.5375 0.55 0.5265625 0.55
0 0.8984375 0.9546875 0.89375 0.9546875 0.89375 0.975 0.9015625 0.978125 0.9046875 0.9734375 0.8984375 0.9546875
0 0.5046875 0.1734375 0.503125 0.190625 0.5109375 0.1921875 0.5109375 0.1734375 0.5046875 0.1734375
0 0.4296875 0.6359375 0.4265625 0.64375 0.4375 0.6484375 0.4421875 0.6359375 0.4296875 0.6359375
0 0.434375 0.3953125 0.43125 0.4 0.4390625 0.4109375 0.4421875 0.403125 0.434375 0.3953125
0 0.3875 0.29375 0.3875 0.30625 0.3984375 0.30625 0.3984375 0.29375 0.3875 0.29375
0 0.3 0.5109375 0.2984375 0.5234375 0.30625 0.5296875 0.3109375 0.50625 0.3046875 0.5046875 0.3 0.5109375
0 0.5859375 0.75625 0.58125 0.7609375 0.5828125 0.7734375 0.59375 0.76875 0.5921875 0.75625 0.5859375 0.75625
0 0.5375 0.7921875 0.5359375 0.8140625 0.5421875 0.81875 0.5421875 0.79375 0.5375 0.7921875
0 0.7546875 0.8078125 0.75 0.8078125 0.75 0.8234375 0.75625 0.8234375 0.7546875 0.8078125