0 0.6546875 0.3625 0.6515625 0.375 0.6625 0.3796875 0.665625 0.3734375 0.6546875 0.3625
0 0.3890625 0.6390625 0.38125 0.6484375 0.384375 0.65625 0.390625 0.65625 0.39375 0.65 0.3890625 0.640625 0.3953125 0.6359375 0.3890625 0.6390625
0 0.0515625 0.4390625 0.05 0.45625 0.05625 0.45625 0.0625 0.4421875 0.059375 0.4375 0.0515625 0.4390625
0 0.35625 0.5625 0.3546875 0.5703125 0.3625 0.5796875 0.36875 0.5734375 0.3671875 0.5671875 0.3625 0.5609375 0.35625 0.5625
0 0.6625 0.6171875 0.6609375 0.6390625 0.66875 0.6421875 0.671875 0.6171875 0.6625 0.6171875
0 0.50625 0.340625 0.5046875 0.353125 0.5109375 0.3546875 0.51875 0.34375 0.5109375 0.3359375 0.50625 0.340625
0 0.1046875 0.7140625 0.1 0.7140625 0.1 0.72265625 0.10625 0.7234375 0.1015625 0.734375 0.109375 0.728125 0.1046875 0.7140625
0 0.2109375 0.4515625 0.2109375 0.4640625 0.21875 0.46875 0.21875 0.4515625 0.2109375 0.4515625
0 0.5984375 0.1609375 0.59375 0.16875 0.603125 0.1734375 0.59375 0.18125 0.596875 0.184375 0.6046875 0.171875 0.6046875 0.1640625 0.5984375 0.1609375
0 0.16875 0.6671875 0.1640625 0.671875 0.1671875 0.690625 0.1734375 0.68125 0.1734375 0.6671875 0.16875 0.6671875
0 0.5171875 0.5984375 0.5140625 0.6046875 0.51875 0.6234375 0.5234375 0.6234375 0.5296875 0.6140625 0.5171875 0.5984375
0 0.465625 0.4421875 0.4625 0.4484375 0.4671875 0.4625 0.4734375 0.4625 0.4734375 0.4484375 0.465625 0.4421875
0 0.5953125 0.4109375 0.5859375 0.4109375 0.5859375 0.41875 0.5953125 0.41875 0.5953125 0.4109375