0 0.853125 0.9390625 0.85 0.9609375 0.859375 0.9546875 0.859375 0.9421875 0.853125 0.9390625
0 0.8953125 0.671875 0.89375 0.68125 0.9015625 0.6921875 0.90625 0.6796875 0.8953125 0.671875
0 0.39375 0.65625 0.3859375 0.65625 0.3859375 0.665625 0.39375 0.665625 0.39375 0.65625
0 0.38125 0.421875 0.3796875 0.440625 0.384375 0.4421875 0.3859375 0.425 0.38125 0.421875
0 0.4546875 0.840625 0.45 0.846875 0.4515625 0.859375 0.4625 0.85 0.4609375 0.8390625 0.4546875 0.840625
0 0.5046875 0.684375 0.503125 0.7 0.5078125 0.7015625 0.5109375 0.696875 0.5046875 0.690625 0.5109375 0.6859375 0.50625 0.68125 0.5046875 0.684375
0 0.5796875 0.8703125 0.5765625 0.8796875 0.58125 0.8890625 0.5875 0.8890625 0.5859375 0.875 0.5796875 0.8703125
0 0.3140625 0.8625 0.3125 0.88125 0.31875 0.884375 0.3234375 0.88125 0.321875 0.85625 0.3140625 0.8625
0 0.7453125 0.690625 0.74375 0.6984375 0.75 0.7046875 0.753125 0.69375 0.7453125 0.690625
0 0.325 0.6140625 0.3234375 0.6296875 0.33125 0.625 0.3234375 0.61875 0.33125 0.615625 0.3296875 0.6125 0.325 0.6140625
0 0.8375 0.709375 0.8375 0.7328125 0.84375 0.734375 0.84375 0.7078125 0.8375 0.709375
0 0.60625 0.7984375 0.6125 0.80625 0.6046875 0.8140625 0.609375 0.815625 0.6140625 0.8015625 0.6125 0.796875 0.60625 0.7984375
0 0.9921875 0.575 0.9890625 0.5859375 0.9984375 0.59375 0.9984375 0.5734375 0.9921875 0.575
0 0.7875 0.8953125 0.7875 0.9125 0.79375 0.9125 0.796875 0.9 0.7875 0.8953125
0 0.4671875 0.5765625 0.4625 0.58125 0.4703125 0.5890625 0.4625 0.59375 0.46875 0.6 0.4734375 0.5921875 0.4671875 0.5765625