0 0.2546875 0.41875 0.25 0.4234375 0.25 0.440625 0.259375 0.4421875 0.259375 0.425 0.2546875 0.41875
0 0.534375 0.4125 0.53125 0.4171875 0.540625 0.4203125 0.53125 0.4296875 0.5375 0.43125 0.5421875 0.415625 0.540625 0.4109375 0.534375 0.4125
0 0.9046875 0.3796875 0.9 0.38125 0.9 0.390625 0.9109375 0.3984375 0.9125 0.3859375 0.9046875 0.3796875
0 0.8328125 0.3953125 0.83125 0.40625 0.8421875 0.4109375 0.84375 0.4 0.8328125 0.3953125
0 0.39375 0.40625 0.3859375 0.40625 0.3859375 0.415625 0.4 0.41875 0.4 0.4109375 0.39375 0.40625
0 0.4515625 0.4984375 0.45 0.5109375 0.45625 0.5140625 0.4609375 0.5046875 0.45625 0.496875 0.4515625 0.4984375
0 0.878125 0.5359375 0.875 0.546875 0.8859375 0.55 0.8875 0.5375 0.878125 0.5359375
0 0.2359375 0.6796875 0.23125 0.6796875 0.234375 0.690625 0.2359375 0.6796875
0 0.91875 0.5203125 0.9265625 0.5265625 0.9171875 0.5359375 0.91875 0.540625 0.9296875 0.5421875 0.9296875 0.53125 0.91875 0.5203125
0 0.5921875 0.5734375 0.5890625 0.59375 0.603125 0.5984375 0.603125 0.5765625 0.5921875 0.5734375
0 0.3609375 0.6 0.35 0.6 0.3546875 0.6125 0.3625 0.6125 0.3609375 0.6
0 0.31875 0.434375 0.3171875 0.446875 0.3234375 0.45 0.3265625 0.4375 0.31875 0.434375
0 0.1375 0.9875 0.1359375 0.99375 0.1375 0.9875
0 0.91875 0.4578125 0.9171875 0.46875 0.928125 0.46875 0.9296875 0.4625 0.91875 0.4578125
0 0.7078125 0.5546875 0.70625 0.56875 0.7125 0.5765625 0.70625 0.5796875 0.7109375 0.58125 0.7171875 0.565625 0.7078125 0.5546875
0 0.45 0.6125 0.4484375 0.625 0.45625 0.6296875 0.4578125 0.6140625 0.45 0.6125
0 0.721875 0.3875 0.71875 0.40625 0.725 0.4109375 0.7296875 0.4078125 0.7296875 0.3921875 0.721875 0.3875
0 0.7765625 0.5609375 0.775 0.571875 0.7859375 0.5734375 0.784375 0.5625 0.7765625 0.5609375
0 0.6359375 0.3984375 0.63125 0.4 0.63125 0.4125 0.6359375 0.415625 0.6359375 0.3984375
0 0.4296875 0.4296875 0.4265625 0.44375 0.4375 0.4546875 0.4421875 0.4390625 0.4296875 0.4296875
0 0.38125 0.665625 0.3796875 0.6734375 0.3890625 0.6796875 0.3875 0.6671875 0.38125 0.665625