0 0.3578125 0.55859375 0.01875 0.0078125
0 0.75625 0.6421875 0.75 0.6453125 0.753125 0.6546875 0.775 0.6484375 0.7734375 0.64375 0.75625 0.6421875
0 0.434375 0.375 0.43125 0.3859375 0.440625 0.3890625 0.4421875 0.375 0.434375 0.375
0 0.0765625 0.421875 0.075 0.425 0.0859375 0.425 0.0859375 0.41875 0.0765625 0.421875
0 0.5328125 0.6890625 0.534375 0.696875 0.55 0.69375 0.546875 0.6875 0.5328125 0.6890625
0 0.1578125 0.6984375 0.1578125 0.70625 0.171875 0.70625 0.1703125 0.6984375 0.1578125 0.6984375
0 0.1734375 0.35625 0.1734375 0.3671875 0.184375 0.36875 0.1875 0.3546875 0.1734375 0.35625
0 0.025 0.5515625 0.0203125 0.5578125 0.03125 0.5609375 0.0484375 0.55 0.025 0.5515625
0 0.5671875 0.6984375 0.5546875 0.6984375 0.5546875 0.70625 0.565625 0.71875 0.5765625 0.71875 0.58125 0.7078125 0.5671875 0.6984375
0 0.534375 0.6875 0.53125 0.696875 0.55 0.69375 0.55 0.6875 0.534375 0.6875
0 0.634375 0.425 0.63125 0.43125 0.6375 0.4375 0.6484375 0.434375 0.6421875 0.425 0.634375 0.425
0 0.5640625 0.709375 0.5625 0.7171875 0.5796875 0.7171875 0.5796875 0.70625 0.5640625 0.709375
0 0.65 0.4953125 0.65 0.50625 0.6625 0.5046875 0.6609375 0.496875 0.65 0.4953125