0 0.4625 0.1 0.4578125 0.1015625 0.4578125 0.1109375 0.4671875 0.1203125 0.46875 0.109375 0.4625 0.1
0 0.66875 0 0.6671875 0.0234375 0.675 0.028125 0.68125 0.01875 0.68125 0 0.66875 0
0 0.4109375 0.0625 0.40625 0.0625 0.40625 0.0734375 0.4171875 0.075 0.4171875 0.0671875 0.4109375 0.0625
0 0.33125 0.0140625 0.3265625 0.0234375 0.33125 0.034375 0.3375 0.0359375 0.3296875 0.025 0.3375 0.0234375 0.33125 0.0140625
0 0.3875 0.2515625 0.3859375 0.2609375 0.39375 0.2640625 0.3984375 0.25625 0.39375 0.25 0.3875 0.2515625
0 0.3484375 0.3234375 0.34375 0.3234375 0.34375 0.33125 0.3546875 0.3375 0.35625 0.3296875 0.3484375 0.3234375
0 0.72734375 0.68125 0.0046875 0.0125
0 0.7125 0.725 0.7109375 0.734375 0.71875 0.7375 0.721875 0.7296875 0.7125 0.725
0 0.4578125 0.0796875 0.45625 0.1109375 0.4671875 0.1203125 0.4734375 0.10625 0.4671875 0.08125 0.4578125 0.0796875
0 0.7140625 0.70625 0.7109375 0.7125 0.7171875 0.7171875 0.721875 0.7109375 0.7140625 0.70625
0 0.49375 0.065625 0.4890625 0.0671875 0.49375 0.0796875 0.503125 0.075 0.5 0.0671875 0.49375 0.065625
0 0.659375 0.2484375 0.65625 0.2546875 0.665625 0.2640625 0.6671875 0.25 0.659375 0.2484375
0 0.7234375 0.6984375 0.71875 0.6984375 0.721875 0.7109375 0.7234375 0.6984375