0 0.6515625 0.2265625 0.6515625 0.2359375 0.659375 0.24375 0.66875 0.24375 0.6671875 0.23125 0.6515625 0.2265625
0 0.5171875 0.375 0.5171875 0.38125 0.53125 0.3796875 0.53125 0.375 0.5171875 0.375
0 0.00625 0.59375 0.00625 0.6046875 0.021875 0.6046875 0.0296875 0.5984375 0.025 0.59375 0.00625 0.59375
0 0.296875 0.16875 0.29375 0.1734375 0.3 0.178125 0.3171875 0.175 0.3171875 0.16875 0.296875 0.16875
0 0.0125 0.3921875 0.0109375 0.3984375 0.01875 0.3984375 0.01875 0.3890625 0.0125 0.3921875
0 0.26875 0.690625 0.2640625 0.69375 0.2703125 0.6984375 0.2859375 0.696875 0.2859375 0.690625 0.26875 0.690625
0 0.14375 0.69375 0.1421875 0.7015625 0.15 0.70625 0.15625 0.696875 0.1609375 0.70625 0.1640625 0.6984375 0.14375 0.69375
0 0.41875 0.2828125 0.4171875 0.2921875 0.4296875 0.290625 0.425 0.28125 0.41875 0.2828125
0 0.55625 0.05 0.5359375 0.05 0.5375 0.0609375 0.55 0.065625 0.55625 0.05
0 0.23125 0.33125 0.2296875 0.34375 0.2421875 0.3421875 0.246875 0.3328125 0.23125 0.33125
0 0.5828125 0.578125 0.58125 0.5875 0.59375 0.5859375 0.5921875 0.575 0.5828125 0.578125
0 0.5578125 0.7109375 0.5546875 0.7234375 0.5703125 0.725 0.5734375 0.7109375 0.5578125 0.7109375
0 0.3125 0.50625 0.3125 0.51875 0.3265625 0.5171875 0.325 0.5046875 0.3125 0.50625
0 0.628125 0.59375 0.6234375 0.5984375 0.625 0.6046875 0.6421875 0.596875 0.640625 0.5921875 0.628125 0.59375