0 0.4833984375 0.421875 0.48193359375 0.4244791666666667 0.482421875 0.4383680555555556 0.49658203125 0.4383680555555556 0.49755859375 0.4227430555555556 0.4951171875 0.4184027777777778 0.4833984375 0.421875
0 0.55810546875 0.6458333333333334 0.5576171875 0.6614583333333334 0.56005859375 0.6666666666666666 0.56640625 0.6657986111111112 0.5693359375 0.6588541666666666 0.568359375 0.6458333333333334 0.56396484375 0.6432291666666666 0.55810546875 0.6458333333333334
0 0.1689453125 0.24739583333333334 0.16943359375 0.2621527777777778 0.1748046875 0.2743055555555556 0.17919921875 0.2760416666666667 0.18017578125 0.265625 0.17822265625 0.2604166666666667 0.17724609375 0.2482638888888889 0.1748046875 0.2456597222222222 0.1689453125 0.24739583333333334
0 0.37646484375 0.5746527777777778 0.3740234375 0.5824652777777778 0.3740234375 0.5902777777777778 0.37548828125 0.59375 0.37939453125 0.5963541666666666 0.384765625 0.59375 0.38671875 0.5876736111111112 0.38671875 0.5807291666666666 0.384765625 0.5755208333333334 0.380859375 0.5729166666666666 0.37646484375 0.5746527777777778
0 0.21142578125 0.3958333333333333 0.2109375 0.4027777777777778 0.21240234375 0.4071180555555556 0.21923828125 0.4114583333333333 0.22265625 0.4097222222222222 0.22314453125 0.4027777777777778 0.216796875 0.390625 0.21337890625 0.3914930555555556 0.21142578125 0.3958333333333333
0 0.6201171875 0.9322916666666666 0.61865234375 0.9375 0.61962890625 0.9470486111111112 0.62255859375 0.9496527777777778 0.62744140625 0.9479166666666666 0.6279296875 0.9348958333333334 0.625 0.9305555555555556 0.6201171875 0.9322916666666666
0 0.2255859375 0.1189236111111111 0.22509765625 0.1345486111111111 0.2314453125 0.1388888888888889 0.234375 0.12586805555555555 0.234375 0.11024305555555555 0.228515625 0.109375 0.2255859375 0.1189236111111111
0 0.3203125 0.22395833333333334 0.31982421875 0.2300347222222222 0.32421875 0.22916666666666666 0.32421875 0.2222222222222222 0.3203125 0.22395833333333334
0 0.33251953125 0.011284722222222222 0.33251953125 0.03211805555555555 0.33447265625 0.03732638888888889 0.33837890625 0.03732638888888889 0.34130859375 0.028645833333333332 0.34130859375 0.022569444444444444 0.33740234375 0.011284722222222222 0.33251953125 0.011284722222222222
0 0.4365234375 0.5104166666666666 0.43603515625 0.5225694444444444 0.43896484375 0.5286458333333334 0.44189453125 0.53125 0.4462890625 0.5286458333333334 0.44921875 0.5234375 0.4501953125 0.5147569444444444 0.447265625 0.5060763888888888 0.43896484375 0.5060763888888888 0.4365234375 0.5104166666666666
0 0.2255859375 0.75 0.2236328125 0.7508680555555556 0.2236328125 0.7569444444444444 0.2255859375 0.7604166666666666 0.22802734375 0.7604166666666666 0.228515625 0.7534722222222222 0.2255859375 0.75
0 0.51513671875 0.7291666666666666 0.513671875 0.7352430555555556 0.51513671875 0.7439236111111112 0.51806640625 0.7473958333333334 0.521484375 0.7465277777777778 0.52587890625 0.7335069444444444 0.5185546875 0.7248263888888888 0.51513671875 0.7291666666666666