0 0.49375 0.9484375 0.4953125 0.9671875 0.5046875 0.96875 0.503125 0.95 0.49375 0.9484375
0 0.95625 0.0265625 0.9546875 0.040625 0.96875 0.046875 0.971875 0.034375 0.9609375 0.025 0.95625 0.0265625
0 0.5390625 0.528125 0.5375 0.5359375 0.5484375 0.525 0.5390625 0.528125
0 0.60625 0.7 0.6046875 0.721875 0.6109375 0.7234375 0.6140625 0.7015625 0.60625 0.7
0 0.309375 0.75 0.30625 0.7625 0.3125 0.7640625 0.3140625 0.75625 0.309375 0.75
0 0.690625 0.21875 0.6875 0.23125 0.69375 0.234375 0.690625 0.21875
0 0.6796875 0.51875 0.675 0.51875 0.675 0.5328125 0.6875 0.5359375 0.6875 0.5234375 0.6796875 0.51875
0 0.3640625 0.415625 0.3625 0.425 0.375 0.43125 0.375 0.421875 0.3640625 0.415625
0 0.9484375 0.13125 0.94375 0.146875 0.9515625 0.15 0.95625 0.1296875 0.9484375 0.13125
0 0.5203125 0.49375 0.51875 0.5046875 0.5296875 0.5109375 0.53125 0.496875 0.5203125 0.49375
0 0.659375 0.20625 0.6515625 0.2234375 0.6625 0.2234375 0.6671875 0.2171875 0.6578125 0.2125 0.6671875 0.20625 0.659375 0.20625
0 0.3296875 0.93125 0.3265625 0.940625 0.334375 0.94375 0.3375 0.9296875 0.3296875 0.93125
0 0.7375 0.1953125 0.7296875 0.2 0.73125 0.2125 0.7421875 0.2109375 0.7421875 0.1984375 0.7375 0.1953125
0 0.825 0.36875 0.8234375 0.3796875 0.8359375 0.3859375 0.8359375 0.36875 0.825 0.36875