0 0.709375 0.2796875 0.7078125 0.2921875 0.7125 0.2921875 0.71875 0.2875 0.71875 0.278125 0.709375 0.2796875
0 0.5890625 0.275 0.5875 0.2921875 0.59375 0.2921875 0.59375 0.278125 0.5890625 0.275
0 0.4890625 0.375 0.484375 0.375 0.484375 0.3828125 0.4875 0.39375 0.4921875 0.39375 0.4859375 0.384375 0.49375 0.38125 0.4890625 0.375
0 0.4625 0.58125 0.4671875 0.59375 0.4625 0.6 0.46875 0.5921875 0.46875 0.58125 0.4625 0.58125
0 0.6140625 0.171875 0.61875 0.1828125 0.6125 0.1875 0.6171875 0.1890625 0.61875 0.175 0.6140625 0.171875
0 0.4875 0.146875 0.48125 0.146875 0.48125 0.1609375 0.4921875 0.1625 0.49375 0.15 0.4875 0.146875
0 0.5609375 0.46875 0.5578125 0.478125 0.5671875 0.4859375 0.56875 0.4734375 0.5609375 0.46875
0 0.4984375 0.6296875 0.496875 0.640625 0.5046875 0.6453125 0.50625 0.6359375 0.4984375 0.6296875
0 0.54375 0.8703125 0.5421875 0.8796875 0.5484375 0.8859375 0.55 0.8703125 0.54375 0.8703125
0 0.6203125 0.4078125 0.6140625 0.4171875 0.6171875 0.425 0.6296875 0.4171875 0.625 0.4078125 0.6203125 0.4078125
0 0.4359375 0.921875 0.434375 0.9359375 0.440625 0.9375 0.4421875 0.925 0.4359375 0.921875