0 0.5046875 0.3875 0.50625 0.4 0.5125 0.3859375 0.5046875 0.3875
0 0.721875 0.7703125 0.71875 0.784375 0.725 0.7859375 0.7296875 0.7703125 0.721875 0.7703125
0 0.6234375 0.7921875 0.6203125 0.8015625 0.628125 0.8078125 0.6296875 0.7984375 0.6234375 0.7921875
0 0.43125 0.10625 0.4296875 0.115625 0.4359375 0.125 0.4375 0.1109375 0.43125 0.10625
0 0.421875 0.5625 0.415625 0.56875 0.4171875 0.5796875 0.425 0.5734375 0.421875 0.5625
0 0.6921875 0.575 0.6875 0.575 0.690625 0.5921875 0.696875 0.5890625 0.6921875 0.575
0 0.0125 0.4953125 0.0109375 0.5359375 0.0234375 0.5359375 0.0484375 0.55 0.0671875 0.540625 0.08125 0.5109375 0.0796875 0.5 0.0671875 0.4890625 0.040625 0.478125 0.0125 0.4953125
0 0.4515625 0.0109375 0.4515625 0.0234375 0.4578125 0.025 0.4609375 0.0125 0.45625 0.0078125 0.4515625 0.0109375
0 0.5359375 0.7625 0.534375 0.7671875 0.5421875 0.7703125 0.54375 0.7609375 0.5359375 0.7625
0 0.56875 0.1875 0.5671875 0.19375 0.5734375 0.2 0.5671875 0.203125 0.571875 0.2046875 0.575 0.1875 0.56875 0.1875
0 0.61875 0.34375 0.6171875 0.3515625 0.625 0.3609375 0.63125 0.3546875 0.6296875 0.3484375 0.61875 0.34375