0 0.19375 0.2546875 0.1921875 0.2671875 0.1984375 0.2796875 0.2015625 0.2609375 0.19375 0.2546875
0 0.38125 0.4625 0.3796875 0.5 0.384375 0.4984375 0.3859375 0.4890625 0.3859375 0.46875 0.38125 0.4625
0 0.33125 0.4640625 0.3265625 0.48125 0.3359375 0.4734375 0.3359375 0.465625 0.33125 0.4640625
0 0.63125 0.9171875 0.63125 0.9421875 0.64375 0.9265625 0.64375 0.90625 0.6375 0.90625 0.63125 0.9171875
0 0.19375 0.1625 0.2046875 0.1765625 0.1921875 0.1734375 0.19375 0.178125 0.2125 0.1921875 0.2046875 0.171875 0.19375 0.1625
0 0.3234375 0.3265625 0.31875 0.33125 0.3234375 0.3359375 0.31875 0.3484375 0.3265625 0.3640625 0.3296875 0.353125 0.3234375 0.3265625
0 0.34375 0.3859375 0.340625 0.3890625 0.3484375 0.396875 0.340625 0.3984375 0.34375 0.4109375 0.3546875 0.4171875 0.34375 0.3859375
0 0.3796875 0.840625 0.375 0.8625 0.3953125 0.8515625 0.39375 0.8359375 0.3796875 0.840625
0 0.6765625 0.8546875 0.675 0.8609375 0.68125 0.8640625 0.68125 0.85625 0.6765625 0.8546875
0 0.25625 0.3421875 0.2546875 0.3796875 0.2609375 0.3796875 0.2625 0.34375 0.25625 0.3421875
0 0.4546875 0.6046875 0.4515625 0.625 0.4578125 0.621875 0.4546875 0.6046875
0 0.5375 0.84375 0.53125 0.84375 0.5375 0.8609375 0.5421875 0.85625 0.5375 0.84375
0 0.4421875 0.690625 0.4390625 0.6984375 0.4421875 0.7078125 0.4484375 0.7109375 0.4609375 0.69375 0.4625 0.6765625 0.4515625 0.675 0.4421875 0.690625
0 0.5140625 0.6984375 0.5125 0.7296875 0.51875 0.73125 0.51875 0.6984375 0.5140625 0.6984375
0 0.3671875 0.1421875 0.3609375 0.1421875 0.3625 0.16875 0.36875 0.1671875 0.3671875 0.1421875