0 0.4515625 0.603125 0.45 0.6171875 0.45625 0.625 0.4578125 0.60625 0.4515625 0.603125
0 0.19375 0.2546875 0.19375 0.275 0.2015625 0.278125 0.2015625 0.2546875 0.19375 0.2546875
0 0.1953125 0.1625 0.1921875 0.1734375 0.1984375 0.18125 0.20625 0.18125 0.20625 0.1890625 0.2125 0.1921875 0.2125 0.184375 0.1953125 0.1625
0 0.63125 0.9171875 0.6296875 0.925 0.6375 0.9328125 0.6359375 0.9375 0.6296875 0.9375 0.634375 0.940625 0.64375 0.925 0.64375 0.90625 0.6375 0.90625 0.63125 0.9171875
0 0.5359375 0.84375 0.53125 0.84375 0.53125 0.85 0.5375 0.8609375 0.5421875 0.853125 0.534375 0.8515625 0.5359375 0.84375
0 0.321875 0.3265625 0.31875 0.3546875 0.321875 0.3625 0.328125 0.3625 0.321875 0.35625 0.3296875 0.35 0.321875 0.3265625
0 0.3796875 0.4625 0.3765625 0.4875 0.38125 0.503125 0.3859375 0.4984375 0.3859375 0.4671875 0.3796875 0.4625
0 0.33125 0.465625 0.3265625 0.4734375 0.3328125 0.478125 0.3265625 0.48125 0.3296875 0.484375 0.3359375 0.475 0.3296875 0.471875 0.3359375 0.4671875 0.33125 0.465625
0 0.3421875 0.3859375 0.35 0.3984375 0.340625 0.4 0.34375 0.4171875 0.353125 0.41875 0.353125 0.4 0.3421875 0.3859375
0 0.3765625 0.8484375 0.375 0.8625 0.384375 0.8609375 0.3953125 0.85 0.39375 0.8359375 0.38125 0.8375 0.3765625 0.8484375
0 0.25625 0.340625 0.2546875 0.378125 0.2609375 0.3796875 0.2640625 0.35625 0.2625 0.34375 0.25625 0.340625
0 0.4421875 0.690625 0.4390625 0.7 0.4484375 0.7109375 0.4625 0.69375 0.4625 0.675 0.4515625 0.675 0.4421875 0.690625
0 0.5171875 0.696875 0.5109375 0.696875 0.5125 0.7296875 0.51875 0.7296875 0.5171875 0.696875
0 0.3671875 0.1421875 0.3609375 0.1421875 0.3640625 0.171875 0.36875 0.1671875 0.3671875 0.1421875
0 0.3546875 0.9140625 0.3609375 0.95 0.35 0.9578125 0.35 0.9640625 0.359375 0.9890625 0.375 0.978125 0.3765625 0.96875 0.3734375 0.95625 0.3609375 0.9515625 0.371875 0.9421875 0.36875 0.9328125 0.3609375 0.9359375 0.35625 0.93125 0.3671875 0.91875 0.3609375 0.9125 0.3546875 0.9140625