0 0.80625 0.0375 0.8046875 0.0484375 0.8125 0.0546875 0.81875 0.04375 0.80625 0.0375
0 0.7453125 0.2796875 0.7421875 0.3046875 0.75 0.2984375 0.7453125 0.2796875
0 0.0890625 0.4265625 0.0921875 0.4421875 0.1 0.4421875 0.1 0.4265625 0.0890625 0.4265625
0 0.2734375 0.0109375 0.2703125 0.01875 0.275 0.03125 0.2796875 0.03125 0.28125 0.0140625 0.2734375 0.0109375
0 0.3703125 0.5328125 0.36875 0.5421875 0.3796875 0.5421875 0.3796875 0.53125 0.3703125 0.5328125
0 0.4796875 0.4796875 0.4734375 0.4796875 0.475 0.4984375 0.48125 0.4953125 0.4796875 0.4796875
0 0.7296875 0.4 0.725 0.40625 0.728125 0.415625 0.7375 0.4171875 0.7265625 0.40625 0.7375 0.403125 0.7296875 0.4
0 0.1296875 0.5421875 0.125 0.5421875 0.125 0.5578125 0.1296875 0.5609375 0.1296875 0.5421875
0 0.25 0.5 0.24375 0.5 0.246875 0.51875 0.25 0.5
0 0.615625 0.46875 0.6140625 0.4875 0.61875 0.48125 0.615625 0.46875
0 0.4125 0.15 0.41875 0.159375 0.4109375 0.1625 0.41875 0.171875 0.421875 0.1609375 0.4125 0.15
0 0.5796875 0.1671875 0.5796875 0.178125 0.5921875 0.1796875 0.5921875 0.16875 0.5796875 0.1671875