0 0.26513671875 0.71875 0.26513671875 0.7465277777777778 0.27294921875 0.7473958333333334 0.2783203125 0.7439236111111112 0.27880859375 0.71875 0.27734375 0.7161458333333334 0.26708984375 0.7161458333333334 0.26513671875 0.71875
0 0.2685546875 0.4453125 0.2685546875 0.4644097222222222 0.271484375 0.4670138888888889 0.27587890625 0.4661458333333333 0.27587890625 0.4409722222222222 0.271484375 0.4401041666666667 0.2685546875 0.4453125
0 0.36572265625 0.10416666666666667 0.36572265625 0.12586805555555555 0.3701171875 0.12586805555555555 0.373046875 0.12239583333333333 0.3779296875 0.1232638888888889 0.38134765625 0.11284722222222222 0.37646484375 0.0998263888888889 0.37060546875 0.0998263888888889 0.36572265625 0.10416666666666667
0 0.0810546875 0.7934027777777778 0.07763671875 0.8012152777777778 0.07763671875 0.8125 0.08056640625 0.8151041666666666 0.08935546875 0.8142361111111112 0.091796875 0.8012152777777778 0.09130859375 0.7951388888888888 0.0888671875 0.7916666666666666 0.0810546875 0.7934027777777778
0 0.08251953125 0.2534722222222222 0.08251953125 0.2604166666666667 0.08642578125 0.2604166666666667 0.08837890625 0.2560763888888889 0.08837890625 0.2517361111111111 0.08251953125 0.2534722222222222
0 0.1240234375 0.8810763888888888 0.1240234375 0.8975694444444444 0.130859375 0.9001736111111112 0.13720703125 0.8949652777777778 0.1376953125 0.8784722222222222 0.1337890625 0.8732638888888888 0.126953125 0.8767361111111112 0.1240234375 0.8810763888888888
0 0.20947265625 0.6362847222222222 0.20947265625 0.6501736111111112 0.2119140625 0.65625 0.2197265625 0.6571180555555556 0.22265625 0.6536458333333334 0.224609375 0.6397569444444444 0.22216796875 0.6310763888888888 0.216796875 0.6284722222222222 0.21240234375 0.6310763888888888 0.20947265625 0.6362847222222222
0 0.52099609375 0.3949652777777778 0.51904296875 0.4027777777777778 0.521484375 0.4071180555555556 0.52587890625 0.4114583333333333 0.53125 0.4079861111111111 0.5322265625 0.4001736111111111 0.53076171875 0.3949652777777778 0.52099609375 0.3949652777777778
0 0.28564453125 0.1970486111111111 0.28515625 0.21788194444444445 0.29052734375 0.21961805555555555 0.29296875 0.2152777777777778 0.294921875 0.1987847222222222 0.291015625 0.1935763888888889 0.2880859375 0.1935763888888889 0.28564453125 0.1970486111111111
0 0.17138671875 0.5217013888888888 0.17138671875 0.5321180555555556 0.1748046875 0.5373263888888888 0.18212890625 0.5373263888888888 0.185546875 0.5321180555555556 0.18603515625 0.5182291666666666 0.1845703125 0.515625 0.17431640625 0.515625 0.17138671875 0.5217013888888888
0 0.6064453125 0.7291666666666666 0.60693359375 0.7413194444444444 0.61962890625 0.75 0.62353515625 0.7473958333333334 0.62353515625 0.734375 0.6123046875 0.7265625 0.6064453125 0.7291666666666666
0 0.56982421875 0.7743055555555556 0.5703125 0.7994791666666666 0.57421875 0.8081597222222222 0.57763671875 0.8090277777777778 0.58056640625 0.8020833333333334 0.578125 0.7751736111111112 0.56982421875 0.7743055555555556
0 0.45263671875 0.19270833333333334 0.451171875 0.20225694444444445 0.4521484375 0.2074652777777778 0.4609375 0.21180555555555555 0.46875 0.21006944444444445 0.46923828125 0.20225694444444445 0.46728515625 0.1987847222222222 0.45263671875 0.19270833333333334