0 0.95 0.50625 0.9484375 0.5203125 0.9546875 0.5203125 0.9609375 0.5140625 0.9609375 0.50625 0.95 0.50625
0 0.1109375 0.31875 0.10625 0.3265625 0.10625 0.3359375 0.1109375 0.3375 0.1171875 0.3296875 0.109375 0.3234375 0.1171875 0.31875 0.1109375 0.31875
0 0.3234375 0.5359375 0.3234375 0.5984375 0.3375 0.6046875 0.3625 0.6046875 0.3859375 0.5734375 0.3859375 0.5625 0.371875 0.5375 0.3578125 0.5234375 0.3375 0.5234375 0.3234375 0.5359375
0 0.0234375 0.1625 0.0203125 0.1671875 0.03125 0.178125 0.034375 0.1671875 0.0296875 0.1609375 0.0234375 0.1625
0 0.984375 0.7015625 0.9796875 0.70625 0.98125 0.71875 0.990625 0.7234375 0.9921875 0.7109375 0.984375 0.7015625
0 0.246875 0.8359375 0.24375 0.8375 0.25 0.84375 0.246875 0.8359375
0 0.065625 0.3578125 0.0625 0.375 0.0703125 0.371875 0.065625 0.3609375 0.0703125 0.359375 0.065625 0.3578125
0 0.0921875 0.1875 0.0890625 0.19375 0.1 0.2015625 0.1015625 0.19375 0.0921875 0.1875
0 0.9859375 0.234375 0.9796875 0.2359375 0.9796875 0.25 0.9890625 0.246875 0.9859375 0.234375
0 0.09375 0.6046875 0.0859375 0.6046875 0.0875 0.6109375 0.0921875 0.6109375 0.09375 0.6046875
0 0.71875 0.821875 0.71875 0.8359375 0.7234375 0.8359375 0.7296875 0.8265625 0.728125 0.81875 0.71875 0.821875
0 0.85 0.6765625 0.84375 0.6828125 0.846875 0.69375 0.85625 0.6859375 0.8546875 0.6765625 0.85 0.6765625
0 0.81875 0.340625 0.815625 0.3546875 0.8234375 0.359375 0.8234375 0.34375 0.81875 0.340625
0 0.85625 0.2484375 0.8546875 0.2609375 0.8625 0.2625 0.8640625 0.25 0.85625 0.2484375