0 0.7921875 0.08125 0.7875 0.08125 0.7875 0.0921875 0.796875 0.1 0.8 0.0890625 0.7921875 0.08125
0 0.528125 0.7421875 0.5234375 0.7421875 0.5234375 0.7546875 0.53125 0.7609375 0.534375 0.75 0.528125 0.7421875
0 0.7 0.340625 0.69375 0.3453125 0.696875 0.359375 0.7046875 0.353125 0.7046875 0.34375 0.7 0.340625
0 0.95625 0.0125 0.9484375 0.0125 0.9484375 0.025 0.9546875 0.03125 0.9609375 0.028125 0.9609375 0.0171875 0.95625 0.0125
0 0.9234375 0.2796875 0.921875 0.2984375 0.928125 0.3 0.9296875 0.28125 0.9234375 0.2796875
0 0.4671875 0.44375 0.4625 0.4578125 0.46875 0.465625 0.4734375 0.4609375 0.465625 0.4546875 0.4734375 0.4484375 0.4671875 0.44375
0 0.5796875 0.48125 0.575 0.4859375 0.5765625 0.496875 0.5875 0.4875 0.5859375 0.48125 0.5796875 0.48125
0 0.8328125 0.06875 0.83125 0.09375 0.8359375 0.1 0.84375 0.0890625 0.84375 0.075 0.8421875 0.06875 0.8328125 0.06875
0 0.5765625 0.3859375 0.575 0.4015625 0.584375 0.40625 0.5859375 0.3859375 0.5765625 0.3859375
0 0.59375 0.33125 0.5921875 0.3421875 0.6 0.3546875 0.60625 0.3375 0.59375 0.33125
0 0.73125 0.5828125 0.725 0.5875 0.728125 0.603125 0.7375 0.596875 0.7375 0.5859375 0.73125 0.5828125
0 0.3375 0.025 0.3328125 0.0296875 0.3328125 0.0421875 0.3421875 0.046875 0.34375 0.03125 0.3375 0.025
0 0.7390625 0.15 0.7375 0.1546875 0.746875 0.1609375 0.7375 0.165625 0.7421875 0.1671875 0.75 0.15625 0.7421875 0.1484375 0.75 0.14375 0.7421875 0.1421875 0.7390625 0.15
0 0.8703125 0.1546875 0.8671875 0.1703125 0.8765625 0.1734375 0.8796875 0.15625 0.8703125 0.1546875
0 0.6453125 0.80625 0.6453125 0.81875 0.65625 0.81875 0.65625 0.80625 0.6453125 0.80625
0 0.8234375 0.3546875 0.825 0.371875 0.8328125 0.3625 0.83125 0.3546875 0.8234375 0.3546875