0 0.3953125 0.71875 0.3859375 0.7296875 0.3953125 0.7328125 0.3859375 0.7421875 0.4 0.7296875 0.403125 0.7140625 0.3953125 0.71875
0 0.1953125 0.6984375 0.19375 0.7046875 0.2 0.70625 0.2 0.696875 0.1953125 0.6984375
0 0.3671875 0.6421875 0.3625 0.6421875 0.3625 0.6484375 0.36875 0.65625 0.375 0.65625 0.375 0.6484375 0.3671875 0.6421875
0 0.69375 0.5 0.6859375 0.5125 0.690625 0.5234375 0.7046875 0.50625 0.7046875 0.496875 0.69375 0.5
0 0.6984375 0.3796875 0.7 0.396875 0.7203125 0.4046875 0.7234375 0.384375 0.7078125 0.3765625 0.6984375 0.3796875
0 0.05625 0.9125 0.05 0.9125 0.05 0.9234375 0.0671875 0.93125 0.0671875 0.91875 0.05625 0.9125
0 0.2109375 0.7765625 0.20625 0.7859375 0.21875 0.815625 0.215625 0.8078125 0.2203125 0.796875 0.2109375 0.79375 0.21875 0.7859375 0.215625 0.7765625 0.2109375 0.7765625
0 0.475 0.525 0.4734375 0.534375 0.48125 0.546875 0.4921875 0.55 0.4859375 0.53125 0.475 0.525
0 0.64375 0.4390625 0.6359375 0.4390625 0.6359375 0.4484375 0.646875 0.4578125 0.6546875 0.45625 0.6546875 0.4484375 0.64375 0.4390625
0 0.921875 0.4890625 0.91875 0.5 0.9265625 0.4984375 0.921875 0.4890625
0 0.50625 0.6 0.50625 0.6171875 0.5109375 0.6171875 0.51875 0.6046875 0.5203125 0.5859375 0.5125 0.5875 0.50625 0.6
0 0.5546875 0.4765625 0.55 0.509375 0.55625 0.5078125 0.565625 0.484375 0.5625 0.4734375 0.5546875 0.4765625
0 0.1390625 0.93125 0.1375 0.946875 0.146875 0.940625 0.146875 0.9328125 0.1390625 0.93125