0 0.665625 0.346875 0.6625 0.36875 0.66875 0.3859375 0.675 0.3859375 0.6796875 0.38125 0.6796875 0.3546875 0.671875 0.3421875 0.665625 0.346875
0 0.815625 0.4125 0.8125 0.425 0.81875 0.434375 0.8234375 0.43125 0.8234375 0.4171875 0.815625 0.4125
0 0.775 0.8828125 0.7734375 0.9046875 0.778125 0.90625 0.78125 0.88125 0.775 0.8828125
0 0.1484375 0.809375 0.146875 0.83125 0.15625 0.8359375 0.1609375 0.83125 0.1609375 0.8125 0.15625 0.8078125 0.1484375 0.809375
0 0.7796875 0.0859375 0.7796875 0.096875 0.7921875 0.096875 0.790625 0.0875 0.7796875 0.0859375
0 0.6171875 0.9640625 0.6140625 0.9890625 0.6203125 0.9875 0.625 0.9734375 0.6234375 0.9640625 0.6171875 0.9640625
0 0.659375 0.721875 0.65625 0.7359375 0.6625 0.7421875 0.665625 0.725 0.659375 0.721875
0 0.4234375 0.246875 0.4265625 0.25625 0.421875 0.259375 0.4265625 0.2609375 0.4296875 0.25 0.4234375 0.246875
0 0.5734375 0.825 0.5734375 0.8375 0.584375 0.8375 0.5859375 0.8296875 0.5734375 0.825
0 0.8921875 0.26875 0.8875 0.26875 0.8921875 0.2828125 0.8921875 0.26875
0 0.6359375 0.4 0.63125 0.4109375 0.64375 0.4109375 0.6453125 0.4 0.6359375 0.4
0 0.728125 0.375 0.725 0.3890625 0.7359375 0.39375 0.7359375 0.3765625 0.728125 0.375
0 0.5796875 0.8859375 0.5765625 0.8953125 0.5859375 0.90625 0.5875 0.8859375 0.5796875 0.8859375
0 0.61875 0.5015625 0.6171875 0.521875 0.625 0.5234375 0.628125 0.50625 0.625 0.5 0.61875 0.5015625
0 0.7421875 0.16875 0.7375 0.1734375 0.7390625 0.1859375 0.7484375 0.18125 0.7484375 0.171875 0.7421875 0.16875
0 0.7640625 0.5875 0.7625 0.603125 0.76875 0.6046875 0.7734375 0.5890625 0.7640625 0.5875
0 0.6671875 0.34375 0.66875 0.3625 0.675 0.3625 0.6734375 0.34375 0.6671875 0.34375