0 0.5203125 0.4890625 0.525 0.4953125 0.51875 0.503125 0.5234375 0.5109375 0.5296875 0.5 0.5203125 0.4890625
0 0.60625 0.325 0.6046875 0.3359375 0.615625 0.34375 0.6171875 0.33125 0.6125 0.3234375 0.60625 0.325
0 0.4875 0.425 0.4796875 0.4328125 0.484375 0.44375 0.49375 0.4359375 0.4921875 0.425 0.4875 0.425
0 0.3859375 0.0125 0.3796875 0.0125 0.3796875 0.0234375 0.3859375 0.0125
0 0.4234375 0.8046875 0.421875 0.8171875 0.4265625 0.8234375 0.43125 0.81875 0.43125 0.8046875 0.4234375 0.8046875
0 0.3828125 0.9109375 0.3796875 0.9125 0.3890625 0.91875 0.3796875 0.925 0.3890625 0.9296875 0.3921875 0.921875 0.3828125 0.9109375
0 0.6828125 0.2734375 0.675 0.28125 0.6765625 0.2921875 0.690625 0.28125 0.6875 0.2734375 0.6828125 0.2734375
0 0.53125 0.19375 0.5296875 0.2140625 0.5375 0.2171875 0.5375 0.2 0.53125 0.19375
0 0.8015625 0.14375 0.79375 0.15 0.79375 0.1609375 0.80625 0.15625 0.8015625 0.14375
0 0.5546875 0.7765625 0.55 0.78125 0.5515625 0.7921875 0.5609375 0.7875 0.5546875 0.7765625
0 0.6609375 0.115625 0.65625 0.115625 0.65625 0.13125 0.6609375 0.13125 0.6609375 0.115625
0 0.69375 0.0046875 0.69375 0.025 0.6984375 0.025 0.6984375 0.0046875 0.69375 0.0046875