0 0.4859375 0.4515625 0.4875 0.4703125 0.4921875 0.4671875 0.4921875 0.4578125 0.4859375 0.4515625
0 0.428125 0.9859375 0.4265625 0.9984375 0.434375 0.9984375 0.4375 0.9875 0.428125 0.9859375
0 0.3953125 0.59375 0.3890625 0.59375 0.3921875 0.6109375 0.3984375 0.60625 0.3953125 0.59375
0 0.34375 0.0625 0.3421875 0.0796875 0.3484375 0.0765625 0.35 0.06875 0.3484375 0.0625 0.34375 0.0625
0 0.2875 0.909375 0.2875 0.9234375 0.2921875 0.925 0.2875 0.909375
0 0.8390625 0.8421875 0.8359375 0.859375 0.846875 0.86875 0.8546875 0.859375 0.8546875 0.85 0.8484375 0.8421875 0.8390625 0.8421875
0 0.609375 0.1015625 0.60625 0.1046875 0.6125 0.1046875 0.6140625 0.109375 0.60625 0.1171875 0.6125 0.125 0.6171875 0.1109375 0.609375 0.1015625
0 0.49375 0.8046875 0.4875 0.8046875 0.4890625 0.8234375 0.496875 0.8234375 0.4984375 0.81875 0.49375 0.8046875
0 0.51875 0.75 0.5109375 0.75625 0.5125 0.7671875 0.5234375 0.7609375 0.51875 0.75
0 0.3734375 0.315625 0.36875 0.3328125 0.375 0.3375 0.3796875 0.31875 0.3734375 0.315625
0 0.43125 0.7875 0.4296875 0.796875 0.4375 0.8015625 0.4390625 0.7921875 0.43125 0.7875
0 0.3453125 0.7625 0.3453125 0.7796875 0.3546875 0.78125 0.35625 0.775 0.3453125 0.7671875 0.35625 0.7625 0.3453125 0.7625
0 0.7875 0.9609375 0.7796875 0.9609375 0.7796875 0.971875 0.7921875 0.9921875 0.7875 0.9609375
0 0.525 0.64375 0.5234375 0.665625 0.53125 0.6671875 0.53125 0.6484375 0.525 0.64375
0 0.5484375 0.2859375 0.546875 0.3046875 0.553125 0.30625 0.55625 0.29375 0.5546875 0.2875 0.5484375 0.2859375
0 0.5125 0.2125 0.5109375 0.2359375 0.5234375 0.23125 0.5234375 0.215625 0.5125 0.2125
0 0.55625 0.3484375 0.5546875 0.35625 0.5625 0.359375 0.565625 0.3484375 0.55625 0.3484375