0 0.8109375 0 0.8046875 0 0.8046875 0.0078125 0.8109375 0
0 0.7015625 0.5109375 0.7 0.5234375 0.71875 0.5375 0.7109375 0.5140625 0.7015625 0.5109375
0 0.71875 0.675 0.7140625 0.6765625 0.7140625 0.69375 0.721875 0.6984375 0.7359375 0.69375 0.7375 0.6859375 0.71875 0.675
0 0.728125 0 0.71875 0 0.721875 0.0375 0.7296875 0.0375 0.728125 0
0 0.54375 0.6 0.54375 0.609375 0.5625 0.6171875 0.5625 0.6046875 0.54375 0.6
0 0.478125 0.04375 0.475 0.0671875 0.484375 0.06875 0.4875 0.0625 0.478125 0.053125 0.4875 0.0484375 0.484375 0.0421875 0.478125 0.04375
0 0.634375 0.5875 0.63125 0.5984375 0.646875 0.5984375 0.6546875 0.5921875 0.6546875 0.58125 0.64375 0.58125 0.634375 0.5875
0 0.5734375 0.3859375 0.5671875 0.3859375 0.56875 0.403125 0.575 0.4171875 0.5828125 0.4171875 0.5828125 0.39375 0.5734375 0.3859375
0 0.69375 0.2609375 0.6921875 0.26875 0.7015625 0.2796875 0.6921875 0.28125 0.69375 0.2921875 0.703125 0.3 0.7046875 0.28125 0.6984375 0.2609375 0.69375 0.2609375
0 0.6484375 0.8390625 0.64375 0.8625 0.6390625 0.8640625 0.64375 0.8734375 0.65625 0.8671875 0.65625 0.8421875 0.6546875 0.8375 0.6484375 0.8390625
0 0.7203125 0.4046875 0.71875 0.4171875 0.7359375 0.4296875 0.7375 0.4109375 0.7203125 0.4046875