0 0.3875 0.2203125 0.3859375 0.2234375 0.3953125 0.2296875 0.3859375 0.234375 0.3921875 0.2359375 0.4 0.2203125 0.39375 0.215625 0.4 0.209375 0.3875 0.2203125
0 0.184375 0.2046875 0.1875 0.21875 0.1796875 0.2328125 0.1921875 0.2421875 0.2 0.2421875 0.20625 0.2015625 0.2109375 0.1953125 0.209375 0.18125 0.2015625 0.178125 0.2 0.2 0.19375 0.20625 0.1875 0.2015625 0.184375 0.2046875
0 0.3546875 0.3328125 0.3546875 0.3484375 0.3609375 0.3484375 0.359375 0.3328125 0.3546875 0.3328125
0 0.38125 0.0765625 0.3796875 0.0796875 0.3890625 0.0828125 0.3796875 0.0921875 0.3890625 0.09375 0.3921875 0.0734375 0.3890625 0.0703125 0.38125 0.0765625
0 0.5625 0.0609375 0.5578125 0.065625 0.5546875 0.0625 0.55625 0.0765625 0.54375 0.075 0.540625 0.0625 0.5359375 0.0609375 0.54375 0.08125 0.5375 0.0859375 0.5359375 0.1 0.565625 0.0984375 0.5546875 0.084375 0.565625 0.075 0.5625 0.0609375
0 0.184375 0.2078125 0.1875 0.2203125 0.18125 0.225 0.18125 0.2359375 0.2 0.2421875 0.2046875 0.2046875 0.184375 0.2078125
0 0.2015625 0.178125 0.2 0.2 0.2078125 0.2 0.2125 0.1875 0.209375 0.1796875 0.2015625 0.178125
0 0.4125 0.8015625 0.4109375 0.8140625 0.415625 0.815625 0.425 0.8046875 0.425 0.7921875 0.4125 0.8015625
0 0.36875 0.796875 0.3640625 0.80625 0.36875 0.8328125 0.3734375 0.8328125 0.36875 0.8234375 0.375 0.821875 0.3734375 0.81015625 0.3671875 0.8078125 0.3734375 0.8 0.36875 0.796875
0 0.2421875 0.15625 0.2375 0.1609375 0.24375 0.171875 0.259375 0.178125 0.2578125 0.159375 0.2421875 0.15625
0 0.3453125 0.121875 0.3453125 0.1375 0.353125 0.1421875 0.3671875 0.1375 0.36875 0.125 0.3625 0.11875 0.35 0.1171875 0.3453125 0.121875
0 0.3953125 0.5 0.3953125 0.5171875 0.4125 0.5109375 0.4109375 0.5 0.3953125 0.5