0 0.81982421875 0.6458333333333334 0.8203125 0.6614583333333334 0.828125 0.6657986111111112 0.83447265625 0.6571180555555556 0.83349609375 0.6449652777777778 0.830078125 0.640625 0.822265625 0.640625 0.81982421875 0.6458333333333334
0 0.42236328125 0.5329861111111112 0.42236328125 0.5460069444444444 0.43505859375 0.5460069444444444 0.435546875 0.5416666666666666 0.4296875 0.5329861111111112 0.4248046875 0.5295138888888888 0.42236328125 0.5329861111111112
0 0.7880859375 0.7491319444444444 0.78759765625 0.7586805555555556 0.791015625 0.7647569444444444 0.79833984375 0.7647569444444444 0.80126953125 0.7560763888888888 0.7998046875 0.7482638888888888 0.794921875 0.7439236111111112 0.791015625 0.7439236111111112 0.7880859375 0.7491319444444444
0 0.35546875 0.2482638888888889 0.353515625 0.2517361111111111 0.353515625 0.2569444444444444 0.35595703125 0.2604166666666667 0.36181640625 0.2604166666666667 0.36279296875 0.2526041666666667 0.359375 0.2482638888888889 0.35546875 0.2482638888888889
0 0.61865234375 0.6527777777777778 0.6181640625 0.6623263888888888 0.61962890625 0.6666666666666666 0.62158203125 0.6701388888888888 0.6279296875 0.6701388888888888 0.6298828125 0.6631944444444444 0.62890625 0.6493055555555556 0.62255859375 0.6458333333333334 0.61865234375 0.6527777777777778
0 0.44775390625 0.2751736111111111 0.44775390625 0.28125 0.4521484375 0.2829861111111111 0.45263671875 0.2734375 0.44921875 0.2725694444444444 0.44775390625 0.2751736111111111
0 0.5078125 0.3151041666666667 0.5078125 0.3229166666666667 0.51171875 0.3220486111111111 0.51171875 0.3125 0.5078125 0.3151041666666667
0 0.673828125 0.5555555555555556 0.67236328125 0.5685763888888888 0.677734375 0.5772569444444444 0.68212890625 0.5763888888888888 0.68798828125 0.5677083333333334 0.68798828125 0.5564236111111112 0.6845703125 0.5503472222222222 0.67724609375 0.5503472222222222 0.673828125 0.5555555555555556
0 0.4892578125 0.8958333333333334 0.48974609375 0.90625 0.494140625 0.9071180555555556 0.49462890625 0.8984375 0.4892578125 0.8958333333333334
0 0.39404296875 0.2439236111111111 0.39404296875 0.2621527777777778 0.4013671875 0.265625 0.40283203125 0.2552083333333333 0.40185546875 0.23524305555555555 0.39697265625 0.234375 0.39404296875 0.2439236111111111
0 0.35546875 0.4079861111111111 0.3544921875 0.4157986111111111 0.3583984375 0.421875 0.365234375 0.4305555555555556 0.36962890625 0.4270833333333333 0.3701171875 0.4184027777777778 0.3623046875 0.4001736111111111 0.35546875 0.4079861111111111
0 0.9267578125 0.9097222222222222 0.92529296875 0.9184027777777778 0.927734375 0.9262152777777778 0.93310546875 0.9288194444444444 0.9375 0.9244791666666666 0.93798828125 0.9166666666666666 0.93505859375 0.9097222222222222 0.9267578125 0.9097222222222222
0 0.48974609375 0.09461805555555555 0.490234375 0.11284722222222222 0.49267578125 0.11631944444444445 0.498046875 0.11371527777777778 0.498046875 0.09114583333333333 0.49365234375 0.0876736111111111 0.48974609375 0.09461805555555555
0 0.7060546875 0.4444444444444444 0.70556640625 0.4522569444444444 0.70849609375 0.4652777777777778 0.71923828125 0.4618055555555556 0.72265625 0.4574652777777778 0.72265625 0.4453125 0.7197265625 0.4392361111111111 0.71240234375 0.4392361111111111 0.7060546875 0.4444444444444444
0 0.46923828125 0.171875 0.46728515625 0.17708333333333334 0.46875 0.18055555555555555 0.46923828125 0.17274305555555555 0.47314453125 0.17447916666666666 0.47509765625 0.16666666666666666 0.47265625 0.1657986111111111 0.47314453125 0.17274305555555555 0.46923828125 0.171875