0 0.79375 0.2296875 0.7921875 0.246875 0.7984375 0.2515625 0.8046875 0.2296875 0.796875 0.2265625 0.803125 0.2171875 0.79375 0.2296875
0 0.690625 0.78125 0.6875 0.7921875 0.7078125 0.8046875 0.70625 0.78125 0.7 0.7765625 0.690625 0.78125
0 0.5984375 0.0625 0.596875 0.0859375 0.6046875 0.0921875 0.6046875 0.065625 0.5984375 0.0625
0 0.5265625 0.875 0.525 0.88125 0.5359375 0.89375 0.5421875 0.89375 0.546875 0.8796875 0.5265625 0.875
0 0.621875 0.859375 0.6171875 0.8703125 0.6359375 0.8671875 0.6390625 0.85 0.621875 0.859375
0 0.7109375 0.9515625 0.70625 0.9515625 0.70625 0.96875 0.7109375 0.9734375 0.7234375 0.9734375 0.721875 0.9578125 0.7109375 0.9515625
0 0.6796875 0.5203125 0.6765625 0.5265625 0.68125 0.5546875 0.690625 0.5578125 0.6875 0.5234375 0.6796875 0.5203125
0 0.4578125 0.296875 0.45625 0.3171875 0.4625 0.3171875 0.465625 0.2984375 0.4578125 0.296875
0 0.5515625 0.6453125 0.55 0.6484375 0.559375 0.65 0.5625 0.6578125 0.55 0.6609375 0.5625 0.6796875 0.5671875 0.675 0.565625 0.6609375 0.5609375 0.65 0.5515625 0.6453125
0 0.7140625 0.24375 0.70625 0.24375 0.7078125 0.28125 0.7140625 0.28125 0.71875 0.2734375 0.7140625 0.24375
0 0.709375 0.6640625 0.70625 0.678125 0.7234375 0.6921875 0.725 0.6796875 0.71875 0.66875 0.721875 0.6625 0.709375 0.6640625