0 0.1109375 0.84375 0.10625 0.846875 0.10625 0.859375 0.115625 0.859375 0.11875 0.8546875 0.115625 0.84375 0.1109375 0.84375
0 0.2421875 0.0609375 0.2421875 0.0703125 0.2546875 0.0671875 0.25 0.0609375 0.2421875 0.0609375
0 0.1328125 0.409375 0.1296875 0.4171875 0.1375 0.421875 0.14375 0.40625 0.1328125 0.409375
0 0.15625 0.9734375 0.153125 0.9921875 0.1609375 0.99375 0.15625 0.98125 0.1640625 0.975 0.1625 0.96875 0.15625 0.9734375
0 0.3015625 0.846875 0.3 0.865625 0.30625 0.8671875 0.3109375 0.8625 0.3109375 0.84375 0.3015625 0.846875
0 0.1203125 0.8984375 0.1171875 0.921875 0.1265625 0.925 0.1296875 0.909375 0.1203125 0.8984375
0 0.1578125 0.340625 0.1578125 0.359375 0.1671875 0.3625 0.16875 0.3484375 0.1578125 0.340625
0 0.215625 0.359375 0.2125 0.3734375 0.221875 0.375 0.2234375 0.3625 0.215625 0.359375
0 0.178125 0.71875 0.175 0.7375 0.18125 0.7421875 0.1859375 0.725 0.184375 0.71875 0.178125 0.71875
0 0.1265625 0.5109375 0.1265625 0.5296875 0.1296875 0.5359375 0.1359375 0.5359375 0.1375 0.5125 0.1265625 0.5109375
0 0.20625 0.15625 0.20625 0.1671875 0.215625 0.1671875 0.2171875 0.1546875 0.20625 0.15625
0 0.26875 0.5546875 0.2671875 0.5703125 0.2734375 0.5734375 0.278125 0.5625 0.275 0.5546875 0.26875 0.5546875
0 0.30625 0.371875 0.3140625 0.384375 0.3046875 0.3828125 0.3125 0.3890625 0.3171875 0.38125 0.30625 0.371875
0 0.15625 0.3390625 0.15625 0.378125 0.1609375 0.384375 0.16875 0.384375 0.16875 0.34375 0.15625 0.3390625