0 0.5796875 0.321875 0.5765625 0.3265625 0.58125 0.33125 0.5984375 0.33125 0.5984375 0.3234375 0.5796875 0.321875
0 0.40625 0.56875 0.3953125 0.575 0.3984375 0.58125 0.4171875 0.5796875 0.4171875 0.5734375 0.40625 0.56875
0 0.04375 0.4359375 0.04375 0.4421875 0.06875 0.4390625 0.0671875 0.434375 0.05625 0.43125 0.04375 0.4359375
0 0.3734375 0.4078125 0.3671875 0.4109375 0.371875 0.421875 0.3890625 0.415625 0.3875 0.4109375 0.3734375 0.4078125
0 0.8078125 0.6046875 0.7984375 0.6140625 0.7640625 0.6171875 0.7578125 0.625 0.7552078125 0.6171875 0.7463546875 0.6171875 0.74375 0.6234375 0.7375 0.6171875 0.7453125 0.625 0.771875 0.63125 0.7859375 0.6453125 0.7859375 0.65 0.74375 0.6625 0.74375 0.6671875 0.75234375 0.6671875 0.7528125 0.6625 0.7618750000000001 0.6625 0.7609375 0.6671875 0.76953125 0.6671875 0.7709374999999999 0.6625 0.78671875 0.6671875 0.790625 0.6609375 0.7953125 0.6671875 0.83125 0.6625 0.8421875 0.6484375 0.8359375 0.6359375 0.846875 0.6296875 0.846875 0.6234375 0.8390625 0.63125 0.8359375 0.6234375 0.825 0.6234375 0.81875 0.6171875 0.825 0.6046875 0.81875 0.6109375 0.81640625 0.6046875 0.8078125 0.6046875
0 0.4796875 0.425 0.4796875 0.43125 0.484375 0.4234375 0.49375 0.43125 0.5 0.4234375 0.4984375 0.41875 0.4890625 0.41875 0.4796875 0.425
0 0.1234375 0.5625 0.115625 0.565625 0.1203125 0.575 0.1359375 0.571875 0.1296875 0.5625 0.1234375 0.5625
0 0.4109375 0.3890625 0.40625 0.4 0.421875 0.403125 0.421875 0.3890625 0.4109375 0.3890625
0 0.2453125 0.4671875 0.2484375 0.4734375 0.25625 0.465625 0.2625 0.4734375 0.26875 0.4703125 0.2640625 0.4625 0.2453125 0.4671875
0 0.7609375 0.46875 0.75 0.46875 0.75 0.4796875 0.7625 0.4796875 0.7609375 0.46875
0 0.3046875 0.4109375 0.296875 0.4171875 0.2984375 0.4234375 0.3375 0.4171875 0.3296875 0.4046875 0.3046875 0.4109375
0 0.3546875 0.38125 0.35 0.3890625 0.35625 0.3984375 0.3625 0.3984375 0.3640625 0.3890625 0.3546875 0.38125
0 0.659375 0.5890625 0.65625 0.59375 0.6609375 0.596875 0.675 0.5921875 0.675 0.5859375 0.659375 0.5890625