0 0.6884765625 0.2795138888888889 0.6865234375 0.2829861111111111 0.6865234375 0.2873263888888889 0.6884765625 0.2907986111111111 0.69140625 0.2907986111111111 0.69189453125 0.2847222222222222 0.6884765625 0.2795138888888889
0 0.0322265625 0.5807291666666666 0.03173828125 0.5894097222222222 0.03515625 0.5972222222222222 0.04345703125 0.5946180555555556 0.04443359375 0.5850694444444444 0.041015625 0.578125 0.03515625 0.5772569444444444 0.0322265625 0.5807291666666666
0 0.33251953125 0.6536458333333334 0.33154296875 0.6640625 0.33642578125 0.6710069444444444 0.34228515625 0.6710069444444444 0.34716796875 0.6614583333333334 0.3466796875 0.6501736111111112 0.34228515625 0.6449652777777778 0.3369140625 0.6449652777777778 0.33251953125 0.6536458333333334
0 0.45849609375 0.4418402777777778 0.4560546875 0.4479166666666667 0.45654296875 0.4609375 0.46337890625 0.46875 0.46923828125 0.4661458333333333 0.4716796875 0.4565972222222222 0.46923828125 0.4418402777777778 0.466796875 0.4392361111111111 0.45849609375 0.4418402777777778
0 0.865234375 0.7534722222222222 0.86474609375 0.7647569444444444 0.86865234375 0.7725694444444444 0.87646484375 0.7821180555555556 0.88427734375 0.78125 0.88427734375 0.7743055555555556 0.8779296875 0.7604166666666666 0.87060546875 0.7517361111111112 0.865234375 0.7534722222222222
0 0.7734375 0.11979166666666667 0.7744140625 0.1267361111111111 0.78564453125 0.13541666666666666 0.79052734375 0.13541666666666666 0.79296875 0.1284722222222222 0.7880859375 0.11805555555555555 0.7822265625 0.11284722222222222 0.77685546875 0.11284722222222222 0.7734375 0.11979166666666667
0 0.3134765625 0.3394097222222222 0.3134765625 0.3671875 0.31884765625 0.3680555555555556 0.3203125 0.3446180555555556 0.31689453125 0.3376736111111111 0.3134765625 0.3394097222222222
0 0.884765625 0.4765625 0.88525390625 0.4835069444444444 0.89013671875 0.4835069444444444 0.89013671875 0.4765625 0.884765625 0.4765625
0 0.14306640625 0.6892361111111112 0.14208984375 0.6961805555555556 0.1435546875 0.703125 0.14599609375 0.7057291666666666 0.1513671875 0.7057291666666666 0.15478515625 0.7022569444444444 0.15478515625 0.6901041666666666 0.1513671875 0.6857638888888888 0.14599609375 0.6857638888888888 0.14306640625 0.6892361111111112
0 0.8193359375 0.3585069444444444 0.8193359375 0.3663194444444444 0.82470703125 0.375 0.830078125 0.375 0.833984375 0.3706597222222222 0.83642578125 0.3637152777777778 0.83642578125 0.3602430555555556 0.8310546875 0.3541666666666667 0.8212890625 0.3559027777777778 0.8193359375 0.3585069444444444
0 0.29638671875 0.5434027777777778 0.2958984375 0.5494791666666666 0.30029296875 0.5598958333333334 0.30615234375 0.5598958333333334 0.310546875 0.5494791666666666 0.31005859375 0.5425347222222222 0.3056640625 0.5364583333333334 0.2998046875 0.5373263888888888 0.29638671875 0.5434027777777778
0 0.43408203125 0.3046875 0.43310546875 0.3177083333333333 0.4384765625 0.3263888888888889 0.44189453125 0.3263888888888889 0.44677734375 0.3185763888888889 0.447265625 0.3098958333333333 0.443359375 0.3020833333333333 0.4365234375 0.3012152777777778 0.43408203125 0.3046875
0 0.8173828125 0.7847222222222222 0.81689453125 0.8090277777777778 0.82275390625 0.8177083333333334 0.8271484375 0.8177083333333334 0.82861328125 0.8125 0.82861328125 0.7847222222222222 0.82470703125 0.78125 0.8193359375 0.78125 0.8173828125 0.7847222222222222
0 0.5009765625 0.5598958333333334 0.50146484375 0.5859375 0.51220703125 0.5876736111111112 0.51513671875 0.5729166666666666 0.51513671875 0.5598958333333334 0.50830078125 0.5555555555555556 0.5029296875 0.5555555555555556 0.5009765625 0.5598958333333334
0 0.595703125 0.03819444444444445 0.5947265625 0.050347222222222224 0.59765625 0.05381944444444445 0.6025390625 0.050347222222222224 0.6083984375 0.04079861111111111 0.6083984375 0.036458333333333336 0.6044921875 0.028645833333333332 0.6005859375 0.028645833333333332 0.595703125 0.03819444444444445
0 0.79296875 0.2829861111111111 0.7919921875 0.2864583333333333 0.79443359375 0.296875 0.79638671875 0.3003472222222222 0.79833984375 0.2994791666666667 0.79638671875 0.2873263888888889 0.79296875 0.2873263888888889 0.79296875 0.2829861111111111