0 0.534375 0.94375 0.534375 0.9546875 0.54375 0.95625 0.546875 0.946875 0.534375 0.94375
0 0.7078125 0.7171875 0.7078125 0.7375 0.7140625 0.728125 0.7125 0.71875 0.7078125 0.7171875
0 0.6140625 0.4921875 0.6125 0.525 0.6171875 0.5359375 0.6234375 0.5359375 0.625 0.5 0.6140625 0.4921875
0 0.753125 0.5515625 0.75 0.5546875 0.759375 0.559375 0.75 0.5671875 0.7609375 0.5734375 0.759375 0.55625 0.753125 0.5515625
0 0.6796875 0.3359375 0.6765625 0.3453125 0.6828125 0.3484375 0.6875 0.3375 0.6796875 0.3359375
0 0.3296875 0.00625 0.3265625 0.01875 0.33125 0.0203125 0.3296875 0.00625
0 0.725 0.25625 0.7125 0.25625 0.7125 0.2625 0.7234375 0.2671875 0.728125 0.2625 0.725 0.25625
0 0.6125 0.84375 0.6140625 0.8671875 0.6171875 0.84375 0.6125 0.84375
0 0.6140625 0.49375 0.6125 0.50625 0.621875 0.5125 0.625 0.503125 0.6140625 0.49375
0 0.5796875 0.6375 0.5734375 0.6375 0.5734375 0.6625 0.58125 0.6609375 0.5796875 0.6375
0 0.7203125 0.990625 0.71875 0.9984375 0.728125 0.9984375 0.728125 0.9921875 0.7203125 0.990625
0 0.66875 0.525 0.6671875 0.5328125 0.6765625 0.540625 0.6796875 0.5265625 0.66875 0.525
0 0.325 0.653125 0.31875 0.665625 0.321875 0.68125 0.33125 0.6734375 0.33125 0.6625 0.3234375 0.6609375 0.33125 0.6515625 0.325 0.653125
0 0.2484375 0.6734375 0.25 0.7 0.2546875 0.6921875 0.2546875 0.675 0.2484375 0.6734375
0 0.5859375 0.546875 0.5859375 0.5578125 0.6046875 0.5515625 0.5921875 0.54375 0.5859375 0.546875