0 0.4078125 0.6625 0.4109375 0.6734375 0.40625 0.6765625 0.40625 0.6859375 0.4109375 0.6875 0.421875 0.6734375 0.425 0.65 0.4078125 0.6625
0 0.603125 0.375 0.6 0.3796875 0.6046875 0.3859375 0.625 0.384375 0.6234375 0.3765625 0.603125 0.375
0 0.8421875 0.1328125 0.8375 0.1375 0.8375 0.15 0.8421875 0.1546875 0.85 0.15 0.85 0.1359375 0.8421875 0.1328125
0 0.4625 0.6765625 0.4609375 0.6921875 0.4734375 0.69375 0.4734375 0.6765625 0.4625 0.6765625
0 0.703125 0.2546875 0.6984375 0.2546875 0.6984375 0.2640625 0.70625 0.2703125 0.7109375 0.2609375 0.703125 0.2546875
0 0.5234375 0.4625 0.51875 0.4671875 0.5203125 0.475 0.5375 0.4734375 0.5375 0.4625 0.5234375 0.4625
0 0.7609375 0.1546875 0.75625 0.1640625 0.7609375 0.16875 0.775 0.16875 0.775 0.15625 0.7609375 0.1546875
0 0.0546875 0.81875 0.0546875 0.8421875 0.0625 0.8390625 0.065625 0.8453125 0.06171875 0.84921875 0.0671875 0.8484375 0.06875 0.85625 0.0546875 0.81875
0 0.7375 0.25625 0.734375 0.275 0.7421875 0.2984375 0.7484375 0.3 0.7546875 0.2921875 0.753125 0.278125 0.7484375 0.2625 0.7421875 0.2546875 0.7375 0.25625
0 0.55625 0.4265625 0.5546875 0.44375 0.56875 0.4421875 0.5734375 0.425 0.55625 0.4265625
0 0.5203125 0.5765625 0.51875 0.5890625 0.5265625 0.59375 0.540625 0.5921875 0.5375 0.5828125 0.5203125 0.5765625
0 0.5984375 0.4625 0.596875 0.471875 0.6046875 0.46875 0.60625 0.4796875 0.6046875 0.465625 0.5984375 0.4625