0 0.6734375 0.1828125 0.671875 0.1921875 0.6796875 0.2015625 0.6828125 0.19375 0.6765625 0.18125 0.6734375 0.1828125
0 0.4375 0.73125 0.43125 0.75625 0.4421875 0.75 0.434375 0.7421875 0.4359375 0.7375 0.44375 0.7375 0.4421875 0.73125 0.4375 0.73125
0 0.2375 0.28125 0.23125 0.28125 0.23125 0.3015625 0.2359375 0.309375 0.2421875 0.309375 0.2546875 0.3 0.2546875 0.2921875 0.25 0.2859375 0.24375 0.2921875 0.2375 0.28125
0 0.7609375 0.04375 0.7625 0.0609375 0.7609375 0.04375
0 0.4921875 0.4828125 0.4890625 0.49375 0.49375 0.50625 0.4984375 0.503125 0.5 0.4890625 0.496875 0.48125 0.4921875 0.4828125
0 0.4890625 0.1421875 0.48125 0.15625 0.496875 0.15625 0.496875 0.14375 0.4890625 0.1421875
0 0.31875 0.8234375 0.3171875 0.8453125 0.3234375 0.85 0.325 0.8265625 0.31875 0.8234375
0 0.5203125 0.0875 0.51875 0.0984375 0.53125 0.109375 0.5234375 0.1015625 0.53125 0.096875 0.5296875 0.0921875 0.525 0.0859375 0.5203125 0.0875
0 0.4 0.5828125 0.3984375 0.5921875 0.4078125 0.596875 0.4109375 0.5859375 0.4 0.5828125
0 0.6125 0.9625 0.60625 0.9734375 0.609375 0.9796875 0.61875 0.971875 0.6171875 0.9609375 0.6125 0.9625
0 0.403125 0.6453125 0.4 0.659375 0.4109375 0.665625 0.415625 0.65 0.4109375 0.64375 0.403125 0.6453125
0 0.46875 0.25 0.465625 0.2734375 0.4703125 0.275 0.4734375 0.25 0.46875 0.25
0 0.6046875 0.66875 0.603125 0.6765625 0.6109375 0.684375 0.603125 0.6875 0.60625 0.6921875 0.6125 0.6828125 0.6046875 0.675 0.6125 0.66875 0.6046875 0.66875
0 0.58125 0.13125 0.5796875 0.1421875 0.5859375 0.1484375 0.5921875 0.1375 0.5859375 0.1296875 0.58125 0.13125
0 0.6109375 0.3578125 0.60625 0.36875 0.609375 0.375 0.6171875 0.371875 0.609375 0.3671875 0.6109375 0.3609375 0.6171875 0.359375 0.6109375 0.3578125