0 0.7390625 0.36875 0.73125 0.3765625 0.734375 0.3859375 0.74375 0.38125 0.7453125 0.375 0.7390625 0.36875
0 0.4859375 0.5171875 0.4796875 0.5171875 0.4796875 0.5328125 0.484375 0.5375 0.4859375 0.5171875
0 0.4375 0.0109375 0.434375 0.0296875 0.4421875 0.025 0.4359375 0.01875 0.4421875 0.01640625 0.4421875 0.0078125 0.4375 0.0109375
0 0.49375 0.98125 0.4890625 0.9859375 0.4890625 0.9984375 0.5 0.9984375 0.4984375 0.98125 0.49375 0.98125
0 0.4421875 0.234375 0.4390625 0.24375 0.44375 0.2546875 0.4484375 0.2546875 0.4484375 0.2359375 0.4421875 0.234375
0 0.6109375 0.53125 0.6125 0.54375 0.61875 0.540625 0.6203125 0.53125 0.6171875 0.525 0.6109375 0.53125
0 0.5125 0.715625 0.5125 0.728125 0.51875 0.728125 0.5234375 0.715625 0.5171875 0.7109375 0.5234375 0.7078125 0.5125 0.715625
0 0.6140625 0.9578125 0.6125 0.9703125 0.6203125 0.975 0.6234375 0.9609375 0.6140625 0.9578125
0 0.6546875 0.85625 0.6515625 0.86875 0.659375 0.878125 0.6609375 0.85625 0.6546875 0.85625
0 0.5484375 0.03125 0.5515625 0.04375 0.546875 0.0453125 0.5515625 0.046875 0.5546875 0.0421875 0.5484375 0.03125
0 0.6359375 0.10625 0.63125 0.1171875 0.640625 0.11875 0.6421875 0.109375 0.6359375 0.10625