0 0.0322265625 0.4175347222222222 0.03173828125 0.4244791666666667 0.03515625 0.4253472222222222 0.037109375 0.4175347222222222 0.0322265625 0.4175347222222222
0 0.26708984375 0.7560763888888888 0.26513671875 0.7595486111111112 0.26513671875 0.7638888888888888 0.271484375 0.78125 0.2783203125 0.7786458333333334 0.28173828125 0.7734375 0.27783203125 0.7517361111111112 0.27197265625 0.7517361111111112 0.26708984375 0.7560763888888888
0 0.45361328125 0.3541666666666667 0.45263671875 0.3628472222222222 0.45556640625 0.3671875 0.46044921875 0.3680555555555556 0.4638671875 0.3628472222222222 0.4638671875 0.3550347222222222 0.46142578125 0.3506944444444444 0.4560546875 0.3506944444444444 0.45361328125 0.3541666666666667
0 0.10595703125 0.9149305555555556 0.1064453125 0.9262152777777778 0.11376953125 0.9270833333333334 0.1171875 0.9244791666666666 0.11767578125 0.9079861111111112 0.1162109375 0.90625 0.111328125 0.9045138888888888 0.10693359375 0.9088541666666666 0.10595703125 0.9149305555555556
0 0.15966796875 0.9678819444444444 0.15966796875 0.9774305555555556 0.1640625 0.9835069444444444 0.1708984375 0.9782986111111112 0.17333984375 0.9704861111111112 0.17333984375 0.9652777777777778 0.16845703125 0.9574652777777778 0.16357421875 0.9583333333333334 0.15966796875 0.9678819444444444
0 0.21337890625 0.2751736111111111 0.21240234375 0.2960069444444444 0.2177734375 0.296875 0.2197265625 0.2873263888888889 0.2197265625 0.2751736111111111 0.21337890625 0.2751736111111111
0 0.205078125 0.7039930555555556 0.20361328125 0.7074652777777778 0.20361328125 0.7161458333333334 0.2060546875 0.7222222222222222 0.20849609375 0.7248263888888888 0.21435546875 0.7248263888888888 0.21728515625 0.7196180555555556 0.2177734375 0.7083333333333334 0.21435546875 0.6996527777777778 0.208984375 0.6987847222222222 0.205078125 0.7039930555555556
0 0.15234375 0.6189236111111112 0.15234375 0.6302083333333334 0.15673828125 0.6345486111111112 0.1630859375 0.6328125 0.166015625 0.6258680555555556 0.166015625 0.6180555555555556 0.1640625 0.6137152777777778 0.15625 0.6137152777777778 0.15234375 0.6189236111111112
0 0.54931640625 0.6684027777777778 0.54736328125 0.671875 0.54736328125 0.6762152777777778 0.5498046875 0.6848958333333334 0.55322265625 0.6944444444444444 0.5576171875 0.6970486111111112 0.56005859375 0.6909722222222222 0.55712890625 0.6727430555555556 0.5546875 0.6666666666666666 0.54931640625 0.6684027777777778
0 0.27392578125 0.1675347222222222 0.2734375 0.1762152777777778 0.27685546875 0.17708333333333334 0.28564453125 0.1597222222222222 0.28125 0.1545138888888889 0.27392578125 0.1675347222222222
0 0.365234375 0.2013888888888889 0.36279296875 0.20225694444444445 0.3642578125 0.21614583333333334 0.3759765625 0.2152777777777778 0.37841796875 0.2144097222222222 0.37939453125 0.2109375 0.37841796875 0.20225694444444445 0.365234375 0.2013888888888889
0 0.5751953125 0.6137152777777778 0.5751953125 0.6223958333333334 0.57763671875 0.625 0.5888671875 0.6267361111111112 0.59033203125 0.6223958333333334 0.58935546875 0.6163194444444444 0.5869140625 0.6137152777777778 0.5751953125 0.6137152777777778