0 0.41357421875 0.3168402777777778 0.4130859375 0.3246527777777778 0.416015625 0.3263888888888889 0.41796875 0.3237847222222222 0.41796875 0.3177083333333333 0.41357421875 0.3168402777777778
0 0.671875 0.7786458333333334 0.6708984375 0.7864583333333334 0.6748046875 0.7934027777777778 0.6796875 0.7951388888888888 0.6826171875 0.7907986111111112 0.68310546875 0.7786458333333334 0.68115234375 0.7751736111111112 0.67431640625 0.7743055555555556 0.671875 0.7786458333333334
0 0.8017578125 0.9548611111111112 0.802734375 0.9670138888888888 0.8056640625 0.9704861111111112 0.81103515625 0.96875 0.8125 0.9574652777777778 0.810546875 0.9522569444444444 0.80517578125 0.9496527777777778 0.8017578125 0.9548611111111112
0 0.35595703125 0.2708333333333333 0.35595703125 0.2786458333333333 0.359375 0.28125 0.36083984375 0.2786458333333333 0.36083984375 0.2725694444444444 0.359375 0.2682291666666667 0.35595703125 0.2708333333333333
0 0.40234375 0.09635416666666667 0.40234375 0.11371527777777778 0.4072265625 0.12152777777777778 0.40966796875 0.1189236111111111 0.4111328125 0.109375 0.40966796875 0.09722222222222222 0.408203125 0.09461805555555555 0.40234375 0.09635416666666667
0 0.3212890625 0.5234375 0.3193359375 0.5251736111111112 0.3193359375 0.5364583333333334 0.3232421875 0.5407986111111112 0.330078125 0.5407986111111112 0.3310546875 0.5347222222222222 0.32861328125 0.5286458333333334 0.32470703125 0.5234375 0.3212890625 0.5234375
0 0.302734375 0.2378472222222222 0.302734375 0.2552083333333333 0.310546875 0.2569444444444444 0.3125 0.24739583333333334 0.3125 0.2326388888888889 0.310546875 0.2265625 0.3056640625 0.2265625 0.302734375 0.2378472222222222
0 0.25927734375 0.3897569444444444 0.2568359375 0.3940972222222222 0.2568359375 0.3993055555555556 0.26611328125 0.4157986111111111 0.2705078125 0.4166666666666667 0.27197265625 0.4079861111111111 0.26806640625 0.3949652777777778 0.26513671875 0.3897569444444444 0.25927734375 0.3897569444444444
0 0.6015625 0.4696180555555556 0.60107421875 0.4748263888888889 0.603515625 0.4887152777777778 0.609375 0.4887152777777778 0.61767578125 0.4835069444444444 0.61669921875 0.4644097222222222 0.6064453125 0.4661458333333333 0.6015625 0.4696180555555556
0 0.56591796875 0.5694444444444444 0.564453125 0.5746527777777778 0.564453125 0.5859375 0.5693359375 0.5946180555555556 0.57470703125 0.5946180555555556 0.57763671875 0.5902777777777778 0.57958984375 0.5815972222222222 0.57861328125 0.5729166666666666 0.57568359375 0.5685763888888888 0.56591796875 0.5694444444444444
0 0.509765625 0.6597222222222222 0.509765625 0.6770833333333334 0.51171875 0.6805555555555556 0.51806640625 0.6805555555555556 0.5205078125 0.6753472222222222 0.5205078125 0.6631944444444444 0.51513671875 0.6571180555555556 0.509765625 0.6597222222222222
0 0.37158203125 0.8914930555555556 0.37158203125 0.8993055555555556 0.37353515625 0.9027777777777778 0.3759765625 0.9027777777777778 0.37841796875 0.8958333333333334 0.376953125 0.8914930555555556 0.37158203125 0.8914930555555556
0 0.70654296875 0.6814236111111112 0.7060546875 0.6892361111111112 0.70947265625 0.6979166666666666 0.71630859375 0.6979166666666666 0.72021484375 0.6927083333333334 0.7197265625 0.6770833333333334 0.716796875 0.6744791666666666 0.7109375 0.6727430555555556 0.70654296875 0.6814236111111112