0 0.6390625 0.721875 0.6359375 0.75625 0.64375 0.7609375 0.6484375 0.7296875 0.6390625 0.721875
0 0.68125 0.58125 0.6796875 0.59375 0.690625 0.6 0.690625 0.5875 0.68125 0.58125
0 0.76875 0.8078125 0.7671875 0.8234375 0.7734375 0.825 0.76875 0.815625 0.775 0.8109375 0.76875 0.8078125
0 0.40625 0.040625 0.4 0.040625 0.4046875 0.05 0.40625 0.040625
0 0.8171875 0.6515625 0.815625 0.6625 0.8234375 0.671875 0.8234375 0.6546875 0.8171875 0.6515625
0 0.7875 0.3484375 0.7875 0.359375 0.7984375 0.3609375 0.7984375 0.3515625 0.7875 0.3484375
0 0.6375 0.7234375 0.6359375 0.7453125 0.6421875 0.75 0.6453125 0.7296875 0.64375 0.7234375 0.6375 0.7234375
0 0.7375 0.6125 0.7359375 0.6171875 0.74375 0.6234375 0.7359375 0.6296875 0.7421875 0.634375 0.7453125 0.625 0.7421875 0.6140625 0.7375 0.6125
0 0.68125 0.5765625 0.6796875 0.615625 0.6875 0.6234375 0.69375 0.61875 0.69375 0.5859375 0.68125 0.5765625
0 0.7515625 0.4265625 0.7484375 0.4359375 0.7546875 0.4390625 0.759375 0.4359375 0.759375 0.4265625 0.7515625 0.4265625
0 0.8859375 0.51875 0.8875 0.53125 0.8859375 0.51875
0 0.6671875 0.63125 0.6484375 0.63125 0.6484375 0.6421875 0.6625 0.6421875 0.66875 0.6359375 0.6671875 0.63125
0 0.675 0.9296875 0.66875 0.9296875 0.66875 0.9484375 0.6734375 0.9515625 0.675 0.9296875