0 0.98359375 0.2328125 0.0078125 0.00625
0 0.3265625 0.6734375 0.31875 0.6796875 0.340625 0.6796875 0.3390625 0.6734375 0.3265625 0.6734375
0 0.0046875 0.5140625 0.00625 0.5234375 0.025 0.5234375 0.0296875 0.51875 0.0234375 0.5125 0.0046875 0.5140625
0 0.36875 0.5828125 0.3625 0.5859375 0.3640625 0.59375 0.375 0.590625 0.375 0.5828125 0.36875 0.5828125
0 0.6625 0.6375 0.6609375 0.65 0.6671875 0.6515625 0.6625 0.6421875 0.66875 0.6390625 0.6625 0.6375
0 0.1171875 0.2203125 0.109375 0.2234375 0.109375 0.2296875 0.1234375 0.234375 0.125 0.2234375 0.1171875 0.2203125
0 0.95625 0.225 0.9546875 0.23125 0.9671875 0.23125 0.9671875 0.225 0.95625 0.225
0 0.146875 0.6203125 0.1453125 0.6296875 0.15625 0.621875 0.1625 0.6296875 0.15625 0.6203125 0.146875 0.6203125
0 0.3484375 0.4921875 0.3484375 0.5046875 0.359375 0.50625 0.359375 0.496875 0.3484375 0.4921875
0 0.25625 0.4796875 0.23125 0.4796875 0.23125 0.4875 0.25625 0.4875 0.25625 0.4796875
0 0.7390625 0.15 0.7375 0.15625 0.7421875 0.15625 0.7390625 0.15
0 0.3734375 0.528125 0.375 0.5375 0.4109375 0.5375 0.4171875 0.53125 0.415625 0.525 0.4046875 0.5203125 0.3734375 0.528125
0 0.9890625 0.2359375 0.9875 0.24375 0.9984375 0.24375 0.9984375 0.2375 0.9890625 0.2359375
0 0.5734375 0.596875 0.575 0.60625 0.5859375 0.6046875 0.5859375 0.6 0.5734375 0.596875
0 0.4 0.525 0.39375 0.5359375 0.4109375 0.5375 0.415625 0.53125 0.409375 0.5234375 0.4 0.525
0 0.4875 0.75 0.4734375 0.75 0.4734375 0.7546875 0.4859375 0.7546875 0.4875 0.75