0 0.309375 0.2796875 0.30625 0.3015625 0.3125 0.3 0.309375 0.2796875
0 0.2203125 0.2375 0.21875 0.2484375 0.225 0.25 0.2296875 0.23125 0.2203125 0.2375
0 0.3015625 0.2125 0.3 0.215625 0.309375 0.21875 0.3015625 0.2296875 0.3109375 0.2171875 0.3078125 0.209375 0.3015625 0.2125
0 0.21875 0.7109375 0.2171875 0.721875 0.225 0.725 0.2265625 0.7140625 0.21875 0.7109375
0 0.3546875 0.01875 0.3546875 0.03125 0.3609375 0.028125 0.3609375 0.01875 0.3546875 0.01875
0 0.2203125 0.5515625 0.215625 0.55625 0.21875 0.56875 0.2265625 0.5625 0.225 0.5515625 0.2203125 0.5515625
0 0.3171875 0.4609375 0.3140625 0.4734375 0.321875 0.475 0.3234375 0.4625 0.3171875 0.4609375
0 0.2640625 0.209375 0.2625 0.2234375 0.26875 0.225 0.26875 0.209375 0.2640625 0.209375
0 0.31875 0.5828125 0.3125 0.5828125 0.3125 0.5953125 0.3234375 0.5984375 0.3234375 0.5859375 0.31875 0.5828125
0 0.3234375 0.775 0.3171875 0.78125 0.3171875 0.796875 0.321875 0.8015625 0.33125 0.79375 0.33125 0.78125 0.3234375 0.775
0 0.2265625 0.3546875 0.225 0.3734375 0.23125 0.375 0.234375 0.35625 0.2265625 0.3546875
0 0.225 0.8859375 0.21875 0.8859375 0.21875 0.896875 0.225 0.90625 0.23125 0.8984375 0.225 0.8859375