0 0.697265625 0.3993055555555556 0.6943359375 0.4045138888888889 0.6943359375 0.4166666666666667 0.69921875 0.4244791666666667 0.7021484375 0.4244791666666667 0.70556640625 0.4184027777777778 0.70751953125 0.4088541666666667 0.70458984375 0.3993055555555556 0.697265625 0.3993055555555556
0 0.70556640625 0.5182291666666666 0.70458984375 0.5286458333333334 0.7060546875 0.5338541666666666 0.712890625 0.5338541666666666 0.71630859375 0.5286458333333334 0.716796875 0.5243055555555556 0.71435546875 0.5147569444444444 0.70947265625 0.5138888888888888 0.70556640625 0.5182291666666666
0 0.552734375 0.4904513888888889 0.552734375 0.5017361111111112 0.5576171875 0.5095486111111112 0.56298828125 0.5095486111111112 0.56640625 0.5026041666666666 0.56640625 0.4887152777777778 0.56298828125 0.4835069444444444 0.55712890625 0.4835069444444444 0.552734375 0.4904513888888889
0 0.34814453125 0.75 0.34814453125 0.7604166666666666 0.3515625 0.765625 0.36181640625 0.7560763888888888 0.36181640625 0.7508680555555556 0.359375 0.7473958333333334 0.34814453125 0.75
0 0.9384765625 0.6623263888888888 0.93603515625 0.6666666666666666 0.9365234375 0.6753472222222222 0.93896484375 0.6796875 0.9443359375 0.6805555555555556 0.947265625 0.6753472222222222 0.9462890625 0.6666666666666666 0.9443359375 0.6623263888888888 0.9384765625 0.6623263888888888
0 0.2490234375 0.7222222222222222 0.24853515625 0.734375 0.2509765625 0.7378472222222222 0.26416015625 0.7378472222222222 0.26611328125 0.7335069444444444 0.26513671875 0.7248263888888888 0.25634765625 0.7213541666666666 0.2490234375 0.7222222222222222
0 0.24951171875 0.3220486111111111 0.24853515625 0.3272569444444444 0.2509765625 0.3350694444444444 0.2578125 0.34375 0.26171875 0.3411458333333333 0.26171875 0.3272569444444444 0.25439453125 0.3194444444444444 0.24951171875 0.3220486111111111
0 0.3447265625 0.4800347222222222 0.341796875 0.4800347222222222 0.341796875 0.4895833333333333 0.3447265625 0.4887152777777778 0.3447265625 0.4800347222222222
0 0.34423828125 0.9027777777777778 0.3427734375 0.9036458333333334 0.3427734375 0.9071180555555556 0.3447265625 0.9123263888888888 0.34814453125 0.9123263888888888 0.34765625 0.9045138888888888 0.34423828125 0.9027777777777778
0 0.22216796875 0.5425347222222222 0.220703125 0.546875 0.2275390625 0.5677083333333334 0.23388671875 0.5677083333333334 0.236328125 0.5625 0.234375 0.5538194444444444 0.22802734375 0.5407986111111112 0.22216796875 0.5425347222222222
0 0.35400390625 0.015625 0.3515625 0.024305555555555556 0.35595703125 0.033854166666666664 0.35986328125 0.033854166666666664 0.36474609375 0.019965277777777776 0.3642578125 0.0078125 0.35888671875 0.003472222222222222 0.35400390625 0.015625
0 0.85888671875 0.5 0.8583984375 0.5078125 0.86181640625 0.5147569444444444 0.8671875 0.5138888888888888 0.86962890625 0.5069444444444444 0.8671875 0.4973958333333333 0.861328125 0.4973958333333333 0.85888671875 0.5
0 0.5439453125 0.6232638888888888 0.5439453125 0.6345486111111112 0.54736328125 0.6397569444444444 0.55224609375 0.640625 0.5556640625 0.6354166666666666 0.55517578125 0.6223958333333334 0.55224609375 0.6189236111111112 0.54736328125 0.6189236111111112 0.5439453125 0.6232638888888888
0 0.31298828125 0.0026041666666666665 0.3134765625 0.022569444444444444 0.31640625 0.027777777777777776 0.31884765625 0.027777777777777776 0.32177734375 0.0234375 0.3212890625 0.016493055555555556 0.31689453125 0.001736111111111111 0.3134765625 0 0.31298828125 0.0026041666666666665
0 0.54150390625 0.3732638888888889 0.541015625 0.3810763888888889 0.546875 0.3888888888888889 0.5498046875 0.3897569444444444 0.55712890625 0.3723958333333333 0.55712890625 0.3680555555555556 0.55224609375 0.3602430555555556 0.546875 0.359375 0.54150390625 0.3732638888888889
0 0.5263671875 0.9670138888888888 0.52685546875 0.9739583333333334 0.53173828125 0.9739583333333334 0.5322265625 0.9661458333333334 0.5263671875 0.9670138888888888