0 0.5578125 0.6625 0.5515625 0.675 0.5546875 0.68125 0.5625 0.6796875 0.571875 0.659375 0.565625 0.65625 0.5578125 0.6625
0 0.003125 0.5640625 0 0.603125 0.0078125 0.609375 0.0171875 0.609375 0.0234375 0.56875 0.0171875 0.5625 0.003125 0.5640625
0 0.29375 0.3 0.2859375 0.3 0.2875 0.309375 0.3046875 0.3125 0.303125 0.3234375 0.30625 0.3125 0.29375 0.3
0 0.440625 0.8625 0.4375 0.88125 0.446875 0.8796875 0.4578125 0.8625 0.45 0.8546875 0.440625 0.8625
0 0.725 0.8859375 0.71875 0.8859375 0.71875 0.89375 0.725 0.90625 0.7359375 0.9109375 0.7375 0.8984375 0.725 0.8859375
0 0.503125 0.59375 0.4984375 0.6046875 0.5046875 0.6140625 0.5171875 0.5984375 0.5171875 0.5875 0.5109375 0.5859375 0.503125 0.59375
0 0.878125 0.98125 0.878125 0.9984375 0.8859375 0.9984375 0.8953125 0.9875 0.8984375 0.9734375 0.89375 0.96875 0.878125 0.98125
0 0.2125 0.909375 0.2109375 0.9171875 0.221875 0.9265625 0.2140625 0.9203125 0.2234375 0.9125 0.2125 0.909375
0 0.4125 0.6 0.4125 0.6125 0.434375 0.6109375 0.434375 0.6 0.4125 0.6
0 0.5796875 0.7921875 0.5734375 0.7921875 0.5734375 0.8359375 0.5796875 0.8359375 0.58125 0.83125 0.5796875 0.7921875
0 0.55625 0.965625 0.55 0.9984375 0.5546875 0.9984375 0.565625 0.978125 0.5625 0.96875 0.55625 0.965625
0 0.2703125 0.4640625 0.26875 0.46875 0.275 0.4734375 0.29375 0.4734375 0.290625 0.4625 0.2703125 0.4640625
0 0.65 0.7 0.6484375 0.7109375 0.659375 0.7109375 0.665625 0.6875 0.6609375 0.6859375 0.65 0.7