0 0.83125 0.4828125 0.8265625 0.4921875 0.8484375 0.49375 0.8421875 0.48125 0.83125 0.4828125
0 0.4703125 0.6921875 0.4734375 0.6984375 0.48125 0.6984375 0.4875 0.6875 0.4703125 0.6921875
0 0.7265625 0.7 0.725 0.7109375 0.7375 0.7109375 0.7390625 0.7 0.7265625 0.7
0 0.9359375 0.6 0.9265625 0.6 0.9265625 0.6109375 0.940625 0.6109375 0.9359375 0.6
0 0.334375 0.8796875 0.3328125 0.8859375 0.3484375 0.8859375 0.34375 0.878125 0.334375 0.8796875
0 0.4703125 0.9234375 0.46875 0.9296875 0.4890625 0.9265625 0.4703125 0.9234375
0 0.5203125 0.8171875 0.5203125 0.825 0.53125 0.8234375 0.53125 0.815625 0.5203125 0.8171875
0 0.2375 0.8484375 0.2359375 0.85625 0.240625 0.859375 0.2546875 0.859375 0.2609375 0.8546875 0.259375 0.8484375 0.2375 0.8484375
0 0.2375 0.8484375 0.2359375 0.859375 0.2421875 0.8609375 0.259375 0.8609375 0.2734375 0.85 0.26875 0.8421875 0.24375 0.84375 0.2375 0.8484375
0 0.48125 0.56875 0.48125 0.5765625 0.4859375 0.56875 0.4921875 0.5765625 0.5 0.5734375 0.496875 0.5671875 0.48125 0.56875
0 0.4375 0.5859375 0.434375 0.59375 0.4390625 0.5984375 0.4546875 0.5984375 0.45625 0.59375 0.4375 0.5859375
0 0.2375 0.8015625 0.2359375 0.8140625 0.2484375 0.8171875 0.25 0.8046875 0.2375 0.8015625
0 0.2125 0.96875 0.2109375 0.9796875 0.2234375 0.984375 0.2265625 0.975 0.2125 0.96875
0 0.4796875 0.59375 0.475 0.6 0.4859375 0.609375 0.5 0.6 0.49375 0.5890625 0.4796875 0.59375
0 0.4046875 0.3484375 0.3953125 0.3546875 0.4 0.3671875 0.425 0.3671875 0.4359375 0.3609375 0.4359375 0.353125 0.4203125 0.34375 0.4046875 0.3484375
0 0.5125 0.4484375 0.5125 0.4578125 0.5296875 0.4515625 0.5125 0.4484375
0 0.575 0.5578125 0.5734375 0.5671875 0.5859375 0.571875 0.5890625 0.5578125 0.575 0.5578125
0 0.284375 0.7515625 0.2859375 0.7609375 0.2953125 0.7609375 0.30625 0.75 0.303125 0.7484375 0.2984375 0.7578125 0.2921875 0.7484375 0.284375 0.7515625