0 0.8609375 0.18125 0.8640625 0.2046875 0.86875 0.19375 0.8671875 0.184375 0.8609375 0.18125
0 0.5578125 0.5890625 0.5546875 0.609375 0.56875 0.59375 0.5625 0.5859375 0.5578125 0.5890625
0 0.4375 0.6203125 0.4359375 0.6421875 0.4421875 0.64375 0.4421875 0.6234375 0.4375 0.6203125
0 0.728125 0.60625 0.725 0.625 0.7296875 0.625 0.7375 0.6125 0.7359375 0.6046875 0.728125 0.60625
0 0.6453125 0.38125 0.64375 0.3984375 0.65 0.4 0.6546875 0.3859375 0.65 0.3796875 0.6453125 0.38125
0 0.54375 0.49375 0.5375 0.49375 0.540625 0.51875 0.546875 0.509375 0.54375 0.49375
0 0.553125 0.8953125 0.5515625 0.909375 0.565625 0.9109375 0.5625 0.89375 0.553125 0.8953125
0 0.69375 0.878125 0.6875 0.884375 0.6875 0.89375 0.6984375 0.8890625 0.6984375 0.878125 0.69375 0.878125
0 0.6515625 0.1609375 0.65 0.1734375 0.65625 0.178125 0.6625 0.1578125 0.65625 0.1546875 0.6515625 0.1609375
0 0.73125 0.0265625 0.7375 0.0328125 0.7296875 0.03828125 0.7296875 0.0484375 0.7375 0.05 0.7421875 0.040625 0.7375 0.025 0.73125 0.0265625
0 0.7296875 0.0265625 0.725 0.0375 0.725 0.0671875 0.7375 0.0703125 0.7421875 0.0359375 0.7359375 0.025 0.7296875 0.0265625
0 0.9625 0.0875 0.9609375 0.10625 0.9671875 0.1 0.9671875 0.0890625 0.9625 0.0875
0 0.6875 0.0671875 0.6875 0.0796875 0.6984375 0.0796875 0.6984375 0.0671875 0.6875 0.0671875
0 0.78125 0.0921875 0.78125 0.10625 0.7875 0.1109375 0.7921875 0.096875 0.78125 0.0921875
0 0.5484375 0.434375 0.5421875 0.434375 0.5421875 0.44375 0.55 0.4515625 0.5546875 0.4421875 0.5484375 0.434375
0 0.775 0.31875 0.7734375 0.3296875 0.7828125 0.3328125 0.7859375 0.31875 0.78125 0.3140625 0.775 0.31875