0 0.4796875 0.7609375 0.478125 0.7703125 0.484375 0.775 0.4796875 0.784375 0.4859375 0.7734375 0.4796875 0.76875 0.4859375 0.7625 0.4796875 0.7609375
0 0.15625 0.55625 0.1546875 0.5671875 0.1609375 0.5734375 0.1671875 0.5671875 0.1671875 0.5578125 0.15625 0.55625
0 0.3875 0.6375 0.3859375 0.6546875 0.39375 0.65625 0.39375 0.6421875 0.3875 0.6375
0 0.15625 0.39375 0.1546875 0.4171875 0.1671875 0.40625 0.15625 0.39375
0 0.0421875 0.3734375 0.0359375 0.375 0.04375 0.3828125 0.04375 0.3890625 0.0359375 0.3859375 0.0421875 0.39375 0.0375 0.3984375 0.046875 0.3859375 0.0421875 0.3734375
0 0.3625 0.9328125 0.35625 0.94375 0.359375 0.95625 0.3640625 0.95625 0.3671875 0.946875 0.359375 0.9421875 0.3671875 0.9359375 0.3625 0.9328125
0 0.4046875 0.8671875 0.403125 0.88125 0.4125 0.88125 0.4125 0.86875 0.4046875 0.8671875
0 0.2796875 0.815625 0.278125 0.8359375 0.2859375 0.8390625 0.2859375 0.81875 0.2796875 0.815625
0 0.2546875 0.5859375 0.2515625 0.6 0.2609375 0.6125 0.2609375 0.59375 0.2546875 0.5859375
0 0.1328125 0.0875 0.1296875 0.1046875 0.1421875 0.1046875 0.1421875 0.0875 0.1328125 0.0875
0 0.15 0.4921875 0.146875 0.5078125 0.1546875 0.5109375 0.15625 0.496875 0.15 0.4921875
0 0.05 0.9171875 0.0421875 0.925 0.05 0.9359375 0.0421875 0.9390625 0.0609375 0.940625 0.0546875 0.9484375 0.0609375 0.94375 0.0671875 0.925 0.0609375 0.9171875 0.05 0.9171875
0 0.2703125 0.0875 0.26875 0.0984375 0.278125 0.1046875 0.28125 0.0890625 0.2703125 0.0875
0 0.3140625 0.9109375 0.3140625 0.921875 0.3234375 0.9234375 0.325 0.9078125 0.3140625 0.9109375
0 0.3234375 0.3546875 0.321875 0.371875 0.3296875 0.375 0.33125 0.3609375 0.3234375 0.3546875