0 0.725 0.3015625 0.7140625 0.3171875 0.725 0.31875 0.7375 0.3125 0.7359375 0.3015625 0.725 0.3015625
0 0.575 0.5828125 0.56875 0.59375 0.5765625 0.603125 0.56875 0.60625 0.571875 0.6109375 0.58125 0.5984375 0.5828125 0.5921875 0.5734375 0.5890625 0.58125 0.5765625 0.575 0.5828125
0 0.7296875 0.56875 0.71875 0.58125 0.721875 0.59375 0.7375 0.575 0.7375 0.56875 0.7296875 0.56875
0 0.6375 0.3984375 0.63125 0.4 0.63125 0.4046875 0.6515625 0.4171875 0.6546875 0.40625 0.6375 0.3984375
0 0.475 0.93125 0.4734375 0.9390625 0.4796875 0.9515625 0.4875 0.9546875 0.4796875 0.946875 0.4875 0.94609375 0.4859375 0.93125 0.475 0.93125
0 0.721875 0.959375 0.71875 0.9984375 0.725 0.9984375 0.7296875 0.9734375 0.728125 0.9609375 0.721875 0.959375
0 0.55 0.38125 0.54375 0.39375 0.5625 0.3921875 0.5609375 0.3796875 0.55 0.38125
0 0.8078125 0.9875 0.8046875 0.9984375 0.8109375 0.9984375 0.8078125 0.9875
0 0.6984375 0.696875 0.69375 0.7046875 0.69375 0.7359375 0.6984375 0.7359375 0.7046875 0.7140625 0.7046875 0.6984375 0.6984375 0.696875
0 0.6453125 0.125 0.6453125 0.146875 0.65 0.15625 0.65625 0.13125 0.6546875 0.1265625 0.6453125 0.125
0 0.7015625 0.4703125 0.7 0.484375 0.70625 0.4859375 0.721875 0.465625 0.71875 0.4578125 0.7125 0.4609375 0.7140625 0.4734375 0.7015625 0.4703125