0 0.58125 0.0671875 0.58125 0.0796875 0.5921875 0.075 0.5890625 0.0625 0.58125 0.0671875
0 0.38125 0.475 0.3796875 0.490625 0.3859375 0.4921875 0.3859375 0.475 0.38125 0.475
0 0.503125 0.03125 0.5 0.046875 0.5109375 0.0375 0.509375 0.028125 0.503125 0.03125
0 0.45 0.61875 0.4484375 0.6421875 0.45625 0.64375 0.4578125 0.625 0.45625 0.61875 0.45 0.61875
0 0.3984375 0.8703125 0.39375 0.8828125 0.4 0.8921875 0.4046875 0.878125 0.3984375 0.8703125
0 0.4171875 0.33125 0.4171875 0.34375 0.425 0.3453125 0.425 0.33125 0.4171875 0.33125
0 0.3 0.8078125 0.303125 0.825 0.3125 0.8171875 0.3125 0.8015625 0.3 0.8078125
0 0.496875 0.434375 0.49375 0.44375 0.5 0.4546875 0.5046875 0.4421875 0.496875 0.434375
0 0.5484375 0.0375 0.55 0.0515625 0.5546875 0.0359375 0.5484375 0.0375
0 0.3421875 0.8078125 0.3375 0.8171875 0.346875 0.825 0.340625 0.81875 0.3484375 0.8125 0.3421875 0.8078125
0 0.2546875 0.975 0.25 0.9796875 0.25 0.99375 0.25625 0.9984375 0.2609375 0.984375 0.2546875 0.975
0 0.53125 0.321875 0.5265625 0.3265625 0.5296875 0.3375 0.5375 0.325 0.53125 0.321875
0 0.475 0.153125 0.4734375 0.16875 0.4796875 0.16875 0.48125 0.1609375 0.475 0.1546875 0.48125 0.15 0.475 0.153125
0 0.2703125 0.8609375 0.26875 0.875 0.275 0.875 0.28125 0.85625 0.275 0.8546875 0.2703125 0.8609375
0 0.3421875 0.63125 0.34375 0.6515625 0.3484375 0.6421875 0.3421875 0.63125
0 0.5671875 0.140625 0.565625 0.15625 0.5703125 0.1578125 0.5734375 0.1375 0.5671875 0.140625