0 0.92724609375 0.9097222222222222 0.92529296875 0.9166666666666666 0.92724609375 0.9244791666666666 0.93115234375 0.9288194444444444 0.93603515625 0.9262152777777778 0.93798828125 0.921875 0.9375 0.9140625 0.93212890625 0.9079861111111112 0.92724609375 0.9097222222222222
0 0.4892578125 0.8975694444444444 0.490234375 0.90625 0.494140625 0.9071180555555556 0.49462890625 0.8993055555555556 0.49072265625 0.8958333333333334 0.4892578125 0.8975694444444444
0 0.42236328125 0.5329861111111112 0.42236328125 0.5460069444444444 0.43505859375 0.546875 0.435546875 0.5416666666666666 0.427734375 0.53125 0.4248046875 0.5295138888888888 0.42236328125 0.5329861111111112
0 0.3564453125 0.4045138888888889 0.3544921875 0.4123263888888889 0.35546875 0.4166666666666667 0.36474609375 0.4305555555555556 0.3681640625 0.4296875 0.3701171875 0.4253472222222222 0.36962890625 0.4184027777777778 0.361328125 0.4036458333333333 0.35888671875 0.4019097222222222 0.3564453125 0.4045138888888889
0 0.7880859375 0.7482638888888888 0.7880859375 0.7604166666666666 0.791015625 0.7647569444444444 0.79638671875 0.765625 0.7998046875 0.7604166666666666 0.80029296875 0.7508680555555556 0.798828125 0.7465277777777778 0.791015625 0.7439236111111112 0.7880859375 0.7482638888888888
0 0.61865234375 0.6519097222222222 0.6181640625 0.6623263888888888 0.62109375 0.6684027777777778 0.626953125 0.6701388888888888 0.62939453125 0.6666666666666666 0.62890625 0.6493055555555556 0.62109375 0.6475694444444444 0.61865234375 0.6519097222222222
0 0.8203125 0.6449652777777778 0.8193359375 0.6579861111111112 0.82275390625 0.6631944444444444 0.828125 0.6640625 0.8330078125 0.6597222222222222 0.833984375 0.6493055555555556 0.83056640625 0.640625 0.82470703125 0.6397569444444444 0.8203125 0.6449652777777778
0 0.44775390625 0.2743055555555556 0.44775390625 0.2821180555555556 0.45263671875 0.2829861111111111 0.45263671875 0.2725694444444444 0.44921875 0.2708333333333333 0.44775390625 0.2743055555555556
0 0.5078125 0.3151041666666667 0.5078125 0.3229166666666667 0.51171875 0.3220486111111111 0.51220703125 0.3142361111111111 0.5078125 0.3151041666666667
0 0.67431640625 0.5529513888888888 0.67236328125 0.5598958333333334 0.67431640625 0.5729166666666666 0.677734375 0.5772569444444444 0.685546875 0.5729166666666666 0.68798828125 0.5642361111111112 0.6875 0.5555555555555556 0.685546875 0.5512152777777778 0.6826171875 0.5477430555555556 0.67919921875 0.5477430555555556 0.67431640625 0.5529513888888888
0 0.39404296875 0.24305555555555555 0.3935546875 0.2612847222222222 0.39599609375 0.2647569444444444 0.4013671875 0.265625 0.4013671875 0.23524305555555555 0.39599609375 0.234375 0.39404296875 0.24305555555555555
0 0.49072265625 0.09114583333333333 0.490234375 0.11197916666666667 0.4931640625 0.11631944444444445 0.49560546875 0.11631944444444445 0.49853515625 0.109375 0.498046875 0.09114583333333333 0.49462890625 0.0876736111111111 0.49072265625 0.09114583333333333
0 0.7060546875 0.4444444444444444 0.7060546875 0.4548611111111111 0.70947265625 0.4661458333333333 0.7216796875 0.4600694444444444 0.72265625 0.4574652777777778 0.72265625 0.4453125 0.7197265625 0.4392361111111111 0.71142578125 0.4401041666666667 0.7060546875 0.4444444444444444