0 0.18125 0.5 0.1734375 0.5125 0.184375 0.51875 0.19375 0.5109375 0.19375 0.503125 0.18125 0.5
0 0.8640625 0.0765625 0.8546875 0.0859375 0.85625 0.09375 0.8734375 0.0859375 0.8734375 0.0765625 0.8640625 0.0765625
0 0.8015625 0.4921875 0.8125 0.50625 0.8 0.50625 0.8015625 0.509375 0.8078125 0.5171875 0.8171875 0.5171875 0.8125 0.5 0.8015625 0.4921875
0 0.88125 0.35625 0.86875 0.3640625 0.8703125 0.371875 0.8859375 0.3703125 0.8890625 0.359375 0.88125 0.35625
0 0.5125 0.91875 0.5125 0.9453125 0.528125 0.9484375 0.5375 0.9328125 0.534375 0.91875 0.5125 0.91875
0 0.403125 0.18125 0.4 0.1921875 0.40625 0.2125 0.4109375 0.2125 0.4109375 0.18125 0.403125 0.18125
0 0.6140625 0.2546875 0.6140625 0.26875 0.6203125 0.275 0.63125 0.275 0.625 0.2609375 0.6140625 0.2546875
0 0.09375 0.6453125 0.0921875 0.6578125 0.1 0.659375 0.1 0.646875 0.09375 0.6453125
0 0.6234375 0.33125 0.6203125 0.3484375 0.625 0.359375 0.6296875 0.359375 0.6296875 0.3328125 0.6234375 0.33125
0 0.8546875 0.434375 0.85 0.4375 0.853125 0.4484375 0.8671875 0.4484375 0.86875 0.4375 0.8546875 0.434375
0 0.5375 0.875 0.53125 0.8796875 0.53125 0.90625 0.5578125 0.8921875 0.56875 0.8796875 0.571875 0.8671875 0.5625 0.859375 0.5375 0.875
0 0.446875 0.2125 0.4421875 0.2171875 0.4421875 0.2296875 0.4484375 0.24375 0.45625 0.24375 0.4546875 0.2171875 0.446875 0.2125
0 0.2859375 0.6375 0.28125 0.6390625 0.2828125 0.6609375 0.290625 0.659375 0.2921875 0.6484375 0.2859375 0.6375
0 0.6515625 0.26875 0.6484375 0.2796875 0.65625 0.284375 0.6484375 0.2890625 0.6515625 0.2984375 0.6578125 0.2984375 0.65 0.290625 0.659375 0.2859375 0.65625 0.26875 0.6515625 0.26875
0 0.425 0.9265625 0.4234375 0.95 0.4359375 0.9609375 0.44375 0.9609375 0.4484375 0.9265625 0.4375 0.91875 0.425 0.9265625
0 0.8421875 0.3234375 0.8359375 0.3234375 0.8359375 0.3375 0.85 0.35 0.85 0.3328125 0.8421875 0.3234375
0 0.7015625 0.26875 0.6984375 0.2796875 0.7125 0.2921875 0.7140625 0.28125 0.7078125 0.2703125 0.7015625 0.26875
0 0.5921875 0.30625 0.5859375 0.30625 0.5859375 0.3171875 0.5890625 0.3296875 0.59375 0.33125 0.5921875 0.30625
0 0.5609375 0.4375 0.5578125 0.44375 0.5625 0.4484375 0.5890625 0.45625 0.634375 0.4546875 0.6296875 0.4421875 0.5609375 0.4375
0 0.7421875 0.278125 0.7375 0.278125 0.7375 0.3 0.7484375 0.30625 0.7484375 0.2859375 0.7421875 0.278125
0 0.4328125 0.284375 0.43125 0.3046875 0.434375 0.3125 0.440625 0.3140625 0.4421875 0.2859375 0.4328125 0.284375