0 0.05 0.45 0.0375 0.45625 0.0375 0.49375 0.0421875 0.5046875 0.0375 0.54375 0.05625 0.5875 0.065625 0.5890625 0.0875 0.575 0.0984375 0.58125 0.09375 0.525 0.075 0.5046875 0.0984375 0.475 0.0859375 0.46875 0.0609375 0.4703125 0.0546875 0.45 0.05 0.45
0 0.8875 0.075 0.8859375 0.0859375 0.8984375 0.0859375 0.909375 0.0671875 0.9015625 0.0609375 0.8875 0.075
0 0.56875 0.384375 0.5625 0.3875 0.56875 0.3984375 0.5859375 0.3953125 0.5859375 0.384375 0.56875 0.384375
0 0.734375 0.1421875 0.73125 0.1796875 0.7421875 0.1890625 0.7421875 0.1484375 0.734375 0.1421875
0 0.45 0.6859375 0.4375 0.6984375 0.4375 0.7078125 0.4421875 0.7109375 0.4515625 0.709375 0.4578125 0.696875 0.4578125 0.6875 0.45 0.6859375
0 0.04375 0.4515625 0.0375 0.4578125 0.0375 0.49375 0.040625 0.5046875 0.05 0.50625 0.0609375 0.49375 0.0609375 0.46875 0.05625 0.4515625 0.04375 0.4515625
0 0.4265625 0.5296875 0.41875 0.53125 0.421875 0.540625 0.4421875 0.540625 0.4421875 0.5296875 0.4265625 0.5296875
0 0.0515625 0.0375 0.05625 0.04375 0.05 0.05 0.0546875 0.05 0.0578125 0.0421875 0.0515625 0.0375
0 0.8171875 0.26875 0.8125 0.2796875 0.8203125 0.2953125 0.828125 0.3 0.8296875 0.28125 0.825 0.2703125 0.8171875 0.26875
0 0.35625 0.06875 0.3546875 0.0796875 0.359375 0.08125 0.371875 0.0671875 0.3640625 0.0609375 0.35625 0.06875
0 0.7140625 0.3046875 0.7140625 0.3171875 0.7203125 0.321875 0.7265625 0.3125 0.7328125 0.33125 0.7296875 0.3140625 0.721875 0.3046875 0.7140625 0.3046875
0 0.725 0 0.7171875 0 0.71875 0.0078125 0.725 0.00625 0.725 0
0 0.0703125 0.4671875 0.06875 0.50625 0.0984375 0.4796875 0.0984375 0.4734375 0.090625 0.46875 0.0703125 0.4671875
0 0.0890625 0.5203125 0.0859375 0.51875 0.0890625 0.525 0.0890625 0.5203125
0 0.071875 0.51015625 0.00625 0.0015625
0 0.0421875 0.5109375 0.0375 0.5203125 0.0375 0.54375 0.0609375 0.5921875 0.096875 0.571875 0.096875 0.5609375 0.0875 0.54375 0.09375 0.53125 0.0828125 0.5375 0.0765625 0.5359375 0.0609375 0.50625 0.0421875 0.5109375
0 0.6625 0.3796875 0.65625 0.3796875 0.65625 0.39375 0.6671875 0.4046875 0.675 0.4046875 0.6734375 0.3875 0.6625 0.3796875
0 0.59375 0.1015625 0.5921875 0.1171875 0.6 0.125 0.6109375 0.125 0.609375 0.1046875 0.59375 0.1015625
0 0.06875 0.50625 0.065625 0.5171875 0.0703125 0.5296875 0.0859375 0.55 0.09375 0.5515625 0.09375 0.5234375 0.0796875 0.50625 0.06875 0.50625
0 0.1375 0.4 0.1375 0.4453125 0.15 0.4484375 0.1609375 0.4421875 0.15625 0.4 0.1375 0.4