0 0.4109375 0.53125 0.39375 0.53125 0.39375 0.5375 0.415625 0.5359375 0.4109375 0.53125
0 0.003125 0.2828125 0 0.2921875 0.0109375 0.2921875 0.0109375 0.2828125 0.003125 0.2828125
0 0.30625 0.275 0.3046875 0.2796875 0.3125 0.2859375 0.3234375 0.2859375 0.3234375 0.2796875 0.30625 0.275
0 0.74375 0.50625 0.725 0.50625 0.725 0.5109375 0.746875 0.5140625 0.74375 0.50625
0 0.5796875 0.3484375 0.5765625 0.35625 0.5859375 0.3609375 0.5875 0.35 0.5796875 0.3484375
0 0.1625 0.084375 0.1640625 0.096875 0.1796875 0.0984375 0.178125 0.0890625 0.1625 0.084375
0 0.184375 0.4234375 0.18125 0.4265625 0.1875 0.4359375 0.1984375 0.43125 0.1984375 0.425 0.184375 0.4234375
0 0.8109375 0.01875 0.7984375 0.01875 0.7984375 0.028125 0.8125 0.03125 0.8109375 0.01875
0 0.3484375 0.05 0.34375 0.0515625 0.3453125 0.0578125 0.3609375 0.0625 0.3625 0.0515625 0.3484375 0.05
0 0.8859375 0.0859375 0.86875 0.0859375 0.86875 0.0921875 0.8890625 0.09375 0.8859375 0.0859375
0 0.40625 0.525 0.39375 0.53125 0.39375 0.5375 0.425 0.5375 0.425 0.525 0.40625 0.525
0 0.5828125 0.0546875 0.58125 0.065625 0.59375 0.06875 0.59375 0.0546875 0.5828125 0.0546875
0 0.7125 0.49375 0.7109375 0.5015625 0.721875 0.5046875 0.721875 0.496875 0.7125 0.49375