0 0.4625 0.26875 0.45625 0.2703125 0.45625 0.275 0.46875 0.28125 0.475 0.278125 0.4734375 0.2703125 0.4625 0.26875
0 0.50625 0.375 0.5046875 0.384375 0.5234375 0.3859375 0.5171875 0.3765625 0.50625 0.375
0 0.884375 0.5375 0.88125 0.5484375 0.89375 0.55 0.89375 0.5375 0.884375 0.5375
0 0.64375 0.5546875 0.6421875 0.565625 0.65625 0.5671875 0.65625 0.5546875 0.64375 0.5546875
0 0.04375 0.6171875 0.03125 0.6171875 0.03125 0.625 0.046875 0.628125 0.0484375 0.6203125 0.04375 0.6171875
0 0.09375 0.153125 0.1 0.1625 0.1171875 0.1609375 0.1125 0.1546875 0.09375 0.153125
0 0.80625 0.3734375 0.8015625 0.3796875 0.825 0.3796875 0.821875 0.371875 0.80625 0.3734375
0 0.2484375 0.58125 0.24375 0.5828125 0.24375 0.59375 0.2546875 0.59375 0.2546875 0.5828125 0.2484375 0.58125
0 0.421875 0.1328125 0.41875 0.1390625 0.4234375 0.1421875 0.428125 0.1328125 0.434375 0.1421875 0.4375 0.1375 0.4375 0.1328125 0.421875 0.1328125
0 0.975 0.246875 0.975 0.2546875 0.9921875 0.2546875 0.990625 0.2484375 0.975 0.246875
0 0.46875 0.5890625 0.46875 0.5984375 0.484375 0.596875 0.4828125 0.5875 0.46875 0.5890625
0 0.6296875 0.2359375 0.625 0.246875 0.6375 0.2484375 0.6375 0.2375 0.6296875 0.2359375
0 0.25 0.3015625 0.24375 0.3015625 0.24375 0.30625 0.2546875 0.3171875 0.2609375 0.30625 0.25 0.3015625