0 0.825 0.2609375 0.8125 0.2734375 0.81875 0.28125 0.853125 0.2859375 0.8640625 0.2828125 0.859375 0.275 0.825 0.2609375
0 0.7 0.4640625 0.7015625 0.4734375 0.725 0.4734375 0.7171875 0.4625 0.7 0.4640625
0 0.6140625 0.2796875 0.6140625 0.2859375 0.6390625 0.290625 0.6359375 0.28125 0.6265625 0.2796875 0.6171875 0.2859375 0.6140625 0.2796875
0 0.3921875 0.475 0.3890625 0.4796875 0.3953125 0.4859375 0.4109375 0.484375 0.4 0.4734375 0.3921875 0.475
0 0.0796875 0.1203125 0.075 0.1296875 0.0859375 0.1375 0.0921875 0.1234375 0.0796875 0.1203125
0 0.29375 0.33125 0.2921875 0.34375 0.30625 0.34375 0.30625 0.33125 0.29375 0.33125
0 0.7078125 0.24375 0.70625 0.2546875 0.7296875 0.2515625 0.7296875 0.24375 0.7078125 0.24375
0 0.5046875 0.1578125 0.5046875 0.16875 0.525 0.1671875 0.5234375 0.15625 0.5046875 0.1578125
0 0.90625 0.3359375 0.89375 0.3375 0.89375 0.34375 0.90625 0.3453125 0.915625 0.3375 0.9171875 0.3453125 0.9265625 0.3421875 0.9265625 0.3375 0.90625 0.3359375
0 0.7875 0.2359375 0.784375 0.25 0.7859375 0.2546875 0.7921875 0.2546875 0.8 0.240625 0.7875 0.2359375
0 0.440625 0.03125 0.4375 0.0421875 0.4484375 0.05 0.46875 0.05 0.475 0.040625 0.4859375 0.0375 0.4796875 0.025 0.4484375 0.025 0.440625 0.03125