0 0.4796875 0.34375 0.4734375 0.3546875 0.484375 0.3625 0.4796875 0.34375
0 0.353125 0.371875 0.35 0.3796875 0.35625 0.384375 0.3625 0.371875 0.359375 0.3671875 0.353125 0.371875
0 0.2875 0.0578125 0.2828125 0.0671875 0.2921875 0.0765625 0.29375 0.06875 0.2875 0.0578125
0 0.36875 0.7625 0.3671875 0.7734375 0.3734375 0.7734375 0.3765625 0.7625 0.36875 0.7625
0 0.2703125 0.3265625 0.26875 0.3328125 0.2734375 0.33125 0.2703125 0.3265625
0 0.284375 0.5109375 0.2796875 0.5109375 0.28125 0.51875 0.2859375 0.5171875 0.284375 0.5109375
0 0.53125 0.59375 0.53125 0.6125 0.5375 0.6125 0.5421875 0.6046875 0.53125 0.59375
0 0.2515625 0.54375 0.2546875 0.55625 0.25 0.5609375 0.2609375 0.5515625 0.2609375 0.5421875 0.2515625 0.54375
0 0.4546875 0.8046875 0.4515625 0.8125 0.4578125 0.81875 0.4546875 0.8046875
0 0.5515625 0.8046875 0.55 0.8125 0.5546875 0.815625 0.5609375 0.8109375 0.5625 0.8015625 0.5546875 0.8015625 0.5609375 0.7921875 0.5515625 0.8046875
0 0.4265625 0.1734375 0.425 0.1875 0.43125 0.1875 0.4359375 0.171875 0.43125 0.16875 0.4265625 0.1734375