0 0.89375 0.6 0.8921875 0.6125 0.8984375 0.6171875 0.9 0.6046875 0.89375 0.6
0 0.4890625 0.70625 0.4875 0.7203125 0.496875 0.7234375 0.4984375 0.7125 0.4890625 0.70625
0 0.8953125 0.7859375 0.8953125 0.8046875 0.90625 0.8125 0.909375 0.8 0.8953125 0.7859375
0 0.63125 0.575 0.6296875 0.596875 0.6359375 0.59375 0.6359375 0.575 0.63125 0.575
0 0.79375 0.78125 0.7875 0.7921875 0.7921875 0.8 0.8 0.7921875 0.790625 0.790625 0.79375 0.7828125 0.8 0.78125 0.79375 0.78125
0 0.41875 0.6984375 0.421875 0.703125 0.4171875 0.7125 0.425 0.71875 0.4265625 0.7078125 0.41875 0.6984375
0 0.5625 0.5625 0.5578125 0.5625 0.5578125 0.56875 0.5671875 0.5734375 0.56875 0.5671875 0.5625 0.5625
0 0.4171875 0.5515625 0.4171875 0.5703125 0.421875 0.5734375 0.425 0.5609375 0.4171875 0.5515625
0 0.4109375 0.625 0.409375 0.634375 0.4171875 0.6359375 0.4171875 0.625 0.4109375 0.625
0 0.4625 0.5578125 0.45625 0.5578125 0.45625 0.56875 0.4671875 0.571875 0.46875 0.5625 0.4625 0.5578125
0 0.9453125 0.83125 0.9375 0.83125 0.9375 0.8390625 0.9484375 0.846875 0.95 0.8375 0.9453125 0.83125
0 0.96875 0.565625 0.9640625 0.56875 0.9734375 0.5828125 0.975 0.5734375 0.96875 0.565625
0 0.9921875 0.6453125 0.9890625 0.6546875 0.9984375 0.659375 0.9984375 0.6484375 0.9921875 0.6453125
0 0.69375 0.7671875 0.6921875 0.78125 0.6984375 0.7765625 0.6984375 0.76875 0.69375 0.7671875
0 0.6046875 0.74375 0.6 0.74375 0.6 0.7609375 0.609375 0.7609375 0.6046875 0.74375
0 0.74375 0.5921875 0.7390625 0.6046875 0.746875 0.6125 0.75625 0.6046875 0.75625 0.5984375 0.75 0.5890625 0.74375 0.5921875
0 0.8859375 0.7171875 0.88125 0.721875 0.8890625 0.7265625 0.88125 0.73125 0.8859375 0.7359375 0.8921875 0.7234375 0.8859375 0.7171875