0 0.3734375 0.63125 0.3671875 0.63125 0.36875 0.6484375 0.375 0.6453125 0.3734375 0.63125
0 0.6109375 0.2515625 0.609375 0.26875 0.6140625 0.2734375 0.6109375 0.2515625
0 0.19375 0.7046875 0.1890625 0.7078125 0.19375 0.71875 0.203125 0.71875 0.2046875 0.7109375 0.19375 0.7046875
0 0.1484375 0.053125 0.146875 0.0671875 0.15625 0.06875 0.1484375 0.0609375 0.1578125 0.0546875 0.1484375 0.053125
0 0.49375 0.8046875 0.4890625 0.81875 0.496875 0.8234375 0.5 0.8125 0.4984375 0.8046875 0.49375 0.8046875
0 0.2421875 0.8953125 0.2375 0.9046875 0.2484375 0.9125 0.2484375 0.9 0.2421875 0.8953125
0 0.4375 0.0734375 0.4375 0.0859375 0.4421875 0.0859375 0.446875 0.075 0.4375 0.0734375
0 0.14375 0.2796875 0.1421875 0.296875 0.15 0.3 0.15 0.2796875 0.14375 0.2796875
0 0.36875 0.3265625 0.3625 0.3328125 0.371875 0.3390625 0.3640625 0.3484375 0.36875 0.3484375 0.3734375 0.3375 0.36875 0.3265625
0 0.178125 0.4625 0.175 0.46875 0.1859375 0.475 0.1875 0.465625 0.178125 0.4625
0 0.3125 0.9171875 0.3046875 0.9171875 0.3046875 0.9296875 0.3125 0.9296875 0.3125 0.9171875
0 0.509375 0.84375 0.50625 0.8484375 0.5109375 0.8546875 0.51875 0.8546875 0.5234375 0.84375 0.5203125 0.8375 0.509375 0.84375
0 0.50625 0.45625 0.503125 0.4671875 0.5109375 0.46875 0.5109375 0.4578125 0.50625 0.45625