0 0.65 0.296875 0.6453125 0.296875 0.6484375 0.3171875 0.6546875 0.3125 0.6546875 0.3 0.65 0.296875
0 0.8046875 0.0171875 0.8 0.0171875 0.80625 0.0234375 0.8 0.025 0.8046875 0.0375 0.8046875 0.0171875
0 0.75 0.175 0.7484375 0.1921875 0.7546875 0.1921875 0.75625 0.178125 0.75 0.175
0 0.56875 0.39375 0.5625 0.39375 0.5625 0.40625 0.5734375 0.4078125 0.575 0.4 0.56875 0.39375
0 0.571875 0.4484375 0.565625 0.459375 0.5734375 0.4671875 0.5765625 0.4515625 0.571875 0.4484375
0 0.7609375 0.7 0.75625 0.71875 0.7671875 0.7109375 0.7609375 0.7
0 0.6171875 0.0890625 0.6140625 0.1109375 0.61875 0.1171875 0.6171875 0.1125 0.625 0.109375 0.625 0.09375 0.6234375 0.0890625 0.6171875 0.0890625
0 0.6484375 0 0.63125 0 0.63125 0.0078125 0.640625 0.0078125 0.6484375 0
0 0.75 0.4515625 0.7453125 0.465625 0.7515625 0.4703125 0.75625 0.4578125 0.75 0.4546875 0.75625 0.45 0.75 0.4515625
0 0.503125 0.609375 0.5 0.628125 0.50625 0.6296875 0.503125 0.609375
0 0.6046875 0.51875 0.6 0.5234375 0.6 0.5421875 0.609375 0.534375 0.6109375 0.5234375 0.6046875 0.51875
0 0.6515625 0.784375 0.64375 0.784375 0.64375 0.7984375 0.6546875 0.796875 0.65625 0.7875 0.6515625 0.784375
0 0.471875 0.9609375 0.46875 0.971875 0.478125 0.975 0.4796875 0.9625 0.471875 0.9609375