0 0.85625 0.115625 0.8546875 0.13125 0.8609375 0.1328125 0.8625 0.11875 0.85625 0.115625
0 0.5296875 0.89375 0.51875 0.89375 0.5203125 0.90625 0.53125 0.9046875 0.5296875 0.89375
0 0.8734375 0.084375 0.8703125 0.0859375 0.875 0.09375 0.884375 0.0984375 0.8859375 0.0875 0.8734375 0.084375
0 0.86875 0.4796875 0.86875 0.4890625 0.875 0.4921875 0.88125 0.4875 0.88125 0.4796875 0.86875 0.4796875
0 0.603125 0.025 0.6 0.03125 0.60625 0.040625 0.6109375 0.025 0.603125 0.025
0 0.9859375 0.6796875 0.9796875 0.6796875 0.9796875 0.6984375 0.9875 0.6984375 0.9859375 0.6796875
0 0.5140625 0.6546875 0.5109375 0.671875 0.515625 0.6734375 0.5203125 0.66875 0.5203125 0.65625 0.5140625 0.6546875
0 0.8125 0.8703125 0.8046875 0.875 0.8046875 0.88125 0.8171875 0.8859375 0.81875 0.875 0.8125 0.8703125
0 0.675 0.00625 0.6671875 0.00625 0.6671875 0.0203125 0.675 0.0203125 0.675 0.00625
0 0.73125 0.29375 0.7296875 0.3125 0.7375 0.3125 0.7375 0.29375 0.73125 0.29375
0 0.5578125 0.225 0.5546875 0.234375 0.5671875 0.2359375 0.5671875 0.2265625 0.5578125 0.225
0 0.7359375 0.6046875 0.7296875 0.6046875 0.7296875 0.61875 0.7375 0.625 0.7359375 0.6046875
0 0.5484375 0.4734375 0.540625 0.4734375 0.54375 0.4875 0.55 0.4875 0.5484375 0.4734375