0 0.565625 0.528125 0.5625 0.534375 0.56875 0.540625 0.5625 0.5484375 0.5671875 0.55 0.571875 0.5375 0.565625 0.53125 0.571875 0.5265625 0.565625 0.528125
0 0.715625 0.64375 0.7109375 0.64375 0.7109375 0.6609375 0.71875 0.65625 0.715625 0.64375
0 0.484375 0.40625 0.48125 0.415625 0.4890625 0.4234375 0.49375 0.4109375 0.484375 0.40625
0 0.7609375 0.98125 0.7609375 0.9984375 0.76875 0.9984375 0.76875 0.98984375 0.7609375 0.9890625 0.76875 0.98125 0.7609375 0.98125
0 0.3140625 0.0421875 0.3125 0.05625 0.3171875 0.0625 0.321875 0.046875 0.3140625 0.0421875
0 0.61875 0.7625 0.6203125 0.784375 0.625 0.78125 0.625 0.76875 0.61875 0.7625
0 0.3796875 0.2125 0.3765625 0.2234375 0.3859375 0.2296875 0.3859375 0.2171875 0.3796875 0.2171875 0.3796875 0.2125
0 0.7125 0.9609375 0.7125 0.9734375 0.7234375 0.975 0.7234375 0.95625 0.7125 0.9609375
0 0.59375 0.3 0.5921875 0.3078125 0.5984375 0.3109375 0.59375 0.31875 0.6 0.309375 0.6 0.3 0.59375 0.3
0 0.7140625 0.53125 0.7125 0.5421875 0.71875 0.5484375 0.725 0.5375 0.7140625 0.53125
0 0.65 0.0671875 0.6484375 0.0859375 0.65625 0.0859375 0.659375 0.06875 0.65 0.0671875