0 0.625 0.2703125 0.625 0.2875 0.6296875 0.2875 0.63125 0.275 0.625 0.2703125
0 0.9 0.23125 0.8984375 0.2515625 0.90625 0.246875 0.90625 0.234375 0.9 0.23125
0 0.7640625 0.625 0.7625 0.6375 0.7703125 0.64375 0.7734375 0.6296875 0.7640625 0.625
0 0.3625 0.3375 0.3625 0.353125 0.371875 0.3421875 0.3703125 0.3359375 0.3625 0.3375
0 0.1078125 0.3421875 0.1 0.3421875 0.1 0.3609375 0.1046875 0.3640625 0.1109375 0.3625 0.1078125 0.3421875
0 0.9015625 0.7421875 0.9 0.7546875 0.9109375 0.75625 0.9109375 0.7484375 0.9015625 0.7421875
0 0.525 0.5125 0.5234375 0.515625 0.5328125 0.51875 0.5234375 0.5296875 0.5296875 0.5296875 0.534375 0.51875 0.525 0.5125
0 0.25 0.615625 0.2484375 0.628125 0.2546875 0.63125 0.259375 0.6140625 0.25 0.615625
0 0.2875 0.5125 0.2859375 0.5234375 0.290625 0.53125 0.296875 0.53125 0.296875 0.51875 0.2875 0.5125
0 0.18125 0.55 0.1734375 0.55 0.1734375 0.5609375 0.18125 0.5609375 0.18125 0.55
0 0.2359375 0.3625 0.2375 0.3796875 0.246875 0.3859375 0.2375 0.3765625 0.246875 0.375 0.24375 0.3640625 0.2359375 0.3625
0 0.1109375 0.5859375 0.1109375 0.596875 0.11875 0.6 0.1203125 0.5890625 0.1109375 0.5859375
0 0.3875 0.4078125 0.3859375 0.4171875 0.39375 0.4109375 0.3953125 0.4140625 0.39375 0.425 0.3984375 0.4171875 0.39375 0.4078125 0.3875 0.4078125
0 0.5671875 0.3125 0.5625 0.3171875 0.565625 0.3296875 0.5734375 0.3234375 0.571875 0.3140625 0.5671875 0.3125
0 0.1640625 0.775 0.1625 0.7875 0.16875 0.790625 0.175 0.7734375 0.16875 0.76875 0.1640625 0.775
0 0.6765625 0.525 0.66875 0.5375 0.66875 0.546875 0.68125 0.5421875 0.6765625 0.525
0 0.796875 0.4046875 0.7875 0.4 0.7875 0.4234375 0.7921875 0.425 0.796875 0.4171875 0.796875 0.4046875