0 0.6609375 0.21875 0.659375 0.23125 0.6640625 0.2359375 0.66875 0.21875 0.6609375 0.21875
0 0.0890625 0.35 0.0875 0.3640625 0.096875 0.3671875 0.1 0.35 0.0890625 0.35
0 0.853125 0.7625 0.85 0.78125 0.859375 0.7765625 0.859375 0.7671875 0.853125 0.7625
0 0.88125 0.634375 0.878125 0.646875 0.8859375 0.6484375 0.8890625 0.634375 0.88125 0.634375
0 0.5203125 0.4 0.51875 0.415625 0.5234375 0.4171875 0.53125 0.4 0.5265625 0.3953125 0.5203125 0.4
0 0.1890625 0.2 0.1890625 0.2234375 0.19375 0.2234375 0.2 0.2046875 0.1890625 0.2
0 0.3265625 0.7734375 0.3234375 0.796875 0.33125 0.8 0.33125 0.7796875 0.3265625 0.7734375
0 0.475 0.7625 0.4734375 0.7796875 0.4796875 0.78125 0.484375 0.76875 0.475 0.7625
0 0.1984375 0.725 0.19375 0.7328125 0.2046875 0.74375 0.20625 0.73125 0.1984375 0.725
0 0.3421875 0.44375 0.3375 0.45625 0.346875 0.4578125 0.3484375 0.44375 0.3421875 0.44375
0 0.4296875 0.15625 0.425 0.15625 0.425 0.1734375 0.43125 0.171875 0.4296875 0.15625
0 0.2125 0.2359375 0.209375 0.2484375 0.21875 0.2546875 0.2234375 0.2421875 0.2125 0.2359375
0 0.178125 0.6046875 0.175 0.6140625 0.18125 0.625 0.1859375 0.6140625 0.178125 0.6046875
0 0.5828125 0.8 0.5828125 0.8109375 0.59375 0.8125 0.59375 0.8 0.5828125 0.8
0 0.725 0.7390625 0.71875 0.7390625 0.71875 0.75625 0.7234375 0.7609375 0.728125 0.75625 0.725 0.7390625