0 0.43125 0.55625 0.425 0.5640625 0.425 0.5734375 0.434375 0.5734375 0.4421875 0.565625 0.4421875 0.55 0.43125 0.55625
0 0.1015625 0.5109375 0.1046875 0.540625 0.1109375 0.55 0.1421875 0.534375 0.1421875 0.5125 0.125 0.5203125 0.1171875 0.503125 0.1109375 0.5125 0.1015625 0.5109375
0 0.93125 0.1421875 0.925 0.1421875 0.94375 0.178125 0.9421875 0.15625 0.9375 0.1609375 0.9328125 0.1546875 0.9375 0.1484375 0.9296875 0.1515625 0.93125 0.1421875
0 0.2046875 0.35 0.2 0.35 0.2015625 0.359375 0.2046875 0.35
0 0.5765625 0.3234375 0.5734375 0.3421875 0.578125 0.3375 0.5765625 0.3296875 0.584375 0.3296875 0.5921875 0.3125 0.5828125 0.3125 0.5765625 0.3234375
0 0.375 0.6109375 0.3734375 0.6171875 0.38125 0.6234375 0.39375 0.6234375 0.39375 0.6125 0.375 0.6109375
0 0.25 0.6984375 0.24375 0.7015625 0.24375 0.7171875 0.2515625 0.7421875 0.25625 0.7421875 0.2625 0.7234375 0.2546875 0.6984375 0.25 0.6984375
0 0.15625 0.84375 0.146875 0.853125 0.15 0.8625 0.15625 0.85625 0.15625 0.84375
0 0.3921875 0.5171875 0.3890625 0.525 0.396875 0.5359375 0.4 0.534375 0.3921875 0.5265625 0.4 0.5234375 0.3921875 0.5171875
0 0.290625 0.728125 0.2875 0.7359375 0.3 0.7421875 0.3 0.7296875 0.290625 0.728125
0 0.171875 0.55625 0.16875 0.5859375 0.1734375 0.6 0.178125 0.6 0.18125 0.56875 0.171875 0.55625
0 0.4609375 0.5234375 0.4609375 0.5359375 0.478125 0.53125 0.478125 0.5234375 0.4609375 0.5234375
0 0.4625 0.403125 0.4578125 0.4046875 0.4578125 0.4109375 0.465625 0.4171875 0.4796875 0.4171875 0.478125 0.40625 0.4625 0.403125
0 0.5265625 0.3046875 0.5234375 0.321875 0.5296875 0.321875 0.5375 0.3125 0.5359375 0.3046875 0.5265625 0.3046875
0 0.225 0.8265625 0.2203125 0.83125 0.2203125 0.8421875 0.2359375 0.84375 0.240625 0.83125 0.225 0.8265625