0 0.87158203125 0.2560763888888889 0.87158203125 0.2638888888888889 0.87744140625 0.2664930555555556 0.88671875 0.2560763888888889 0.8896484375 0.24739583333333334 0.88671875 0.2421875 0.88134765625 0.24305555555555555 0.87158203125 0.2560763888888889
0 0.6923828125 0.8229166666666666 0.69189453125 0.8324652777777778 0.6982421875 0.8411458333333334 0.705078125 0.8394097222222222 0.70751953125 0.8324652777777778 0.70751953125 0.8229166666666666 0.70458984375 0.8159722222222222 0.6982421875 0.8151041666666666 0.6923828125 0.8229166666666666
0 0.8828125 0.3246527777777778 0.8818359375 0.3324652777777778 0.88525390625 0.3368055555555556 0.89501953125 0.3394097222222222 0.90087890625 0.3307291666666667 0.89892578125 0.3237847222222222 0.89013671875 0.3203125 0.88525390625 0.3203125 0.8828125 0.3246527777777778
0 0.478515625 0.3958333333333333 0.478515625 0.4088541666666667 0.4814453125 0.4210069444444444 0.48681640625 0.4210069444444444 0.48583984375 0.3975694444444444 0.484375 0.3940972222222222 0.478515625 0.3958333333333333
0 0.49365234375 0.5642361111111112 0.4931640625 0.5677083333333334 0.5009765625 0.5807291666666666 0.50439453125 0.5772569444444444 0.50341796875 0.5659722222222222 0.5009765625 0.5598958333333334 0.49755859375 0.5590277777777778 0.49365234375 0.5642361111111112
0 0.4453125 0.9123263888888888 0.4443359375 0.921875 0.44677734375 0.9253472222222222 0.44921875 0.921875 0.44921875 0.9157986111111112 0.4453125 0.9123263888888888
0 0.6328125 0.4583333333333333 0.63134765625 0.4652777777777778 0.63671875 0.4652777777777778 0.63671875 0.4618055555555556 0.6328125 0.4583333333333333
0 0.75439453125 0.7612847222222222 0.75439453125 0.7769097222222222 0.76513671875 0.7821180555555556 0.7705078125 0.7777777777777778 0.7705078125 0.7647569444444444 0.76806640625 0.7604166666666666 0.7568359375 0.7560763888888888 0.75439453125 0.7612847222222222
0 0.55859375 0.2977430555555556 0.55517578125 0.3055555555555556 0.55517578125 0.3098958333333333 0.55615234375 0.3133680555555556 0.56103515625 0.3159722222222222 0.56298828125 0.3142361111111111 0.568359375 0.2916666666666667 0.56689453125 0.2881944444444444 0.5634765625 0.2881944444444444 0.55859375 0.2977430555555556
0 0.62109375 0.8420138888888888 0.61962890625 0.8480902777777778 0.6201171875 0.859375 0.62255859375 0.8637152777777778 0.62841796875 0.8637152777777778 0.63134765625 0.8559027777777778 0.630859375 0.8463541666666666 0.62646484375 0.8402777777777778 0.62109375 0.8420138888888888
0 0.6826171875 0.2664930555555556 0.68212890625 0.2777777777777778 0.6875 0.2786458333333333 0.69384765625 0.2682291666666667 0.69384765625 0.2612847222222222 0.69140625 0.2578125 0.6884765625 0.2578125 0.6826171875 0.2664930555555556