0 0.86474609375 0.0954861111111111 0.865234375 0.10416666666666667 0.8759765625 0.1076388888888889 0.88134765625 0.10069444444444445 0.88232421875 0.09461805555555555 0.88134765625 0.09114583333333333 0.8681640625 0.0876736111111111 0.86474609375 0.0954861111111111
0 0.67138671875 0.0390625 0.67138671875 0.050347222222222224 0.67724609375 0.051215277777777776 0.68212890625 0.0390625 0.6826171875 0.03298611111111111 0.6806640625 0.028645833333333332 0.6767578125 0.028645833333333332 0.67138671875 0.0390625
0 0.85595703125 0.025173611111111112 0.85400390625 0.028645833333333332 0.8544921875 0.034722222222222224 0.85595703125 0.03732638888888889 0.85986328125 0.03732638888888889 0.87060546875 0.024305555555555556 0.87109375 0.013888888888888888 0.86962890625 0.011284722222222222 0.8671875 0.012152777777777778 0.85595703125 0.025173611111111112
0 0.490234375 0.3289930555555556 0.48974609375 0.3350694444444444 0.4912109375 0.3385416666666667 0.49658203125 0.3454861111111111 0.50048828125 0.34375 0.498046875 0.3246527777777778 0.49462890625 0.3229166666666667 0.490234375 0.3289930555555556
0 0.4755859375 0.1640625 0.4755859375 0.1840277777777778 0.4765625 0.18836805555555555 0.48095703125 0.1909722222222222 0.48388671875 0.18836805555555555 0.48388671875 0.17708333333333334 0.4814453125 0.1623263888888889 0.478515625 0.1597222222222222 0.4755859375 0.1640625
0 0.61181640625 0.5946180555555556 0.6123046875 0.6111111111111112 0.61474609375 0.6137152777777778 0.61962890625 0.6128472222222222 0.62255859375 0.6050347222222222 0.62060546875 0.59375 0.61865234375 0.5911458333333334 0.6142578125 0.5911458333333334 0.61181640625 0.5946180555555556
0 0.68212890625 0.5729166666666666 0.68115234375 0.5815972222222222 0.68603515625 0.5902777777777778 0.6923828125 0.5894097222222222 0.69677734375 0.5824652777777778 0.697265625 0.5737847222222222 0.693359375 0.5659722222222222 0.68603515625 0.5659722222222222 0.68212890625 0.5729166666666666
0 0.771484375 0.7751736111111112 0.77099609375 0.7821180555555556 0.77490234375 0.7881944444444444 0.77978515625 0.7907986111111112 0.78515625 0.7847222222222222 0.78466796875 0.7725694444444444 0.77978515625 0.7664930555555556 0.77392578125 0.7699652777777778 0.771484375 0.7751736111111112
0 0.7177734375 0.8194444444444444 0.71728515625 0.8315972222222222 0.7216796875 0.8376736111111112 0.7265625 0.8368055555555556 0.728515625 0.8324652777777778 0.728515625 0.8246527777777778 0.72412109375 0.8177083333333334 0.7177734375 0.8194444444444444
0 0.5498046875 0.07378472222222222 0.54931640625 0.08333333333333333 0.55322265625 0.08940972222222222 0.55810546875 0.08246527777777778 0.56298828125 0.0642361111111111 0.560546875 0.059027777777777776 0.5576171875 0.059895833333333336 0.5498046875 0.07378472222222222
0 0.7421875 0.5147569444444444 0.74169921875 0.5277777777777778 0.74365234375 0.53125 0.7509765625 0.5338541666666666 0.75634765625 0.53125 0.7568359375 0.5147569444444444 0.74462890625 0.5095486111111112 0.74267578125 0.5104166666666666 0.7421875 0.5147569444444444