0 0.35205078125 0.8133680555555556 0.3486328125 0.8133680555555556 0.3486328125 0.8177083333333334 0.3515625 0.8237847222222222 0.353515625 0.8220486111111112 0.353515625 0.8159722222222222 0.35205078125 0.8133680555555556
0 0.734375 0.5815972222222222 0.73486328125 0.5954861111111112 0.74169921875 0.5963541666666666 0.74560546875 0.59375 0.74462890625 0.5772569444444444 0.7373046875 0.5772569444444444 0.734375 0.5815972222222222
0 0.88671875 0.6171875 0.884765625 0.6189236111111112 0.884765625 0.6267361111111112 0.88671875 0.6310763888888888 0.8916015625 0.6328125 0.89599609375 0.6276041666666666 0.89599609375 0.6206597222222222 0.89306640625 0.6163194444444444 0.88671875 0.6171875
0 0.32470703125 0.234375 0.326171875 0.24739583333333334 0.33056640625 0.2552083333333333 0.333984375 0.2552083333333333 0.33544921875 0.2517361111111111 0.33447265625 0.23524305555555555 0.3310546875 0.2309027777777778 0.3271484375 0.2309027777777778 0.32470703125 0.234375
0 0.37060546875 0.6710069444444444 0.37109375 0.6848958333333334 0.37744140625 0.6848958333333334 0.3828125 0.6796875 0.3828125 0.671875 0.373046875 0.6684027777777778 0.37060546875 0.6710069444444444
0 0.5927734375 0.5 0.59228515625 0.5104166666666666 0.595703125 0.5182291666666666 0.60107421875 0.5190972222222222 0.60595703125 0.5104166666666666 0.6064453125 0.5026041666666666 0.603515625 0.4939236111111111 0.5966796875 0.4930555555555556 0.5927734375 0.5
0 0.56884765625 0.6241319444444444 0.56884765625 0.6336805555555556 0.5712890625 0.6388888888888888 0.57568359375 0.640625 0.58056640625 0.6354166666666666 0.5791015625 0.6215277777777778 0.572265625 0.6189236111111112 0.56884765625 0.6241319444444444
0 0.2802734375 0.6085069444444444 0.27978515625 0.6223958333333334 0.28857421875 0.6267361111111112 0.29638671875 0.6258680555555556 0.29638671875 0.6145833333333334 0.2939453125 0.6102430555555556 0.28466796875 0.6041666666666666 0.2822265625 0.6041666666666666 0.2802734375 0.6085069444444444
0 0.2744140625 0.4314236111111111 0.2744140625 0.4392361111111111 0.27783203125 0.4557291666666667 0.28564453125 0.4574652777777778 0.287109375 0.4522569444444444 0.28173828125 0.4314236111111111 0.279296875 0.4288194444444444 0.2744140625 0.4314236111111111
0 0.39501953125 0.4140625 0.3935546875 0.4157986111111111 0.3935546875 0.4227430555555556 0.39794921875 0.421875 0.39794921875 0.4166666666666667 0.39501953125 0.4140625
0 0.3310546875 0.4244791666666667 0.3310546875 0.4322916666666667 0.33447265625 0.4340277777777778 0.33642578125 0.4305555555555556 0.3359375 0.4262152777777778 0.33447265625 0.4227430555555556 0.3310546875 0.4244791666666667
0 0.943359375 0.8020833333333334 0.94140625 0.8055555555555556 0.9423828125 0.8159722222222222 0.9462890625 0.8220486111111112 0.94970703125 0.8220486111111112 0.95263671875 0.8177083333333334 0.9521484375 0.8064236111111112 0.94970703125 0.8020833333333334 0.943359375 0.8020833333333334
0 0.6005859375 0.3732638888888889 0.59423828125 0.3880208333333333 0.59814453125 0.3993055555555556 0.60205078125 0.4001736111111111 0.609375 0.3897569444444444 0.61083984375 0.3819444444444444 0.60595703125 0.3706597222222222 0.6005859375 0.3732638888888889
0 0.73876953125 0.4670138888888889 0.7373046875 0.4704861111111111 0.7373046875 0.4800347222222222 0.740234375 0.4869791666666667 0.74560546875 0.4878472222222222 0.75048828125 0.4791666666666667 0.75 0.46875 0.74560546875 0.4626736111111111 0.74267578125 0.4626736111111111 0.73876953125 0.4670138888888889
0 0.5146484375 0.9392361111111112 0.513671875 0.9435763888888888 0.515625 0.9479166666666666 0.52099609375 0.9470486111111112 0.5205078125 0.9401041666666666 0.5146484375 0.9392361111111112