0 0.215625 0 0.2 0 0.2 0.00625 0.2109375 0.0125 0.215625 0
0 0.0421875 0.06875 0.040625 0.084375 0.046875 0.0875 0.05 0.075 0.0484375 0.06875 0.0421875 0.06875
0 0.3265625 0.01875 0.3265625 0.0421875 0.3328125 0.0421875 0.3328125 0.0203125 0.3265625 0.01875
0 0.340625 0.209375 0.3375 0.2296875 0.34375 0.23125 0.3453125 0.215625 0.340625 0.209375
0 0.13125 0.16875 0.13125 0.1921875 0.1375 0.1921875 0.1421875 0.1859375 0.1375 0.16875 0.13125 0.16875
0 0.0609375 0.15 0.0546875 0.15 0.0546875 0.15625 0.059375 0.1578125 0.0609375 0.15
0 0.240625 0.1953125 0.2359375 0.2046875 0.24375 0.215625 0.2484375 0.2 0.240625 0.1953125
0 0.0171875 0.1421875 0.0125 0.146875 0.0125 0.159375 0.01875 0.1625 0.0296875 0.153125 0.0296875 0.1421875 0.0265625 0.1359375 0.0171875 0.1421875
0 0.55625 0.0890625 0.5546875 0.1 0.5625 0.1046875 0.56875 0.0921875 0.5671875 0.08125 0.5625 0.0796875 0.55625 0.0890625
0 0.4015625 0.0359375 0.403125 0.046875 0.4109375 0.04375 0.4109375 0.034375 0.4015625 0.0359375
0 0.5359375 0.24375 0.5359375 0.2546875 0.54375 0.2546875 0.546875 0.2421875 0.5359375 0.24375
0 0.4578125 0.2203125 0.45625 0.2296875 0.4625 0.234375 0.46875 0.2296875 0.46875 0.2171875 0.4578125 0.2203125
0 0.5109375 0.0703125 0.5109375 0.084375 0.5234375 0.084375 0.5234375 0.0703125 0.5109375 0.0703125
0 0.55625 0.1609375 0.5546875 0.171875 0.5625 0.171875 0.565625 0.1609375 0.55625 0.1609375