0 0.93125 0.225 0.93125 0.240625 0.9390625 0.24375 0.940625 0.2234375 0.93125 0.225
0 0.340625 0.03125 0.3375 0.046875 0.3453125 0.0421875 0.3453125 0.03125 0.340625 0.03125
0 0.478125 0.63125 0.475 0.6421875 0.48125 0.64375 0.484375 0.63125 0.478125 0.63125
0 0.4578125 0.0234375 0.45625 0.0421875 0.4609375 0.04375 0.4671875 0.025 0.4578125 0.0234375
0 0.9421875 0.359375 0.940625 0.371875 0.953125 0.375 0.9546875 0.36875 0.946875 0.35625 0.9421875 0.359375
0 0.55 0.8734375 0.5421875 0.8734375 0.5421875 0.884375 0.55625 0.8859375 0.5578125 0.878125 0.55 0.8734375
0 0.2734375 0.503125 0.2703125 0.5234375 0.278125 0.5234375 0.2796875 0.5109375 0.2734375 0.503125
0 0.7203125 0.9484375 0.7125 0.9484375 0.7171875 0.96875 0.725 0.9671875 0.7203125 0.9484375
0 0.2984375 0.48125 0.2921875 0.4921875 0.3015625 0.490625 0.303125 0.5 0.2984375 0.48125
0 0.5921875 0.44375 0.5890625 0.45625 0.596875 0.465625 0.6 0.4546875 0.5921875 0.44375
0 0.30625 0.13125 0.3046875 0.15 0.3109375 0.15 0.3125 0.14375 0.30625 0.1359375 0.3125 0.1328125 0.30625 0.13125
0 0.2 0.3375 0.1953125 0.3375 0.1953125 0.3484375 0.2046875 0.3546875 0.2046875 0.3421875 0.2 0.3375
0 0.71875 0.925 0.7109375 0.9265625 0.7109375 0.95625 0.7140625 0.9671875 0.725 0.96875 0.7234375 0.9296875 0.71875 0.925
0 0.4375 0.3375 0.43125 0.34375 0.43125 0.353125 0.4421875 0.35625 0.4421875 0.340625 0.4375 0.3375
0 0.5921875 0.0859375 0.5890625 0.10625 0.59375 0.1109375 0.6 0.1046875 0.5921875 0.096875 0.6 0.09375 0.59375 0.08125 0.5921875 0.0859375
0 0.7 0.6578125 0.6984375 0.675 0.7046875 0.675 0.70625 0.6609375 0.7 0.6578125
0 0.2234375 0.69375 0.21875 0.70625 0.225 0.7171875 0.23125 0.7171875 0.2359375 0.6984375 0.2234375 0.69375
0 0.815625 0.1984375 0.8125 0.21875 0.81875 0.215625 0.815625 0.1984375
0 0.54375 0.8734375 0.5421875 0.884375 0.55 0.8859375 0.5515625 0.878125 0.54375 0.8734375
0 0.6984375 0.1015625 0.69375 0.115625 0.703125 0.11875 0.70625 0.10625 0.6984375 0.1015625