0 0.9171875 0.1375 0.9125 0.1421875 0.9203125 0.1421875 0.921875 0.146875 0.9125 0.1546875 0.921875 0.1609375 0.9234375 0.1484375 0.9171875 0.1375
0 0.5296875 0.9640625 0.5296875 0.9796875 0.540625 0.9796875 0.5375 0.9671875 0.5296875 0.9640625
0 0.5765625 0.25625 0.5765625 0.2703125 0.58125 0.2734375 0.5921875 0.2609375 0.5875 0.25625 0.5765625 0.25625
0 0.9359375 0.1046875 0.9328125 0.1109375 0.94375 0.1203125 0.9484375 0.11875 0.9484375 0.10625 0.9359375 0.1046875
0 0.7609375 0.6734375 0.7609375 0.690625 0.76875 0.69375 0.7703125 0.671875 0.7609375 0.6734375
0 0.8390625 0.9625 0.8359375 0.9734375 0.84375 0.978125 0.85 0.96875 0.8484375 0.9640625 0.8390625 0.9625
0 0.634375 0.0359375 0.63125 0.05 0.6390625 0.0515625 0.64375 0.0484375 0.64375 0.0375 0.634375 0.0359375
0 0.91875 0.54375 0.9171875 0.553125 0.928125 0.55625 0.9296875 0.54375 0.91875 0.54375
0 0.525 0.7140625 0.5234375 0.7375 0.528125 0.7375 0.53125 0.7171875 0.525 0.7140625
0 0.5625 0.5234375 0.5609375 0.5359375 0.5703125 0.5375 0.56875 0.525 0.5625 0.5234375
0 0.775 0.3375 0.76875 0.3375 0.7703125 0.359375 0.7765625 0.3546875 0.775 0.3375
0 0.70625 0.01875 0.70625 0.03125 0.71875 0.028125 0.70625 0.0234375 0.7171875 0.0125 0.70625 0.01875