0 0.8375 0.225 0.8359375 0.234375 0.8421875 0.234375 0.8484375 0.2234375 0.8546875 0.23125 0.859375 0.2265625 0.8546875 0.2203125 0.8375 0.225
0 0.4390625 0.39375 0.4375 0.40625 0.4484375 0.40625 0.4484375 0.3953125 0.4390625 0.39375
0 0.1125 0.1203125 0.1125 0.13125 0.11875 0.1234375 0.125 0.125 0.1234375 0.13125 0.1296875 0.1296875 0.128125 0.125 0.1125 0.1203125
0 0.8875 0.1109375 0.8859375 0.115625 0.8953125 0.1203125 0.90625 0.115625 0.90625 0.1109375 0.896875 0.1109375 0.89375 0.11875 0.8875 0.1109375
0 0.30625 0.05 0.3 0.05625 0.3 0.0671875 0.30625 0.0671875 0.3171875 0.05625 0.3171875 0.05 0.30625 0.05
0 0.5203125 0.2125 0.5140625 0.21875 0.51875 0.2234375 0.5375 0.2234375 0.5421875 0.21875 0.5203125 0.2125
0 0.33125 0.0734375 0.325 0.0765625 0.3328125 0.0859375 0.3484375 0.0859375 0.3484375 0.075 0.33125 0.0734375
0 0.875 0.45 0.86875 0.4578125 0.89375 0.4578125 0.890625 0.45 0.875 0.45
0 0.23125 0.3421875 0.225 0.35 0.2296875 0.3546875 0.2421875 0.3546875 0.2421875 0.34375 0.23125 0.3421875
0 0.21875 0.2703125 0.2125 0.28125 0.2234375 0.2859375 0.225 0.275 0.21875 0.2703125
0 0.4 0.9609375 0.38125 0.9609375 0.38125 0.96875 0.3953125 0.971875 0.4 0.9609375
0 0.69375 0.4125 0.690625 0.421875 0.70625 0.4234375 0.7015625 0.4125 0.69375 0.4125
0 0.71875 0.06875 0.7171875 0.0796875 0.728125 0.08125 0.7296875 0.0703125 0.71875 0.06875