0 0.55 0.5578125 0.54375 0.56875 0.5484375 0.5796875 0.55625 0.56875 0.5546875 0.5578125 0.55 0.5578125
0 0.3 0.5859375 0.3 0.5984375 0.3125 0.603125 0.3109375 0.5828125 0.3 0.5859375
0 0.6546875 0.0078125 0.6484375 0.0140625 0.65 0.03125 0.6609375 0.028125 0.6546875 0.0078125
0 0.7734375 0.6390625 0.7703125 0.6546875 0.775 0.6515625 0.7734375 0.6390625
0 0.5125 0.5109375 0.5125 0.51875 0.5234375 0.5234375 0.5234375 0.5125 0.5125 0.5109375
0 0.665625 0.8296875 0.659375 0.83125 0.6609375 0.8390625 0.6734375 0.8359375 0.6734375 0.83125 0.665625 0.8296875
0 0.6953125 0.490625 0.69375 0.49375 0.7046875 0.5015625 0.69375 0.50625 0.6984375 0.5109375 0.7046875 0.5046875 0.70625 0.4921875 0.7046875 0.4875 0.6953125 0.490625
0 0.4515625 0.0765625 0.45 0.0890625 0.4625 0.0859375 0.4578125 0.075 0.4515625 0.0765625
0 0.3125 0.56875 0.30625 0.575 0.309375 0.5828125 0.321875 0.5765625 0.31875 0.56875 0.3125 0.56875
0 0.609375 0.5296875 0.6046875 0.534375 0.60625 0.54375 0.6125 0.5421875 0.609375 0.5296875
0 0.503125 0.3953125 0.5 0.41875 0.50625 0.41875 0.503125 0.3953125
0 0.4578125 0.0078125 0.45625 0.028125 0.4625 0.03125 0.4671875 0.025 0.4671875 0.0109375 0.4578125 0.0078125
0 0.6265625 0.7421875 0.6171875 0.7421875 0.61875 0.7546875 0.628125 0.7546875 0.6265625 0.7421875
0 0.5359375 0.175 0.534375 0.1859375 0.5390625 0.1953125 0.5421875 0.175 0.5359375 0.175
0 0.309375 0.75 0.30625 0.75625 0.3109375 0.7671875 0.321875 0.76875 0.3234375 0.7625 0.309375 0.75
0 0.64375 0.3125 0.6484375 0.3203125 0.6421875 0.3234375 0.6484375 0.33125 0.65 0.321875 0.64375 0.3125