0 0.1375 0.275 0.13125 0.28125 0.1359375 0.2859375 0.184375 0.278125 0.1765625 0.2609375 0.15625 0.2640625 0.1375 0.275
0 0.9109375 0.1203125 0.90625 0.1296875 0.9125 0.1359375 0.925 0.125 0.9109375 0.1203125
0 0.628125 0.2203125 0.6203125 0.225 0.625 0.234375 0.646875 0.2375 0.6515625 0.23125 0.640625 0.21875 0.628125 0.2203125
0 0.2 0.2359375 0.1984375 0.2484375 0.2109375 0.2546875 0.2125 0.2375 0.2 0.2359375
0 0.2859375 0.4625 0.275 0.46875 0.275 0.4734375 0.2984375 0.4734375 0.2984375 0.465625 0.2859375 0.4625
0 0.69375 0.3296875 0.6875 0.3328125 0.6875 0.340625 0.7046875 0.3421875 0.7046875 0.33125 0.69375 0.3296875
0 0.51875 0.025 0.5109375 0.0359375 0.53125 0.05 0.5546875 0.0484375 0.5625 0.0375 0.5609375 0.03125 0.54375 0.025 0.51875 0.025
0 0.26875 0.2453125 0.26875 0.2546875 0.2921875 0.2546875 0.2875 0.24375 0.26875 0.2453125
0 0.08125 0.3359375 0.0734375 0.3375 0.0734375 0.34375 0.1046875 0.3421875 0.0921875 0.3359375 0.0875 0.34375 0.08125 0.3359375
0 0.5890625 0.475 0.5890625 0.4875 0.5984375 0.4875 0.60625 0.48125 0.6046875 0.4734375 0.5890625 0.475
0 0.3625 0.28125 0.3546875 0.2859375 0.359375 0.2921875 0.384375 0.2859375 0.38125 0.2796875 0.375 0.2875 0.371875 0.2796875 0.3625 0.28125
0 0.4734375 0.15625 0.4734375 0.16875 0.49375 0.16875 0.4921875 0.1578125 0.4734375 0.15625