0 0.428125 0.609375 0.4265625 0.6171875 0.4375 0.63125 0.4421875 0.625 0.4296875 0.61875 0.4421875 0.6109375 0.4390625 0.6046875 0.428125 0.609375
0 0.1734375 0.3375 0.1671875 0.34375 0.16875 0.35625 0.18125 0.3484375 0.1734375 0.3375
0 0.70625 0.6921875 0.7078125 0.7109375 0.7171875 0.69375 0.7109375 0.6875 0.70625 0.6921875
0 0.75625 0.41875 0.75625 0.434375 0.7671875 0.4359375 0.7671875 0.4265625 0.75625 0.41875
0 0.8796875 0.553125 0.88125 0.571875 0.8859375 0.5734375 0.8859375 0.5546875 0.8796875 0.553125
0 0.225 0.1421875 0.225 0.159375 0.234375 0.1625 0.234375 0.14375 0.225 0.1421875
0 0.4578125 0.5375 0.45625 0.5421875 0.4640625 0.5484375 0.45625 0.553125 0.4609375 0.5546875 0.4671875 0.546875 0.4671875 0.5375 0.4578125 0.5375
0 0.6015625 0.4328125 0.6 0.44375 0.6046875 0.446875 0.6109375 0.4375 0.60625 0.43125 0.6015625 0.4328125
0 0.3109375 0.3125 0.3125 0.3296875 0.321875 0.33125 0.321875 0.31875 0.3171875 0.3109375 0.3109375 0.3125
0 0.6421875 0.64375 0.6390625 0.6515625 0.6484375 0.65625 0.6484375 0.64375 0.6421875 0.64375
0 0.159375 0.5859375 0.15625 0.6109375 0.1671875 0.60625 0.1671875 0.5890625 0.159375 0.5859375
0 0.3015625 0.571875 0.296875 0.5765625 0.30625 0.5859375 0.296875 0.5875 0.2984375 0.5921875 0.309375 0.5828125 0.309375 0.575 0.3015625 0.571875
0 0.234375 0.384375 0.23125 0.39375 0.24375 0.39375 0.24375 0.3859375 0.234375 0.384375
0 0.85625 0.321875 0.8640625 0.3328125 0.8625 0.3375 0.8546875 0.3375 0.8625 0.3421875 0.8671875 0.325 0.8625 0.31875 0.85625 0.321875
0 0.99375 0.7375 0.9921875 0.7484375 0.9984375 0.7546875 0.9984375 0.7375 0.99375 0.7375
0 0.8375 0.71875 0.8359375 0.7453125 0.8421875 0.7484375 0.84375 0.71875 0.8375 0.71875
0 0.3546875 0.41875 0.353125 0.4359375 0.359375 0.4390625 0.3625 0.41875 0.3546875 0.41875