0 0.4703125 0.6484375 0.46875 0.6796875 0.4703125 0.6859375 0.478125 0.6875 0.4796875 0.6625 0.4703125 0.6484375
0 0.6484375 0.3421875 0.6453125 0.371875 0.6546875 0.3734375 0.6609375 0.35625 0.6546875 0.33125 0.6484375 0.3421875
0 0.821875 0.5546875 0.81875 0.565625 0.834375 0.5828125 0.8359375 0.5734375 0.8296875 0.5625 0.8203125 0.565625 0.821875 0.5546875
0 0.68125 0.5234375 0.6796875 0.5609375 0.6921875 0.5625 0.6921875 0.5234375 0.68125 0.5234375
0 0.878125 0.5625 0.875 0.5734375 0.89375 0.5734375 0.89375 0.5625 0.878125 0.5625
0 0.0015625 0.7890625 0.0078125 0.80625 0.0203125 0.8125 0.0234375 0.8078125 0.0171875 0.79375 0.0109375 0.7875 0.0015625 0.7890625
0 0.925 0.5625 0.915625 0.5625 0.915625 0.56875 0.9296875 0.58125 0.9359375 0.58125 0.9359375 0.5734375 0.925 0.5625
0 0.175 0.7734375 0.1734375 0.7921875 0.18125 0.80625 0.1859375 0.80625 0.178125 0.796875 0.1875 0.7921875 0.175 0.7734375
0 0.7140625 0.58125 0.7140625 0.59375 0.725 0.6 0.721875 0.5859375 0.7140625 0.58125
0 0.096875 0.79375 0.0890625 0.80625 0.09375 0.8171875 0.1 0.815625 0.1109375 0.7984375 0.1109375 0.784375 0.096875 0.79375
0 0.30625 0.725 0.3 0.725 0.3 0.7359375 0.3125 0.7484375 0.30625 0.7421875 0.3125 0.7375 0.30625 0.725
0 0.5625 0.5625 0.5578125 0.571875 0.56875 0.5734375 0.5671875 0.5625 0.5625 0.5625
0 0.6046875 0.2328125 0.6046875 0.271875 0.6171875 0.278125 0.625 0.275 0.6359375 0.2828125 0.6375 0.265625 0.625 0.2640625 0.61875 0.253125 0.6234375 0.240625 0.609375 0.23125 0.6046875 0.2328125
0 0.15625 0.7109375 0.15 0.71875 0.15 0.728125 0.15625 0.728125 0.16875 0.7171875 0.1734375 0.7109375 0.171875 0.7015625 0.1671875 0.7 0.15625 0.7109375
0 0.9546875 0.4546875 0.9484375 0.4546875 0.9484375 0.4625 0.965625 0.48125 0.96875 0.4734375 0.9546875 0.4546875
0 0.634375 0.6125 0.63125 0.6234375 0.6453125 0.634375 0.6421875 0.61875 0.634375 0.6125
0 0.8625 0.4921875 0.85625 0.4921875 0.85625 0.5046875 0.8640625 0.5109375 0.859375 0.50625 0.8625 0.4921875
0 0.29375 0.64375 0.2859375 0.65 0.2859375 0.6609375 0.2921875 0.6609375 0.30625 0.6484375 0.3015625 0.6390625 0.29375 0.64375
0 0.6296875 0.2640625 0.625 0.275 0.6359375 0.2828125 0.6421875 0.2734375 0.6359375 0.2640625 0.6296875 0.2640625
0 0.6046875 0.23125 0.603125 0.26875 0.6046875 0.2734375 0.6203125 0.278125 0.625 0.2734375 0.6234375 0.2609375 0.61875 0.2578125 0.6234375 0.240625 0.6046875 0.23125