0 0.61875 0.565625 0.6171875 0.5765625 0.628125 0.5859375 0.63125 0.575 0.625 0.565625 0.61875 0.565625
0 0.73125 0.09375 0.7296875 0.1 0.7359375 0.1015625 0.73125 0.09375
0 0.8703125 0.6671875 0.878125 0.678125 0.86875 0.68125 0.8703125 0.6875 0.878125 0.690625 0.878125 0.6734375 0.8703125 0.6671875
0 0.6 0.3921875 0.59375 0.39375 0.59375 0.4109375 0.6015625 0.4234375 0.6125 0.4265625 0.6171875 0.4125 0.6125 0.409375 0.609375 0.39375 0.6 0.3921875
0 0.5859375 0.0796875 0.5859375 0.09375 0.596875 0.084375 0.596875 0.075 0.5859375 0.0796875
0 0.7328125 0.2796875 0.7296875 0.2921875 0.740625 0.29375 0.7421875 0.2828125 0.7328125 0.2796875
0 0.7921875 0.9109375 0.7875 0.9109375 0.7921875 0.9203125 0.7875 0.92109375 0.7875 0.93125 0.79375 0.9359375 0.796875 0.925 0.7921875 0.9109375
0 0.15 0.3015625 0.1515625 0.3125 0.15 0.3015625
0 0.98125 0.84375 0.9796875 0.8625 0.9875 0.8671875 0.9875 0.846875 0.98125 0.84375
0 0.5953125 0.4703125 0.5921875 0.4875 0.6 0.484375 0.603125 0.4734375 0.5984375 0.4671875 0.5953125 0.4703125
0 0.1625 0.3453125 0.1609375 0.3578125 0.1671875 0.359375 0.16875 0.3484375 0.1625 0.3453125
0 0.5984375 0.3953125 0.59375 0.40625 0.596875 0.4109375 0.60625 0.4109375 0.609375 0.4046875 0.5984375 0.3953125
0 0.6546875 0.3546875 0.6515625 0.3671875 0.65625 0.3734375 0.6625 0.36875 0.6625 0.3546875 0.6546875 0.3546875
0 0.7609375 0.465625 0.75625 0.465625 0.759375 0.484375 0.7640625 0.48125 0.7609375 0.465625
0 0.1578125 0.328125 0.15625 0.3375 0.1609375 0.3375 0.1578125 0.3296875 0.1625 0.3265625 0.1578125 0.328125
0 0.7390625 0.89375 0.7296875 0.89375 0.73125 0.9125 0.74375 0.909375 0.7390625 0.89375
0 0.153125 0.29375 0.15 0.3109375 0.15625 0.30625 0.153125 0.29375
0 0.703125 0.859375 0.7 0.86875 0.7015625 0.8734375 0.7078125 0.8734375 0.7140625 0.8625 0.7109375 0.85625 0.703125 0.859375
0 0.5890625 0.1859375 0.5859375 0.2 0.5921875 0.2046875 0.59375 0.1875 0.5890625 0.1859375
0 0.73125 0.6875 0.7296875 0.703125 0.7375 0.70625 0.7375 0.69375 0.73125 0.6875