0 0.7765625 0.98125 0.7734375 0.996875 0.784375 0.9984375 0.7765625 0.98125
0 0.73125 0.65625 0.7296875 0.6703125 0.73125 0.675 0.7375 0.675 0.7375 0.6609375 0.73125 0.65625
0 0.3203125 0.2078125 0.3171875 0.2171875 0.3234375 0.2203125 0.3296875 0.209375 0.325 0.2046875 0.3203125 0.2078125
0 0.6046875 0.9328125 0.6 0.9375 0.603125 0.9484375 0.6109375 0.94375 0.6046875 0.9328125
0 0.2640625 0.259375 0.2625 0.278125 0.26875 0.275 0.26875 0.259375 0.2640625 0.259375
0 0.2828125 0.7109375 0.28125 0.721875 0.290625 0.725 0.2921875 0.7109375 0.2828125 0.7109375
0 0.4359375 0.4375 0.43125 0.4375 0.43125 0.45625 0.4375 0.45625 0.4359375 0.4375
0 0.596875 0.5265625 0.5890625 0.53125 0.59375 0.5421875 0.6 0.5375 0.596875 0.5265625
0 0.25625 0.4703125 0.2515625 0.475 0.2546875 0.4875 0.2625 0.4796875 0.2609375 0.4703125 0.25625 0.4703125
0 0.4421875 0.025 0.4375 0.025 0.4390625 0.0421875 0.4453125 0.0421875 0.4484375 0.0359375 0.4421875 0.025
0 0.48125 0.725 0.48125 0.734375 0.4890625 0.74375 0.49375 0.7421875 0.484375 0.7359375 0.49375 0.7296875 0.4921875 0.7234375 0.48125 0.725
0 0.5171875 0.2 0.5140625 0.209375 0.5234375 0.2171875 0.5171875 0.2109375 0.5234375 0.2046875 0.5171875 0.2
0 0.5390625 0.1609375 0.525 0.1609375 0.525 0.16875 0.540625 0.171875 0.5390625 0.1609375
0 0.2875 0.8984375 0.2859375 0.921875 0.2921875 0.921875 0.2921875 0.8984375 0.2875 0.8984375