0 0.503125 0.4609375 0.5 0.4734375 0.5109375 0.4796875 0.5109375 0.465625 0.503125 0.4609375
0 0.4265625 0.45625 0.425 0.4734375 0.4359375 0.4734375 0.434375 0.4578125 0.4265625 0.45625
0 0.6390625 0.7640625 0.6359375 0.7734375 0.6390625 0.78125 0.64375 0.78125 0.6453125 0.7671875 0.6390625 0.7640625
0 0.0125 0.446875 0.0140625 0.46875 0.01875 0.465625 0.01875 0.45 0.0125 0.446875
0 0.309375 0.4171875 0.30625 0.425 0.3109375 0.4359375 0.315625 0.4359375 0.3171875 0.4171875 0.309375 0.4171875
0 0.003125 0.5734375 0 0.5875 0.0109375 0.5890625 0.0109375 0.5734375 0.003125 0.5734375
0 0.21875 0.3953125 0.2125 0.4 0.2125 0.4109375 0.2171875 0.4125 0.2234375 0.4078125 0.2234375 0.3953125 0.21875 0.3953125
0 0.0046875 0.3765625 0 0.371875 0 0.3953125 0.00625 0.3921875 0.0046875 0.3765625
0 0.034375 0.3859375 0.03125 0.3890625 0.0359375 0.39375 0.034375 0.3859375
0 0.2796875 0.59375 0.278125 0.5984375 0.2859375 0.60625 0.278125 0.6109375 0.2859375 0.6125 0.2875 0.59375 0.2796875 0.59375
0 0.5078125 0.6109375 0.5125 0.6234375 0.5046875 0.6203125 0.5125 0.634375 0.509375 0.628125 0.5140625 0.625 0.5078125 0.6109375
0 0.1609375 0.575 0.15625 0.5796875 0.1578125 0.596875 0.171875 0.5890625 0.1671875 0.5765625 0.1609375 0.575
0 0.109375 0.3765625 0.10625 0.3921875 0.1109375 0.396875 0.10625 0.403125 0.1109375 0.403125 0.1171875 0.3921875 0.1171875 0.3796875 0.109375 0.3765625
0 0.5140625 0.73125 0.5109375 0.7484375 0.51875 0.75 0.51875 0.7359375 0.5140625 0.73125
0 0.3546875 0.6125 0.353125 0.625 0.359375 0.628125 0.3625 0.6171875 0.3609375 0.6125 0.3546875 0.6125
0 0.4625 0.6125 0.4578125 0.6140625 0.4578125 0.625 0.46875 0.6296875 0.4734375 0.6203125 0.4625 0.6125
0 0.5125 0.546875 0.5109375 0.55625 0.51875 0.5578125 0.51875 0.55 0.5125 0.546875
0 0.6203125 0.7375 0.6171875 0.75625 0.6234375 0.75625 0.6203125 0.7375