0 0.8171875 0.1734375 0.8125 0.1734375 0.8125 0.1921875 0.8234375 0.1875 0.8234375 0.1796875 0.8171875 0.1734375
0 0.48125 0.39375 0.48125 0.40625 0.4890625 0.4109375 0.4921875 0.403125 0.4875 0.39375 0.48125 0.39375
0 0.0109375 0.33125 0.00625 0.3328125 0.00625 0.3421875 0.0140625 0.34375 0.01875 0.3359375 0.0109375 0.33125
0 0.1171875 0.3734375 0.1171875 0.3875 0.1234375 0.3890625 0.125 0.371875 0.1203125 0.36875 0.1171875 0.3734375
0 0.8015625 0.4875 0.8 0.490625 0.8078125 0.4953125 0.8 0.5 0.8 0.509375 0.8046875 0.509375 0.8109375 0.4984375 0.8015625 0.4875
0 0.0609375 0.5109375 0.0578125 0.51875 0.0671875 0.5234375 0.0609375 0.5140625 0.06875 0.50625 0.0609375 0.5109375
0 0.1796875 0.5453125 0.1796875 0.565625 0.184375 0.5671875 0.1890625 0.5546875 0.1859375 0.5453125 0.1796875 0.5453125
0 0.0859375 0.2703125 0.08125 0.28125 0.0921875 0.2921875 0.09375 0.2796875 0.0859375 0.2703125
0 0.6859375 0.6875 0.6828125 0.696875 0.6890625 0.7078125 0.69375 0.70625 0.69375 0.696875 0.6859375 0.6875
0 0.209375 0.48125 0.2046875 0.49375 0.2125 0.4984375 0.2171875 0.4859375 0.2140625 0.4796875 0.209375 0.48125
0 0.3421875 0.396875 0.3421875 0.409375 0.3484375 0.4109375 0.3484375 0.4 0.3421875 0.396875
0 0.828125 0.3484375 0.821875 0.3484375 0.8234375 0.359375 0.83125 0.3546875 0.828125 0.3484375
0 0.5859375 0.51875 0.5859375 0.5296875 0.59375 0.540625 0.596875 0.5296875 0.5921875 0.51875 0.5859375 0.51875
0 0.3734375 0.5875 0.371875 0.596875 0.3796875 0.6 0.3796875 0.5859375 0.3734375 0.5875
0 0.428125 0.6328125 0.425 0.64375 0.43125 0.6484375 0.4375 0.6359375 0.4359375 0.63125 0.428125 0.6328125
0 0.0078125 0.115625 0.0109375 0.13125 0.01875 0.13125 0.0171875 0.1171875 0.0125 0.1125 0.0078125 0.115625
0 0.5734375 0.3140625 0.575 0.33125 0.58125 0.3234375 0.58125 0.3109375 0.5734375 0.3140625
0 0.7078125 0.2125 0.7015625 0.225 0.7046875 0.2296875 0.7140625 0.2234375 0.7125 0.2140625 0.7078125 0.2125