0 0.465625 0.246875 0.4625 0.2625 0.46875 0.26875 0.4703125 0.2515625 0.465625 0.246875
0 0.4734375 0.7484375 0.4671875 0.75 0.4734375 0.8 0.478125 0.775 0.4734375 0.7703125 0.478125 0.7671875 0.478125 0.75 0.4734375 0.7484375
0 0.384375 0.35 0.38125 0.359375 0.39375 0.3640625 0.39375 0.35 0.384375 0.35
0 0.4234375 0.48125 0.425 0.5 0.43125 0.4921875 0.43125 0.4796875 0.4234375 0.48125
0 0.3234375 0.575 0.31875 0.5765625 0.31875 0.5921875 0.3265625 0.5984375 0.3296875 0.5890625 0.3234375 0.575
0 0.3875 0.409375 0.3875 0.4234375 0.4015625 0.425 0.4 0.40625 0.3875 0.409375
0 0.5734375 0.396875 0.56875 0.4046875 0.5765625 0.409375 0.56875 0.4171875 0.571875 0.41875 0.5796875 0.40625 0.5796875 0.4 0.5734375 0.396875
0 0.4703125 0.7484375 0.4671875 0.7609375 0.478125 0.7609375 0.478125 0.75 0.4703125 0.7484375
0 0.5875 0.6578125 0.5828125 0.6671875 0.5859375 0.675 0.59375 0.6671875 0.5859375 0.665625 0.59375 0.659375 0.5875 0.6578125
0 0.565625 0.1171875 0.5625 0.1296875 0.56875 0.1359375 0.5734375 0.1203125 0.565625 0.1171875
0 0.434375 0.04375 0.43125 0.0671875 0.4375 0.06875 0.4421875 0.05 0.4375 0.0421875 0.434375 0.04375