0 0.2875 0.91875 0.2875 0.9296875 0.2921875 0.9296875 0.2875 0.91875
0 0.29375 0 0.2859375 0 0.2859375 0.0203125 0.290625 0.01875 0.29375 0
0 0.2640625 0.46875 0.2640625 0.4875 0.271875 0.4890625 0.275 0.475 0.26875 0.4671875 0.2640625 0.46875
0 0.5515625 0.946875 0.55 0.959375 0.559375 0.9640625 0.5625 0.9578125 0.5578125 0.9484375 0.5515625 0.946875
0 0.29375 0.3625 0.2859375 0.3625 0.2859375 0.375 0.2921875 0.375 0.29375 0.3625
0 0.2609375 0.9625 0.25625 0.96875 0.2609375 0.9796875 0.2703125 0.9640625 0.26875 0.9578125 0.2609375 0.9625
0 0.3546875 0.75625 0.35 0.7640625 0.3546875 0.7734375 0.3625 0.7625 0.3609375 0.75625 0.3546875 0.75625
0 0.33125 0.0390625 0.3265625 0.05 0.3359375 0.0609375 0.3375 0.0421875 0.33125 0.0390625
0 0.475 0.7046875 0.475 0.7171875 0.484375 0.721875 0.484375 0.7078125 0.4796875 0.7015625 0.475 0.7046875
0 0.4171875 0.5421875 0.4125 0.55 0.4234375 0.553125 0.4125 0.5625 0.421875 0.5609375 0.425 0.5515625 0.425 0.5421875 0.4171875 0.5421875
0 0.4 0.28125 0.4 0.3 0.4046875 0.3 0.40625 0.2859375 0.4 0.28125