0 0.05625 0.4390625 0.0546875 0.45 0.0671875 0.4515625 0.065625 0.4390625 0.05625 0.4390625
0 0.8265625 0.3453125 0.81875 0.3484375 0.81875 0.359375 0.8359375 0.353125 0.8359375 0.3453125 0.8265625 0.3453125
0 0.3359375 0.7609375 0.3234375 0.7609375 0.3234375 0.7734375 0.3328125 0.7734375 0.3359375 0.7609375
0 0.06875 0.775 0.0671875 0.7859375 0.084375 0.790625 0.0859375 0.78125 0.0796875 0.775 0.06875 0.775
0 0.246875 0.5828125 0.24375 0.5921875 0.2609375 0.5921875 0.2609375 0.5828125 0.246875 0.5828125
0 0.4375 0.45 0.425 0.45 0.425 0.45625 0.4421875 0.4609375 0.44375 0.4546875 0.4375 0.45
0 0.65 0.4921875 0.6515625 0.503125 0.6671875 0.4984375 0.6671875 0.49375 0.65625 0.4890625 0.65 0.4921875
0 0.54375 0.6453125 0.54375 0.65625 0.5515625 0.65625 0.55625 0.64375 0.54375 0.6453125
0 0.525 0.7140625 0.5265625 0.7234375 0.5421875 0.71875 0.5375 0.7109375 0.525 0.7140625
0 0.11875 0.24375 0.1203125 0.25 0.1328125 0.25 0.1328125 0.24375 0.11875 0.24375
0 0.465625 0.4265625 0.4609375 0.4359375 0.46875 0.4421875 0.478125 0.4421875 0.4734375 0.43125 0.465625 0.4265625
0 0.46875 0.3 0.4625 0.3125 0.4796875 0.3171875 0.49375 0.3109375 0.4875 0.3015625 0.46875 0.3