0 0.5296875 0.3046875 0.5265625 0.3171875 0.534375 0.31875 0.5359375 0.30625 0.5296875 0.3046875
0 0.3953125 0.7734375 0.4 0.778125 0.39375 0.7890625 0.4015625 0.7921875 0.4046875 0.78125 0.3953125 0.7734375
0 0.4625 0.6046875 0.4625 0.6171875 0.46875 0.6234375 0.46875 0.6046875 0.4625 0.6046875
0 0.371875 0.978125 0.36875 0.9953125 0.3734375 0.99375 0.371875 0.978125
0 0.2390625 0.9828125 0.2359375 0.9984375 0.24375 0.9984375 0.2484375 0.9796875 0.2390625 0.9828125
0 0.4171875 0.3546875 0.4125 0.3625 0.4171875 0.3734375 0.4234375 0.36875 0.421875 0.3546875 0.4171875 0.3546875
0 0.3375 0.8375 0.33125 0.8421875 0.33125 0.8546875 0.3375 0.859375 0.34375 0.85 0.34375 0.8375 0.3375 0.8375
0 0.50625 0.6515625 0.5 0.6609375 0.509375 0.6640625 0.5 0.6734375 0.5046875 0.6734375 0.5109375 0.6625 0.50625 0.6515625
0 0.4171875 0.0921875 0.415625 0.1109375 0.425 0.1125 0.425 0.09375 0.4171875 0.0921875
0 0.475 0.875 0.4734375 0.8953125 0.4796875 0.8953125 0.48125 0.878125 0.475 0.875
0 0.5609375 0.2 0.5546875 0.2 0.55625 0.21875 0.565625 0.215625 0.5609375 0.2