0 0.8953125 0.35625 0.89375 0.36875 0.903125 0.3734375 0.90625 0.3625 0.8953125 0.35625
0 0.275 0.4796875 0.26875 0.4859375 0.2703125 0.5 0.28125 0.4875 0.275 0.4796875
0 0.83125 0.03125 0.8265625 0.03125 0.8265625 0.0359375 0.834375 0.0484375 0.8375 0.075 0.84375 0.0796875 0.84375 0.0703125 0.8375 0.06640625 0.8375 0.0578125 0.8421875 0.0546875 0.8359375 0.05 0.83125 0.03125
0 0.321875 0.3953125 0.3125 0.3953125 0.3125 0.4 0.3234375 0.4 0.321875 0.3953125
0 0.76875 0.5875 0.771875 0.60625 0.775 0.603125 0.76875 0.5921875 0.775 0.5890625 0.76875 0.5875
0 0.7703125 0.3875 0.76875 0.4109375 0.7734375 0.415625 0.784375 0.403125 0.7859375 0.39375 0.78125 0.3859375 0.7703125 0.3875
0 0.8703125 0.546875 0.8671875 0.5546875 0.878125 0.55625 0.8796875 0.5453125 0.8703125 0.546875
0 0.2625 0.5640625 0.2609375 0.575 0.2671875 0.575 0.26875 0.5625 0.2625 0.5640625
0 0.3140625 0.63125 0.309375 0.6359375 0.3109375 0.6453125 0.3234375 0.6421875 0.3234375 0.63125 0.3140625 0.63125
0 0.609375 0.59375 0.60625 0.609375 0.615625 0.6140625 0.6234375 0.6 0.61875 0.59375 0.609375 0.59375
0 0.26875 0.63125 0.2640625 0.6453125 0.271875 0.6515625 0.278125 0.634375 0.26875 0.63125
0 0.4703125 0.4359375 0.4625 0.4359375 0.4625 0.4515625 0.4671875 0.4546875 0.4734375 0.4375 0.4703125 0.4359375
0 0.5625 0.4171875 0.5546875 0.4171875 0.5546875 0.434375 0.5625 0.43125 0.5625 0.4171875
0 0.7390625 0.4046875 0.7375 0.4109375 0.7421875 0.4109375 0.7390625 0.4046875
0 0.8484375 0.625 0.84375 0.634375 0.846875 0.64375 0.853125 0.6421875 0.8546875 0.634375 0.853125 0.625 0.8484375 0.625
0 0.421875 0.6296875 0.41875 0.6390625 0.4234375 0.64375 0.4296875 0.6296875 0.421875 0.6296875
0 0.1375 0.78125 0.1375 0.7984375 0.1421875 0.7984375 0.146875 0.78125 0.1375 0.78125
0 0.9671875 0.325 0.9640625 0.34375 0.9703125 0.35 0.975 0.34375 0.975 0.3234375 0.9671875 0.325
0 0.49375 0.6046875 0.4921875 0.628125 0.496875 0.6296875 0.5 0.609375 0.49375 0.6046875
0 0.6609375 0.4 0.659375 0.40625 0.6671875 0.41875 0.671875 0.4109375 0.6671875 0.4 0.6609375 0.4
0 0.8234375 0.35 0.8125 0.3546875 0.8125 0.3671875 0.825 0.3671875 0.8234375 0.35
0 0.759375 0.4671875 0.75625 0.478125 0.7625 0.484375 0.7640625 0.48125 0.7578125 0.478125 0.7640625 0.46875 0.759375 0.4671875
0 0.35 0.4734375 0.34375 0.4796875 0.3453125 0.4890625 0.3546875 0.484375 0.3546875 0.4734375 0.35 0.4734375