0 0.2841796875 0.7786458333333334 0.2822265625 0.7829861111111112 0.2822265625 0.7890625 0.2919921875 0.8020833333333334 0.29833984375 0.8003472222222222 0.3017578125 0.7907986111111112 0.2998046875 0.7829861111111112 0.29345703125 0.7734375 0.2890625 0.7725694444444444 0.2841796875 0.7786458333333334
0 0.2490234375 0.4079861111111111 0.2490234375 0.4157986111111111 0.25390625 0.4157986111111111 0.25341796875 0.4079861111111111 0.2490234375 0.4079861111111111
0 0.02685546875 0.3923611111111111 0.0244140625 0.3975694444444444 0.02490234375 0.4001736111111111 0.029296875 0.3984375 0.02978515625 0.390625 0.02685546875 0.3923611111111111
0 0.14111328125 0.7604166666666666 0.14013671875 0.7734375 0.14306640625 0.7786458333333334 0.1494140625 0.7786458333333334 0.154296875 0.7734375 0.15478515625 0.7647569444444444 0.15283203125 0.7569444444444444 0.14599609375 0.7560763888888888 0.14111328125 0.7604166666666666
0 0.1240234375 0.2517361111111111 0.1240234375 0.2699652777777778 0.13134765625 0.2699652777777778 0.1328125 0.25 0.1318359375 0.24305555555555555 0.12646484375 0.2421875 0.1240234375 0.2517361111111111
0 0.21435546875 0.7881944444444444 0.21240234375 0.7925347222222222 0.21240234375 0.8012152777777778 0.21435546875 0.8064236111111112 0.216796875 0.8098958333333334 0.2236328125 0.8090277777777778 0.2275390625 0.7994791666666666 0.2265625 0.7916666666666666 0.22119140625 0.7838541666666666 0.216796875 0.7847222222222222 0.21435546875 0.7881944444444444
0 0.23681640625 0.8020833333333334 0.2373046875 0.8272569444444444 0.24658203125 0.8272569444444444 0.2451171875 0.8046875 0.2431640625 0.8012152777777778 0.23681640625 0.8020833333333334
0 0.21533203125 0.21180555555555555 0.21533203125 0.21875 0.21728515625 0.2248263888888889 0.2197265625 0.2265625 0.23046875 0.21614583333333334 0.23193359375 0.2074652777777778 0.23046875 0.20225694444444445 0.2265625 0.20225694444444445 0.21533203125 0.21180555555555555
0 0.0986328125 0.4088541666666667 0.09814453125 0.4166666666666667 0.1005859375 0.4244791666666667 0.103515625 0.4296875 0.107421875 0.4288194444444444 0.10888671875 0.4262152777777778 0.107421875 0.4097222222222222 0.10546875 0.4071180555555556 0.0986328125 0.4088541666666667
0 0.509765625 0.4574652777777778 0.50927734375 0.4661458333333333 0.51171875 0.4704861111111111 0.5185546875 0.4791666666666667 0.5234375 0.4782986111111111 0.52490234375 0.46875 0.52001953125 0.4583333333333333 0.51513671875 0.4522569444444444 0.509765625 0.4574652777777778
0 0.3388671875 0.2621527777777778 0.33740234375 0.2734375 0.33935546875 0.2777777777777778 0.34619140625 0.2786458333333333 0.349609375 0.2734375 0.3505859375 0.2647569444444444 0.34765625 0.2578125 0.34130859375 0.2578125 0.3388671875 0.2621527777777778
0 0.51953125 0.3854166666666667 0.51806640625 0.3958333333333333 0.52099609375 0.3984375 0.53173828125 0.3932291666666667 0.533203125 0.3897569444444444 0.53271484375 0.3819444444444444 0.52978515625 0.3784722222222222 0.52197265625 0.3810763888888889 0.51953125 0.3854166666666667