0 0.4875 0.675 0.4859375 0.6890625 0.4921875 0.690625 0.4984375 0.675 0.4875 0.675
0 0.6765625 0.046875 0.671875 0.0515625 0.675 0.0625 0.68125 0.0578125 0.6765625 0.046875
0 0.75 0.2875 0.7453125 0.3 0.7546875 0.30625 0.746875 0.3 0.75625 0.29375 0.75 0.2875
0 0.1890625 0.725 0.18125 0.725 0.18125 0.73125 0.1921875 0.7375 0.1890625 0.725
0 0.75625 0.5796875 0.75625 0.5921875 0.7671875 0.5984375 0.7671875 0.5875 0.75625 0.5796875
0 0.5984375 0.4375 0.59375 0.44375 0.596875 0.45625 0.6046875 0.45 0.5953125 0.44375 0.6046875 0.4390625 0.5984375 0.4375
0 0.5578125 0.1125 0.5578125 0.1234375 0.5703125 0.1265625 0.571875 0.1171875 0.5578125 0.1125
0 0.3375 0.790625 0.3359375 0.8015625 0.34375 0.80625 0.34375 0.7921875 0.3375 0.790625
0 0.1640625 0.7296875 0.1625 0.740625 0.171875 0.7421875 0.175 0.7296875 0.1640625 0.7296875
0 0.2703125 0.45625 0.26875 0.4671875 0.2765625 0.46875 0.28125 0.4546875 0.275 0.45 0.2703125 0.45625
0 0.7984375 0.375 0.7921875 0.375 0.7921875 0.3953125 0.8 0.39375 0.7984375 0.375
0 0.6390625 0.9671875 0.6453125 0.978125 0.6375 0.9828125 0.64375 0.984375 0.6484375 0.96875 0.64375 0.9625 0.6390625 0.9671875
0 0.6796875 0.7875 0.6765625 0.8 0.690625 0.8015625 0.6921875 0.7921875 0.6796875 0.7875
0 0.5640625 0.1625 0.5625 0.1734375 0.5734375 0.1734375 0.5734375 0.1609375 0.5640625 0.1625
0 0.4265625 0.4171875 0.425 0.428125 0.43125 0.434375 0.4359375 0.425 0.4265625 0.4171875