0 0.580078125 0.3498263888888889 0.58056640625 0.3628472222222222 0.58349609375 0.3680555555555556 0.58837890625 0.3689236111111111 0.59423828125 0.3585069444444444 0.59423828125 0.3498263888888889 0.59130859375 0.3411458333333333 0.58349609375 0.3411458333333333 0.580078125 0.3498263888888889
0 0.919921875 0.7560763888888888 0.919921875 0.7682291666666666 0.92333984375 0.7743055555555556 0.927734375 0.7743055555555556 0.93017578125 0.7699652777777778 0.92919921875 0.7578125 0.9267578125 0.7552083333333334 0.919921875 0.7560763888888888
0 0.8779296875 0.546875 0.8759765625 0.5503472222222222 0.8759765625 0.5590277777777778 0.87890625 0.5642361111111112 0.8837890625 0.5642361111111112 0.88671875 0.5598958333333334 0.88720703125 0.5512152777777778 0.88525390625 0.546875 0.8779296875 0.546875
0 0.46630859375 0.7743055555555556 0.46142578125 0.7743055555555556 0.46142578125 0.78125 0.46728515625 0.7829861111111112 0.46630859375 0.7743055555555556
0 0.33642578125 0.4609375 0.3369140625 0.4765625 0.34033203125 0.4782986111111111 0.34765625 0.4748263888888889 0.34814453125 0.4661458333333333 0.34326171875 0.4618055555555556 0.33642578125 0.4609375
0 0.3173828125 0.1970486111111111 0.31640625 0.2074652777777778 0.3203125 0.21006944444444445 0.32177734375 0.2074652777777778 0.3212890625 0.19791666666666666 0.3173828125 0.1970486111111111
0 0.32763671875 0 0.326171875 0.0026041666666666665 0.32763671875 0.019965277777777776 0.33056640625 0.026909722222222224 0.33447265625 0.027777777777777776 0.33642578125 0.024305555555555556 0.33642578125 0.014756944444444444 0.333984375 0.008680555555555556 0.33349609375 0.001736111111111111 0.32763671875 0
0 0.38134765625 0.2074652777777778 0.38134765625 0.21354166666666666 0.384765625 0.2144097222222222 0.384765625 0.20572916666666666 0.3828125 0.20399305555555555 0.38134765625 0.2074652777777778
0 0.259765625 0.1892361111111111 0.259765625 0.2144097222222222 0.2626953125 0.2204861111111111 0.26806640625 0.2204861111111111 0.26806640625 0.20399305555555555 0.26513671875 0.19010416666666666 0.259765625 0.1892361111111111
0 0.72021484375 0.4713541666666667 0.7197265625 0.4782986111111111 0.72265625 0.484375 0.73095703125 0.484375 0.732421875 0.4756944444444444 0.73095703125 0.4661458333333333 0.72265625 0.4661458333333333 0.72021484375 0.4713541666666667
0 0.2490234375 0.3723958333333333 0.248046875 0.3845486111111111 0.25048828125 0.3897569444444444 0.2568359375 0.3949652777777778 0.263671875 0.3940972222222222 0.2646484375 0.3854166666666667 0.26318359375 0.3828125 0.25390625 0.3732638888888889 0.2490234375 0.3723958333333333
0 0.3046875 0.5998263888888888 0.3017578125 0.5998263888888888 0.302734375 0.6119791666666666 0.30615234375 0.6102430555555556 0.3046875 0.5998263888888888
0 0.544921875 0.4670138888888889 0.5439453125 0.4791666666666667 0.54638671875 0.484375 0.55078125 0.4878472222222222 0.55517578125 0.4826388888888889 0.5556640625 0.4704861111111111 0.55322265625 0.4661458333333333 0.54931640625 0.4644097222222222 0.544921875 0.4670138888888889
0 0.59423828125 0.22569444444444445 0.59228515625 0.22916666666666666 0.59228515625 0.234375 0.59765625 0.2465277777777778 0.6005859375 0.2456597222222222 0.609375 0.234375 0.609375 0.2248263888888889 0.60400390625 0.21614583333333334 0.6005859375 0.2170138888888889 0.59423828125 0.22569444444444445
0 0.73388671875 0.3541666666666667 0.734375 0.3706597222222222 0.7412109375 0.3732638888888889 0.74560546875 0.3671875 0.74658203125 0.3541666666666667 0.74462890625 0.3498263888888889 0.73779296875 0.3472222222222222 0.73388671875 0.3541666666666667