0 0.22314453125 0.8420138888888888 0.2197265625 0.8420138888888888 0.2197265625 0.8454861111111112 0.22314453125 0.8532986111111112 0.224609375 0.8532986111111112 0.22607421875 0.8506944444444444 0.22314453125 0.8420138888888888
0 0.3984375 0.8932291666666666 0.39892578125 0.8993055555555556 0.40478515625 0.8984375 0.404296875 0.890625 0.39990234375 0.890625 0.3984375 0.8932291666666666
0 0.791015625 0.5772569444444444 0.79052734375 0.5868055555555556 0.79296875 0.5911458333333334 0.796875 0.59375 0.7998046875 0.5894097222222222 0.79833984375 0.5755208333333334 0.7958984375 0.5737847222222222 0.791015625 0.5772569444444444
0 0.12646484375 0.6727430555555556 0.1259765625 0.6822916666666666 0.12890625 0.6883680555555556 0.1396484375 0.6892361111111112 0.14501953125 0.6848958333333334 0.14501953125 0.6796875 0.140625 0.6727430555555556 0.12646484375 0.6727430555555556
0 0.21728515625 0.4348958333333333 0.21435546875 0.4348958333333333 0.21484375 0.4435763888888889 0.21875 0.4427083333333333 0.21923828125 0.4375 0.21728515625 0.4348958333333333
0 0.41357421875 0.5625 0.4130859375 0.5694444444444444 0.416015625 0.5763888888888888 0.423828125 0.5772569444444444 0.42529296875 0.5703125 0.42431640625 0.5598958333333334 0.41650390625 0.5581597222222222 0.41357421875 0.5625
0 0.12158203125 0.2873263888888889 0.12158203125 0.2951388888888889 0.126953125 0.3038194444444444 0.13232421875 0.3081597222222222 0.13671875 0.3038194444444444 0.1357421875 0.296875 0.1279296875 0.2847222222222222 0.12158203125 0.2873263888888889
0 0.22314453125 0.6935763888888888 0.2236328125 0.7057291666666666 0.2265625 0.7109375 0.23681640625 0.6996527777777778 0.23681640625 0.6935763888888888 0.2353515625 0.6927083333333334 0.22314453125 0.6935763888888888
0 0.568359375 0.4479166666666667 0.56591796875 0.4522569444444444 0.56689453125 0.4661458333333333 0.57421875 0.4661458333333333 0.576171875 0.4600694444444444 0.5751953125 0.4496527777777778 0.5732421875 0.4470486111111111 0.568359375 0.4479166666666667
0 0.0986328125 0.5017361111111112 0.0986328125 0.5095486111111112 0.103515625 0.5243055555555556 0.109375 0.5277777777777778 0.11376953125 0.5225694444444444 0.11181640625 0.5121527777777778 0.107421875 0.5034722222222222 0.103515625 0.5 0.0986328125 0.5017361111111112
0 0.408203125 0.3194444444444444 0.4072265625 0.3255208333333333 0.41015625 0.3315972222222222 0.41796875 0.3350694444444444 0.42138671875 0.3272569444444444 0.423828125 0.3151041666666667 0.41796875 0.3064236111111111 0.4140625 0.3055555555555556 0.408203125 0.3194444444444444
0 0.42138671875 0.4305555555555556 0.42236328125 0.4479166666666667 0.42724609375 0.4522569444444444 0.4296875 0.4522569444444444 0.4326171875 0.4479166666666667 0.43408203125 0.4348958333333333 0.43212890625 0.4270833333333333 0.42431640625 0.4253472222222222 0.42138671875 0.4305555555555556
0 0.22900390625 0 0.22265625 0.001736111111111111 0.228515625 0.006076388888888889 0.22900390625 0
0 0.5546875 0.3428819444444444 0.5546875 0.3532986111111111 0.55908203125 0.3619791666666667 0.560546875 0.3628472222222222 0.56640625 0.3550347222222222 0.56640625 0.3411458333333333 0.5634765625 0.3368055555555556 0.55810546875 0.3368055555555556 0.5546875 0.3428819444444444
0 0.716796875 0.421875 0.71484375 0.4253472222222222 0.71533203125 0.4331597222222222 0.71728515625 0.4375 0.7216796875 0.4375 0.724609375 0.4270833333333333 0.72265625 0.421875 0.716796875 0.421875