0 0.5546875 0.5875 0.55 0.5875 0.5578125 0.59375 0.5515625 0.6046875 0.5609375 0.6 0.5546875 0.5875
0 0.70625 0.5375 0.7078125 0.546875 0.725 0.5421875 0.725 0.534375 0.70625 0.5375
0 0.7734375 0.4109375 0.7703125 0.4171875 0.7765625 0.4296875 0.7859375 0.4375 0.790625 0.4359375 0.790625 0.4265625 0.7734375 0.4109375
0 0.3984375 0.6 0.3953125 0.60625 0.4015625 0.6125 0.40625 0.609375 0.40625 0.6 0.3984375 0.6
0 0.0046875 0.825 0 0.846875 0.01875 0.83125 0.01875 0.8171875 0.0046875 0.825
0 0.7921875 0.5265625 0.7875 0.53125 0.7875 0.546875 0.796875 0.5546875 0.8 0.53125 0.7921875 0.5265625
0 0.3140625 0.7015625 0.3125 0.7359375 0.31875 0.7421875 0.3234375 0.7390625 0.3234375 0.721875 0.3140625 0.7015625
0 0.028125 0.8875 0.025 0.90625 0.03125 0.9171875 0.0390625 0.91875 0.040625 0.90625 0.028125 0.8875
0 0.5171875 0.53125 0.5125 0.5359375 0.5125 0.5609375 0.5203125 0.5765625 0.525 0.571875 0.525 0.54375 0.5234375 0.534375 0.5171875 0.53125
0 0.13125 0.7390625 0.13125 0.753125 0.146875 0.7421875 0.15 0.73125 0.1421875 0.7296875 0.13125 0.7390625
0 0.8546875 0.371875 0.853125 0.3828125 0.8625 0.3859375 0.8625 0.371875 0.8546875 0.371875
0 0.65625 0.5421875 0.6484375 0.5421875 0.6484375 0.5484375 0.6609375 0.5625 0.6671875 0.5625 0.6671875 0.5515625 0.65625 0.5421875
0 0.8984375 0.425 0.8921875 0.4375 0.9125 0.4296875 0.9109375 0.4171875 0.8984375 0.425
0 0.4703125 0.63125 0.46875 0.6421875 0.4828125 0.6515625 0.484375 0.64375 0.4703125 0.63125
0 0.6859375 0.46875 0.6828125 0.475 0.6875 0.4875 0.6921875 0.4875 0.6921875 0.4734375 0.6859375 0.46875
0 0.15 0.8125 0.15 0.83125 0.1609375 0.8359375 0.1609375 0.8234375 0.15 0.8125
0 0.7453125 0.525 0.7453125 0.5328125 0.759375 0.5421875 0.7640625 0.540625 0.7609375 0.5296875 0.7453125 0.525