0 0.25 0.4079861111111111 0.24853515625 0.4088541666666667 0.2490234375 0.4157986111111111 0.25390625 0.4157986111111111 0.25390625 0.4088541666666667 0.25 0.4079861111111111
0 0.23681640625 0.8020833333333334 0.2373046875 0.8272569444444444 0.24560546875 0.8272569444444444 0.24462890625 0.8038194444444444 0.2412109375 0.8003472222222222 0.23681640625 0.8020833333333334
0 0.140625 0.7621527777777778 0.14013671875 0.7734375 0.1435546875 0.7786458333333334 0.15087890625 0.7769097222222222 0.154296875 0.7708333333333334 0.154296875 0.7612847222222222 0.15185546875 0.7560763888888888 0.14599609375 0.7560763888888888 0.140625 0.7621527777777778
0 0.1240234375 0.2517361111111111 0.12353515625 0.2690972222222222 0.12939453125 0.2708333333333333 0.1318359375 0.2621527777777778 0.1318359375 0.24305555555555555 0.1259765625 0.24305555555555555 0.1240234375 0.2517361111111111
0 0.21435546875 0.7881944444444444 0.21240234375 0.7925347222222222 0.21240234375 0.8012152777777778 0.21435546875 0.8064236111111112 0.216796875 0.8098958333333334 0.22265625 0.8098958333333334 0.22509765625 0.8064236111111112 0.2275390625 0.7960069444444444 0.224609375 0.7873263888888888 0.21923828125 0.7838541666666666 0.21435546875 0.7881944444444444
0 0.02783203125 0.390625 0.02490234375 0.3958333333333333 0.02587890625 0.4001736111111111 0.029296875 0.3975694444444444 0.02978515625 0.390625 0.02783203125 0.390625
0 0.2197265625 0.20833333333333334 0.21533203125 0.2126736111111111 0.21728515625 0.22395833333333334 0.2197265625 0.22569444444444445 0.22802734375 0.21875 0.23193359375 0.21006944444444445 0.23095703125 0.203125 0.22607421875 0.203125 0.2197265625 0.20833333333333334
0 0.10009765625 0.4079861111111111 0.09814453125 0.4131944444444444 0.10107421875 0.4253472222222222 0.103515625 0.4296875 0.1064453125 0.4296875 0.1064453125 0.4088541666666667 0.10009765625 0.4079861111111111
0 0.51025390625 0.4592013888888889 0.509765625 0.4661458333333333 0.51806640625 0.4782986111111111 0.52197265625 0.4791666666666667 0.52392578125 0.4765625 0.5244140625 0.46875 0.51513671875 0.453125 0.51025390625 0.4592013888888889
0 0.2890625 0.7725694444444444 0.28271484375 0.7847222222222222 0.28271484375 0.7881944444444444 0.291015625 0.8003472222222222 0.2958984375 0.8020833333333334 0.3017578125 0.7881944444444444 0.29296875 0.7725694444444444 0.2890625 0.7725694444444444
0 0.3388671875 0.2630208333333333 0.33935546875 0.2769097222222222 0.34765625 0.2769097222222222 0.349609375 0.2664930555555556 0.34716796875 0.2604166666666667 0.34033203125 0.2595486111111111 0.3388671875 0.2630208333333333
0 0.51904296875 0.3871527777777778 0.51806640625 0.3949652777777778 0.52392578125 0.3975694444444444 0.529296875 0.3940972222222222 0.533203125 0.3854166666666667 0.5322265625 0.3810763888888889 0.5244140625 0.3810763888888889 0.51904296875 0.3871527777777778