0 0.38134765625 0.20833333333333334 0.38134765625 0.21354166666666666 0.38427734375 0.2144097222222222 0.384765625 0.20572916666666666 0.38134765625 0.20833333333333334
0 0.72021484375 0.46875 0.7197265625 0.4791666666666667 0.7216796875 0.4835069444444444 0.7314453125 0.484375 0.7314453125 0.4661458333333333 0.7216796875 0.4661458333333333 0.72021484375 0.46875
0 0.58056640625 0.3463541666666667 0.580078125 0.359375 0.5830078125 0.3680555555555556 0.58837890625 0.3689236111111111 0.59423828125 0.3585069444444444 0.59423828125 0.3498263888888889 0.59130859375 0.3411458333333333 0.58447265625 0.3411458333333333 0.58056640625 0.3463541666666667
0 0.91943359375 0.7569444444444444 0.919921875 0.7682291666666666 0.92236328125 0.7734375 0.92724609375 0.7743055555555556 0.93017578125 0.7699652777777778 0.9296875 0.7560763888888888 0.92431640625 0.7534722222222222 0.91943359375 0.7569444444444444
0 0.87890625 0.5460069444444444 0.8759765625 0.5477430555555556 0.876953125 0.5633680555555556 0.884765625 0.5633680555555556 0.8876953125 0.5564236111111112 0.88720703125 0.5477430555555556 0.87890625 0.5460069444444444
0 0.3359375 0.4618055555555556 0.3359375 0.4739583333333333 0.33837890625 0.4782986111111111 0.34765625 0.4748263888888889 0.349609375 0.4670138888888889 0.34765625 0.4618055555555556 0.34423828125 0.4618055555555556 0.34130859375 0.4583333333333333 0.33740234375 0.4583333333333333 0.3359375 0.4618055555555556
0 0.31689453125 0.1970486111111111 0.31640625 0.2074652777777778 0.3203125 0.21006944444444445 0.32177734375 0.2074652777777778 0.3212890625 0.19791666666666666 0.31689453125 0.1970486111111111
0 0.259765625 0.1892361111111111 0.259765625 0.21614583333333334 0.26220703125 0.2204861111111111 0.26806640625 0.2204861111111111 0.26806640625 0.20225694444444445 0.26513671875 0.19010416666666666 0.259765625 0.1892361111111111
0 0.248046875 0.3741319444444444 0.24853515625 0.3888888888888889 0.26171875 0.3958333333333333 0.2646484375 0.3914930555555556 0.263671875 0.3828125 0.25634765625 0.3723958333333333 0.2509765625 0.3715277777777778 0.248046875 0.3741319444444444
0 0.32568359375 0.003472222222222222 0.32568359375 0.013020833333333334 0.330078125 0.026041666666666668 0.33447265625 0.027777777777777776 0.33642578125 0.025173611111111112 0.33642578125 0.010416666666666666 0.3330078125 0 0.32763671875 0 0.32568359375 0.003472222222222222
0 0.3046875 0.5998263888888888 0.3017578125 0.5998263888888888 0.302734375 0.6119791666666666 0.30615234375 0.6102430555555556 0.3046875 0.5998263888888888
0 0.46142578125 0.7743055555555556 0.4619140625 0.7829861111111112 0.46728515625 0.7829861111111112 0.46630859375 0.7743055555555556 0.46142578125 0.7743055555555556
0 0.54443359375 0.4696180555555556 0.5439453125 0.4782986111111111 0.5458984375 0.4835069444444444 0.54931640625 0.4878472222222222 0.55322265625 0.4869791666666667 0.55517578125 0.4835069444444444 0.5556640625 0.4713541666666667 0.55419921875 0.4661458333333333 0.54833984375 0.4652777777777778 0.54443359375 0.4696180555555556
0 0.5947265625 0.2248263888888889 0.59228515625 0.22916666666666666 0.59228515625 0.234375 0.59765625 0.2465277777777778 0.6005859375 0.2456597222222222 0.609375 0.234375 0.609375 0.22569444444444445 0.60546875 0.2170138888888889 0.6015625 0.21614583333333334 0.5947265625 0.2248263888888889
0 0.734375 0.3506944444444444 0.7333984375 0.3663194444444444 0.73486328125 0.3706597222222222 0.73876953125 0.3732638888888889 0.74365234375 0.3706597222222222 0.74658203125 0.3619791666666667 0.74560546875 0.3515625 0.7421875 0.3472222222222222 0.7373046875 0.3472222222222222 0.734375 0.3506944444444444