0 0.5765625 0.2515625 0.5765625 0.26875 0.5859375 0.26875 0.5859375 0.259375 0.5765625 0.2515625
0 0.0625 0.60625 0.0578125 0.6171875 0.0734375 0.6171875 0.0734375 0.6109375 0.0625 0.60625
0 0.0265625 0.0265625 0.025 0.046875 0.03125 0.0484375 0.0359375 0.03125 0.03125 0.025 0.0265625 0.0265625
0 0.2640625 0.00625 0.2625 0.0234375 0.26875 0.025 0.2703125 0.0078125 0.2640625 0.00625
0 0.3234375 0.6328125 0.325 0.6546875 0.33125 0.6484375 0.33125 0.6359375 0.3234375 0.6328125
0 0.15625 0.2234375 0.15 0.2234375 0.15 0.2359375 0.1609375 0.246875 0.1625 0.2375 0.15625 0.2234375
0 0.1765625 0.596875 0.1734375 0.6046875 0.18125 0.6125 0.1859375 0.5984375 0.184375 0.59375 0.1765625 0.596875
0 0.3265625 0.3 0.3265625 0.3171875 0.3375 0.3171875 0.3375 0.3046875 0.3265625 0.3
0 0.146875 0.4671875 0.1421875 0.4671875 0.14375 0.478125 0.15 0.475 0.146875 0.4671875
0 0.4796875 0.4890625 0.478125 0.49375 0.4859375 0.5 0.478125 0.5078125 0.48125 0.509375 0.4875 0.49375 0.4859375 0.4875 0.4796875 0.4890625
0 0.4546875 0.603125 0.4484375 0.60625 0.45 0.61875 0.4609375 0.6125 0.4609375 0.60625 0.4546875 0.603125
0 0.465625 0.11875 0.4625 0.13125 0.46875 0.1390625 0.4734375 0.1375 0.4734375 0.125 0.465625 0.11875
0 0.4890625 0.0890625 0.4875 0.10625 0.4953125 0.1171875 0.4984375 0.09375 0.4890625 0.0890625