0 0.5609375 0.19375 0.5546875 0.203125 0.5578125 0.209375 0.565625 0.2109375 0.56875 0.2 0.5609375 0.19375
0 0.7078125 0.075 0.70625 0.0859375 0.7109375 0.0875 0.7078125 0.075
0 0.6421875 0.21875 0.6390625 0.225 0.64375 0.234375 0.65 0.2359375 0.6515625 0.225 0.6421875 0.21875
0 0.4421875 0.6921875 0.4390625 0.70625 0.4484375 0.7125 0.4484375 0.6921875 0.4421875 0.6921875
0 0.503125 0.1734375 0.5 0.184375 0.5109375 0.1921875 0.509375 0.1734375 0.503125 0.1734375
0 0.1484375 0.1296875 0.1421875 0.1328125 0.1421875 0.146875 0.15 0.15625 0.1578125 0.15625 0.1609375 0.1375 0.1546875 0.1296875 0.1484375 0.1296875
0 0.5625 0 0.5609375 0.0109375 0.5671875 0.0140625 0.571875 0.003125 0.5625 0
0 0.6484375 0.921875 0.6453125 0.9296875 0.6515625 0.9359375 0.65625 0.91875 0.6515625 0.9171875 0.6484375 0.921875
0 0.4359375 0.6375 0.43125 0.6390625 0.43125 0.6484375 0.44375 0.6484375 0.446875 0.6421875 0.4359375 0.6375
0 0.603125 0.3859375 0.6 0.4046875 0.60625 0.4 0.603125 0.3859375
0 0.5109375 0.5265625 0.50625 0.5265625 0.50625 0.5421875 0.5109375 0.546875 0.5109375 0.5265625
0 0.475 0.234375 0.4734375 0.246875 0.4859375 0.2421875 0.4859375 0.23125 0.475 0.234375
0 0.46875 0.3265625 0.465625 0.34375 0.4671875 0.3515625 0.4734375 0.353125 0.4734375 0.3296875 0.46875 0.3265625
0 0.4796875 0.7625 0.475 0.7703125 0.48125 0.7796875 0.475 0.784375 0.4796875 0.7859375 0.4859375 0.7703125 0.4859375 0.7625 0.4796875 0.7625
0 0.6203125 0.6625 0.61875 0.66875 0.628125 0.6734375 0.61875 0.6796875 0.625 0.68125 0.6296875 0.6625 0.6203125 0.6625
0 0.38125 0.875 0.38125 0.89375 0.3859375 0.8953125 0.3890625 0.88125 0.38125 0.875