0 0.4875 0.8265625 0.4875 0.8453125 0.49375 0.8484375 0.496875 0.8328125 0.49375 0.8265625 0.4875 0.8265625
0 0.1171875 0.8890625 0.1125 0.90625 0.11875 0.90625 0.125 0.8953125 0.125 0.8875 0.1171875 0.8890625
0 0.375 0.84375 0.36875 0.859375 0.3734375 0.8703125 0.38125 0.8546875 0.375 0.84375
0 0.0359375 0.8796875 0.034375 0.8828125 0.04375 0.8859375 0.034375 0.89375 0.0421875 0.90625 0.046875 0.8921875 0.040625 0.878125 0.0359375 0.8796875
0 0.825 0.9578125 0.83125 0.9640625 0.8234375 0.9703125 0.8359375 0.98125 0.8359375 0.96875 0.8296875 0.9578125 0.825 0.9578125
0 0.278125 0.9546875 0.275 0.975 0.2796875 0.978125 0.2828125 0.9578125 0.278125 0.9546875
0 0.8234375 0.884375 0.8234375 0.8953125 0.8359375 0.89375 0.83125 0.884375 0.8234375 0.884375
0 0.209375 0.8546875 0.19375 0.8546875 0.19375 0.8671875 0.209375 0.86875 0.209375 0.8546875
0 0.2484375 0.875 0.24375 0.8875 0.253125 0.903125 0.259375 0.9046875 0.2609375 0.884375 0.2484375 0.875
0 0.721875 0.815625 0.71875 0.825 0.725 0.83125 0.7328125 0.83125 0.73125 0.81875 0.721875 0.815625
0 0.5984375 0.815625 0.5890625 0.815625 0.59375 0.8359375 0.6 0.8328125 0.5921875 0.825 0.5984375 0.815625
0 0.784375 0.975 0.7734375 0.975 0.7734375 0.9875 0.7875 0.9921875 0.784375 0.975
0 0.803125 0.79375 0.8015625 0.8046875 0.8125 0.8125 0.8171875 0.8078125 0.815625 0.8 0.8125 0.79375 0.803125 0.79375