0 0.715625 0.1984375 0.7125 0.2078125 0.721875 0.2203125 0.721875 0.2 0.715625 0.1984375
0 0.73125 0.375 0.73125 0.3921875 0.7375 0.39375 0.7390625 0.3796875 0.73125 0.375
0 0.9109375 0.93125 0.909375 0.94375 0.91875 0.95625 0.925 0.940625 0.9203125 0.93125 0.9109375 0.93125
0 0.8046875 0.23125 0.8 0.2359375 0.8015625 0.24375 0.8046875 0.25 0.8109375 0.25 0.8125 0.240625 0.8046875 0.23125
0 0.8640625 0.575 0.8625 0.5859375 0.8734375 0.5890625 0.875 0.5765625 0.8640625 0.575
0 0.7890625 0.1078125 0.7875 0.11875 0.7921875 0.1296875 0.796875 0.1296875 0.796875 0.1125 0.7890625 0.1078125
0 0.89375 0.74375 0.8875 0.759375 0.8953125 0.7640625 0.9 0.75 0.8984375 0.7421875 0.89375 0.74375
0 0.7078125 0.1265625 0.7171875 0.134375 0.70625 0.1421875 0.715625 0.14375 0.7171875 0.13125 0.7078125 0.1265625
0 0.775 0.69375 0.775 0.7109375 0.7859375 0.7125 0.7875 0.690625 0.78125 0.6875 0.775 0.69375
0 0.75625 0.496875 0.75 0.5 0.753125 0.5125 0.7625 0.5046875 0.7609375 0.496875 0.75625 0.496875
0 0.8078125 0.95625 0.8046875 0.9703125 0.8109375 0.9734375 0.815625 0.9578125 0.8078125 0.95625
0 0.7453125 0.10625 0.7453125 0.125 0.75 0.125 0.75 0.10625 0.7453125 0.10625
0 0.8390625 0.421875 0.8375 0.43125 0.85 0.4359375 0.85 0.4234375 0.8390625 0.421875
0 0.8703125 0.91875 0.8671875 0.9328125 0.875 0.9375 0.88125 0.925 0.8765625 0.9171875 0.8703125 0.91875