0 0.8984375 0.025 0.8890625 0.025 0.8890625 0.0359375 0.9 0.0375 0.8984375 0.025
0 0.7171875 0.16875 0.6984375 0.16875 0.6984375 0.175 0.7109375 0.178125 0.7171875 0.16875
0 0.878125 0.3546875 0.875 0.3625 0.884375 0.36875 0.8875 0.3609375 0.884375 0.3546875 0.878125 0.3546875
0 0.4921875 0.0234375 0.4875 0.034375 0.503125 0.0359375 0.5046875 0.0203125 0.4921875 0.0234375
0 0.3 0.0859375 0.2984375 0.09375 0.309375 0.096875 0.321875 0.0921875 0.3171875 0.08125 0.3 0.0859375
0 0.4234375 0.29375 0.41875 0.3015625 0.4359375 0.30625 0.4375 0.3015625 0.4234375 0.29375
0 0.9265625 0.1734375 0.91875 0.184375 0.9296875 0.1859375 0.9375 0.18125 0.9359375 0.1734375 0.9265625 0.1734375
0 0.6203125 0.3421875 0.6203125 0.3546875 0.63125 0.3546875 0.634375 0.34375 0.6203125 0.3421875
0 0.5234375 0.0421875 0.5203125 0.05 0.5421875 0.0484375 0.5390625 0.040625 0.5234375 0.0421875
0 0.5859375 0.90625 0.5734375 0.90625 0.5734375 0.915625 0.5859375 0.91875 0.5921875 0.9125 0.5859375 0.90625
0 0.40625 0.2296875 0.40625 0.2375 0.4171875 0.2375 0.415625 0.2296875 0.40625 0.2296875
0 0.971875 0.3 0.96875 0.30625 0.9796875 0.30625 0.98125 0.3 0.971875 0.3