0 0.4859375 0.4109375 0.4796875 0.4109375 0.48125 0.4359375 0.4921875 0.43125 0.4921875 0.4171875 0.4859375 0.4109375
0 0.653125 0.8421875 0.6484375 0.8421875 0.65 0.8609375 0.659375 0.8625 0.659375 0.85 0.653125 0.8421875
0 0.3015625 0.278125 0.3 0.29375 0.3125 0.3 0.3171875 0.2875 0.3015625 0.278125
0 0.6703125 0.9109375 0.66875 0.921875 0.68125 0.925 0.6828125 0.9125 0.6703125 0.9109375
0 0.1859375 0.025 0.1734375 0.025 0.1734375 0.0421875 0.1859375 0.0375 0.1859375 0.025
0 0.5578125 0.8734375 0.55625 0.8859375 0.5671875 0.8921875 0.56875 0.8796875 0.5578125 0.8734375
0 0.4 0.1875 0.3984375 0.196875 0.403125 0.2015625 0.4078125 0.1890625 0.4046875 0.184375 0.4 0.1875
0 0.225 0.1140625 0.2234375 0.125 0.23125 0.1328125 0.234375 0.1171875 0.23125 0.1125 0.225 0.1140625
0 0.43125 0.5875 0.425 0.5890625 0.425 0.6046875 0.434375 0.6046875 0.43125 0.5875
0 0.3796875 0.05 0.375 0.05 0.375 0.059375 0.3859375 0.0625 0.3859375 0.0546875 0.3796875 0.05
0 0.64375 0.9546875 0.6484375 0.959375 0.6421875 0.965625 0.6484375 0.975 0.65 0.9609375 0.64375 0.9546875
0 0.3671875 0.4421875 0.3640625 0.4609375 0.371875 0.4625 0.3734375 0.4421875 0.3671875 0.4421875
0 0.55 0.58125 0.546875 0.6015625 0.553125 0.6046875 0.5578125 0.5859375 0.55 0.58125
0 0.3484375 0.2640625 0.3484375 0.2828125 0.35625 0.275 0.3546875 0.2640625 0.3484375 0.2640625
0 0.2625 0.2359375 0.2609375 0.2453125 0.26875 0.259375 0.2734375 0.246875 0.2671875 0.2359375 0.2625 0.2359375
0 0.3265625 0.0515625 0.3234375 0.0546875 0.33125 0.0609375 0.3234375 0.0640625 0.33125 0.0703125 0.33125 0.0546875 0.3265625 0.0515625
0 0.4796875 0.71875 0.4796875 0.7375 0.4859375 0.7390625 0.4921875 0.725 0.4875 0.71875 0.4796875 0.71875
0 0.5984375 0.98125 0.596875 0.99375 0.60625 0.9984375 0.6109375 0.99375 0.609375 0.9875 0.5984375 0.98125
0 0.5984375 0.6875 0.59375 0.6875 0.59375 0.696875 0.6 0.7015625 0.603125 0.69375 0.5984375 0.6875