0 0.6 0.2046875 0.59375 0.2046875 0.59375 0.2234375 0.5984375 0.2296875 0.6046875 0.2234375 0.6 0.2046875
0 0.4390625 0.3875 0.4375 0.4109375 0.4453125 0.4125 0.45 0.3921875 0.44375 0.384375 0.4390625 0.3875
0 0.003125 0.8125 0 0.83125 0.00625 0.83125 0.0109375 0.8234375 0.0109375 0.8125 0.003125 0.8125
0 0.3421875 0.4734375 0.340625 0.48125 0.35 0.4921875 0.3546875 0.4796875 0.3421875 0.4734375
0 0.7625 0.803125 0.7546875 0.821875 0.7390625 0.8296875 0.7390625 0.84375 0.75 0.8875 0.7609375 0.9109375 0.7796875 0.9171875 0.7921875 0.8921875 0.7875 0.8390625 0.7734375 0.8 0.7625 0.803125
0 0.46875 0.3265625 0.4671875 0.3421875 0.4734375 0.34375 0.4796875 0.3265625 0.46875 0.3265625
0 0.0125 0.8953125 0.0078125 0.9046875 0.0125 0.9125 0.0203125 0.90625 0.0109375 0.9015625 0.0125 0.896875 0.0203125 0.89375 0.0125 0.8953125
0 0.2515625 0.55625 0.25 0.5734375 0.2578125 0.5734375 0.259375 0.5578125 0.2515625 0.55625
0 0.2359375 0.7703125 0.23125 0.7703125 0.23125 0.7875 0.24375 0.79375 0.24375 0.7796875 0.2359375 0.7703125
0 0.1734375 0.84375 0.171875 0.8578125 0.1765625 0.8609375 0.18125 0.84375 0.1734375 0.84375
0 0.5578125 0.465625 0.5578125 0.4734375 0.56875 0.46875 0.565625 0.4625 0.5578125 0.465625
0 0.16875 0.6375 0.1671875 0.640625 0.1765625 0.64375 0.1671875 0.653125 0.178125 0.65625 0.178125 0.64375 0.16875 0.6375
0 0.06875 0.75625 0.0671875 0.7734375 0.075 0.7734375 0.0796875 0.7546875 0.06875 0.75625
0 0.0359375 0.95 0.03125 0.9546875 0.03125 0.9734375 0.0390625 0.975 0.0421875 0.9515625 0.0359375 0.95
0 0.69375 0.4109375 0.6921875 0.4234375 0.6984375 0.425 0.6984375 0.4109375 0.69375 0.4109375
0 0.8671875 0.5875 0.8640625 0.59375 0.871875 0.5984375 0.8734375 0.5890625 0.8671875 0.5875
0 0.4796875 0.5671875 0.4796875 0.58125 0.484375 0.5859375 0.4875 0.571875 0.4796875 0.5671875
0 0.446875 0.4671875 0.4421875 0.4671875 0.4421875 0.4796875 0.4484375 0.484375 0.4515625 0.475 0.446875 0.4671875
0 0.3375 0.6796875 0.3359375 0.6953125 0.34375 0.7 0.35 0.69375 0.35 0.6796875 0.3375 0.6796875
0 0.540625 0.2828125 0.5375 0.2921875 0.546875 0.296875 0.5484375 0.2859375 0.540625 0.2828125
0 0.55625 0.54375 0.5546875 0.5671875 0.559375 0.56875 0.5625 0.546875 0.55625 0.54375
0 0.0703125 0.9265625 0.06875 0.9359375 0.0765625 0.940625 0.0859375 0.9265625 0.084375 0.91875 0.0765625 0.9171875 0.0703125 0.9265625