0 0.7078125 0.275 0.7078125 0.2921875 0.7171875 0.29375 0.721875 0.28125 0.71875 0.275 0.7078125 0.275
0 0.590625 0.28515625 0.00625 0.0140625
0 0.54375 0.8703125 0.5421875 0.88125 0.55 0.884375 0.55 0.8703125 0.54375 0.8703125
0 0.4875 0.375 0.4859375 0.390625 0.4921875 0.39375 0.49375 0.3765625 0.4875 0.375
0 0.6125 0.16875 0.6125 0.1875 0.61875 0.1875 0.6125 0.16875
0 0.4625 0.58125 0.4578125 0.5890625 0.465625 0.5984375 0.46875 0.58125 0.4625 0.58125
0 0.5609375 0.46875 0.5578125 0.475 0.5671875 0.484375 0.56875 0.46875 0.5609375 0.46875
0 0.484375 0.146875 0.48125 0.1578125 0.49375 0.1609375 0.4921875 0.146875 0.484375 0.146875
0 0.5 0.6296875 0.496875 0.6421875 0.5015625 0.6453125 0.50625 0.6359375 0.5 0.6296875
0 0.61875 0.4109375 0.6171875 0.425 0.628125 0.41875 0.625 0.4078125 0.61875 0.4109375
0 0.4359375 0.9203125 0.4375 0.940625 0.4421875 0.9375 0.4359375 0.9265625 0.4421875 0.9234375 0.4359375 0.9203125