0 0.98125 0.0421875 0.9796875 0.075 0.9875 0.075 0.9875 0.04375 0.98125 0.0421875
0 0.9890625 0.1296875 0.9796875 0.1296875 0.9796875 0.1421875 0.99375 0.15625 0.9984375 0.153125 0.9984375 0.1375 0.9890625 0.1296875
0 0.9484375 0.1015625 0.9484375 0.1375 0.953125 0.1375 0.9578125 0.1171875 0.9546875 0.1 0.9484375 0.1015625
0 0.89375 0.921875 0.8953125 0.9375 0.9046875 0.94375 0.90625 0.9203125 0.8984375 0.9171875 0.89375 0.921875
0 0.8875 0.1015625 0.8859375 0.1046875 0.8953125 0.1078125 0.8859375 0.1171875 0.9 0.125 0.8984375 0.109375 0.89375 0.1015625 0.8875 0.1015625
0 0.540625 0.03125 0.5375 0.046875 0.5421875 0.053125 0.5609375 0.0578125 0.5625 0.0375 0.5546875 0.03125 0.540625 0.03125
0 0.70625 0.2984375 0.7046875 0.30625 0.709375 0.3125 0.721875 0.3046875 0.7234375 0.29375 0.70625 0.2984375
0 0.740625 0.01875 0.7484375 0.0265625 0.7375 0.0328125 0.7390625 0.0375 0.74375 0.0484375 0.7515625 0.05 0.7421875 0.0390625 0.753125 0.0359375 0.740625 0.01875
0 0.7390625 0.85 0.7375 0.8859375 0.7421875 0.8859375 0.7453125 0.859375 0.7390625 0.85
0 0.7171875 0 0.696875 0 0.696875 0.00625 0.7125 0.00625 0.7171875 0
0 0.8546875 0.0796875 0.85 0.0796875 0.85 0.109375 0.859375 0.1125 0.8609375 0.09375 0.8546875 0.0796875