0 0.36279296875 0.7239583333333334 0.36181640625 0.7317708333333334 0.36474609375 0.7387152777777778 0.36962890625 0.7378472222222222 0.37548828125 0.7291666666666666 0.37353515625 0.7239583333333334 0.36279296875 0.7239583333333334
0 0.71630859375 0.5295138888888888 0.71484375 0.5399305555555556 0.7177734375 0.5460069444444444 0.72509765625 0.5434027777777778 0.7265625 0.5329861111111112 0.7236328125 0.5251736111111112 0.7197265625 0.5251736111111112 0.71630859375 0.5295138888888888
0 0.568359375 0.4895833333333333 0.5673828125 0.4939236111111111 0.56982421875 0.5043402777777778 0.57470703125 0.5095486111111112 0.580078125 0.5034722222222222 0.58154296875 0.4930555555555556 0.5791015625 0.484375 0.57421875 0.4809027777777778 0.568359375 0.4895833333333333
0 0.93896484375 0.6901041666666666 0.9365234375 0.6970486111111112 0.939453125 0.7048611111111112 0.94091796875 0.7074652777777778 0.94677734375 0.7074652777777778 0.947265625 0.6944444444444444 0.9443359375 0.6892361111111112 0.93896484375 0.6901041666666666
0 0.5556640625 0.6189236111111112 0.55517578125 0.6258680555555556 0.556640625 0.6310763888888888 0.56005859375 0.6354166666666666 0.56591796875 0.6345486111111112 0.56591796875 0.6163194444444444 0.55859375 0.6137152777777778 0.5556640625 0.6189236111111112
0 0.267578125 0.6857638888888888 0.26611328125 0.6892361111111112 0.26611328125 0.6970486111111112 0.26806640625 0.7022569444444444 0.28076171875 0.703125 0.2841796875 0.6987847222222222 0.28271484375 0.6892361111111112 0.27294921875 0.6848958333333334 0.267578125 0.6857638888888888
0 0.36279296875 0.4618055555555556 0.3623046875 0.4696180555555556 0.3671875 0.4696180555555556 0.3671875 0.4626736111111111 0.36279296875 0.4618055555555556
0 0.27978515625 0.2977430555555556 0.27734375 0.3020833333333333 0.27783203125 0.3098958333333333 0.28271484375 0.3185763888888889 0.2880859375 0.3194444444444444 0.2880859375 0.3055555555555556 0.28271484375 0.2977430555555556 0.27978515625 0.2977430555555556
0 0.24560546875 0.5104166666666666 0.24560546875 0.5225694444444444 0.24853515625 0.5321180555555556 0.2509765625 0.5373263888888888 0.25634765625 0.5373263888888888 0.25927734375 0.5321180555555556 0.25390625 0.515625 0.2509765625 0.5104166666666666 0.24560546875 0.5104166666666666
0 0.38818359375 0.0078125 0.38525390625 0.015625 0.3857421875 0.022569444444444444 0.39208984375 0.028645833333333332 0.39599609375 0.019097222222222224 0.3984375 0.006076388888888889 0.39599609375 0 0.39208984375 0 0.38818359375 0.0078125
0 0.8671875 0.5243055555555556 0.86669921875 0.5329861111111112 0.8681640625 0.5381944444444444 0.873046875 0.5390625 0.8759765625 0.5338541666666666 0.87548828125 0.5243055555555556 0.8671875 0.5243055555555556
0 0.34814453125 0 0.34814453125 0.018229166666666668 0.3525390625 0.019965277777777776 0.3544921875 0.012152777777777778 0.353515625 0 0.34814453125 0
0 0.5634765625 0.3663194444444444 0.55908203125 0.3767361111111111 0.55908203125 0.3810763888888889 0.564453125 0.3888888888888889 0.568359375 0.3897569444444444 0.57470703125 0.3767361111111111 0.5751953125 0.3680555555555556 0.5673828125 0.3602430555555556 0.5634765625 0.3663194444444444
0 0.71044921875 0.4140625 0.70849609375 0.4175347222222222 0.70947265625 0.4340277777777778 0.71240234375 0.4375 0.716796875 0.4357638888888889 0.720703125 0.4253472222222222 0.71923828125 0.4140625 0.71044921875 0.4140625
0 0.52978515625 0.9487847222222222 0.5302734375 0.9565972222222222 0.53515625 0.9565972222222222 0.53466796875 0.9479166666666666 0.52978515625 0.9487847222222222