0 0.3140625 0.7921875 0.31875 0.7984375 0.3125 0.80234375 0.3125 0.8109375 0.321875 0.8125 0.321875 0.8 0.3140625 0.7921875
0 0.9921875 0.0890625 0.9890625 0.1 0.9984375 0.1046875 0.9984375 0.0921875 0.9921875 0.0890625
0 0.4546875 0.6984375 0.4484375 0.6984375 0.4484375 0.7109375 0.45625 0.7140625 0.4546875 0.6984375
0 0.1578125 0.79375 0.1546875 0.8078125 0.178125 0.784375 0.1640625 0.7875 0.1671875 0.7953125 0.1609375 0.8 0.1578125 0.79375
0 0.3375 0.8546875 0.3359375 0.8671875 0.34375 0.8796875 0.3484375 0.878125 0.3484375 0.8609375 0.3421875 0.853125 0.3375 0.8546875
0 0.278125 0.5578125 0.275 0.56875 0.2859375 0.5734375 0.290625 0.5609375 0.2859375 0.55625 0.278125 0.5578125
0 0.40625 0.6734375 0.40625 0.6875 0.4109375 0.6875 0.4109375 0.6734375 0.40625 0.6734375
0 0.6328125 0.403125 0.63125 0.4265625 0.6390625 0.45 0.6375 0.465625 0.675 0.4671875 0.6875 0.4546875 0.6921875 0.4125 0.6671875 0.3890625 0.64375 0.39375 0.6328125 0.403125
0 0.30625 0.6625 0.3046875 0.68125 0.309375 0.6828125 0.3125 0.6796875 0.30625 0.6671875 0.3125 0.665625 0.30625 0.6625
0 0.44375 0.83125 0.45 0.8375 0.4421875 0.846875 0.446875 0.8484375 0.4515625 0.8390625 0.45 0.8328125 0.44375 0.83125
0 0.38125 0.8703125 0.3796875 0.884375 0.3859375 0.8859375 0.3890625 0.8796875 0.38125 0.8734375 0.3890625 0.8703125 0.38125 0.8703125