0 0.0671875 0.41875 0.0734375 0.4296875 0.0859375 0.43125 0.0796875 0.41875 0.0671875 0.41875
0 0.95 0.296875 0.9515625 0.3046875 0.96875 0.3015625 0.95 0.296875
0 0.9890625 0.7765625 0.984375 0.7859375 0.9984375 0.790625 0.9984375 0.7796875 0.9890625 0.7765625
0 0.9609375 0.60625 0.9515625 0.6125 0.9578125 0.61875 0.96875 0.6140625 0.9609375 0.60625
0 0.66875 0.728125 0.6671875 0.7328125 0.675 0.7375 0.6796875 0.7296875 0.6859375 0.7375 0.6875 0.734375 0.6859375 0.7296875 0.66875 0.728125
0 0.31875 0.2546875 0.3171875 0.2625 0.3359375 0.2609375 0.33125 0.2515625 0.31875 0.2546875
0 0.2375 0.503125 0.234375 0.5109375 0.25 0.5109375 0.25 0.5 0.2375 0.503125
0 0.1984375 0.5109375 0.1953125 0.5203125 0.20625 0.5234375 0.2046875 0.5140625 0.1984375 0.5109375
0 0.7640625 0.48125 0.759375 0.4859375 0.7609375 0.49375 0.7703125 0.496875 0.7765625 0.4921875 0.7765625 0.484375 0.7640625 0.48125
0 0.2609375 0.3125 0.2625 0.321875 0.26875 0.321875 0.275 0.3140625 0.2703125 0.309375 0.2609375 0.3125
0 0.671875 0.725 0.6671875 0.7328125 0.675 0.7375 0.6984375 0.734375 0.696875 0.728125 0.671875 0.725
0 0.478125 0.425 0.475 0.4296875 0.4796875 0.434375 0.4953125 0.4359375 0.4984375 0.43125 0.4953125 0.425 0.478125 0.425
0 0.55625 0.5859375 0.5546875 0.5953125 0.5625 0.5984375 0.5671875 0.5890625 0.55625 0.5859375
0 0.5296875 0.253125 0.5296875 0.2625 0.5421875 0.25625 0.540625 0.25 0.5296875 0.253125
0 0.7625 0.2859375 0.7625 0.2984375 0.771875 0.3 0.775 0.2859375 0.7703125 0.28125 0.7625 0.2859375