0 0.8875 0.28125 0.8859375 0.290625 0.896875 0.3015625 0.8921875 0.28125 0.8875 0.28125
0 0.609375 0.38125 0.6046875 0.3875 0.6140625 0.396875 0.60625 0.403125 0.6171875 0.3921875 0.6078125 0.3859375 0.6171875 0.38125 0.609375 0.38125
0 0.55 0.571875 0.54375 0.5828125 0.55 0.59375 0.55625 0.58125 0.5546875 0.571875 0.55 0.571875
0 0.434375 0.5890625 0.43125 0.6109375 0.4359375 0.6125 0.4421875 0.6046875 0.4421875 0.59375 0.434375 0.5890625
0 0.7859375 0.5515625 0.78125 0.5546875 0.78125 0.575 0.7875 0.5734375 0.7859375 0.5515625
0 0.89375 0.546875 0.8921875 0.5609375 0.8984375 0.5515625 0.89375 0.546875
0 0.425 0.6890625 0.421875 0.7046875 0.4265625 0.70625 0.4359375 0.69375 0.43125 0.6875 0.425 0.6890625
0 0.56875 0.825 0.5625 0.83125 0.565625 0.84375 0.575 0.8359375 0.5734375 0.825 0.56875 0.825
0 0.45 0.5390625 0.4484375 0.55 0.45625 0.5609375 0.45625 0.540625 0.45 0.5390625
0 0.6 0 0.5984375 0.0140625 0.603125 0.0171875 0.6140625 0 0.6 0
0 0.3125 0.6296875 0.3109375 0.6359375 0.31875 0.6375 0.3109375 0.646875 0.3171875 0.6484375 0.321875 0.6359375 0.3171875 0.625 0.3125 0.6296875
0 0.6796875 0.6109375 0.675 0.6125 0.6828125 0.615625 0.6828125 0.621875 0.6765625 0.628125 0.6859375 0.61875 0.6796875 0.6109375
0 0.70625 0.3234375 0.70625 0.353125 0.7125 0.33125 0.7109375 0.3234375 0.70625 0.3234375
0 0.659375 0.325 0.65625 0.3328125 0.6625 0.34375 0.66875 0.34375 0.66875 0.33125 0.659375 0.325
0 0.6984375 0.325 0.69375 0.359375 0.7046875 0.3640625 0.7140625 0.3484375 0.7140625 0.3296875 0.7125 0.3234375 0.6984375 0.325
0 0.825 0.290625 0.8234375 0.3015625 0.8328125 0.30625 0.8359375 0.3 0.825 0.290625
0 0.734375 0.41875 0.73125 0.43125 0.740625 0.4375 0.7421875 0.421875 0.734375 0.41875
0 0.35 0.9484375 0.35 0.9671875 0.359375 0.96875 0.3609375 0.9578125 0.35 0.9484375