0 0.8203125 0.2890625 0.81875 0.2921875 0.825 0.2953125 0.81875 0.3015625 0.825 0.309375 0.8296875 0.3 0.8234375 0.2875 0.8203125 0.2890625
0 0.7515625 0.065625 0.75 0.0734375 0.7609375 0.075 0.7609375 0.0625 0.7515625 0.065625
0 0.64375 0.3625 0.6359375 0.3625 0.6359375 0.3859375 0.64375 0.384375 0.64375 0.3625
0 0.7859375 0.9828125 0.784375 0.9921875 0.790625 0.99375 0.79375 0.9890625 0.7875 0.98125 0.79375 0.9796875 0.7921875 0.975 0.7859375 0.9828125
0 0.74375 0.25 0.7375 0.25 0.7390625 0.2640625 0.7484375 0.2625 0.74375 0.25
0 0.625 0.7921875 0.6265625 0.8125 0.63125 0.8046875 0.63125 0.7875 0.625 0.7921875
0 0.5859375 0.659375 0.5828125 0.6671875 0.59375 0.671875 0.5984375 0.6625 0.5859375 0.659375
0 0.8890625 0.1640625 0.8875 0.1734375 0.89375 0.175 0.89375 0.1640625 0.8890625 0.1640625
0 0.7703125 0.446875 0.778125 0.45625 0.76875 0.459375 0.7734375 0.4625 0.7796875 0.45 0.7703125 0.446875
0 0.65 0.2703125 0.6484375 0.28125 0.6625 0.2796875 0.6625 0.26875 0.65 0.2703125
0 0.7765625 0.71875 0.7734375 0.7421875 0.78125 0.734375 0.78125 0.721875 0.7765625 0.71875
0 0.59375 0.7109375 0.5890625 0.7140625 0.5890625 0.728125 0.5984375 0.734375 0.6 0.7140625 0.59375 0.7109375
0 0.66875 0.5625 0.6671875 0.58125 0.675 0.58125 0.675 0.5671875 0.66875 0.5625
0 0.6828125 0.2171875 0.68125 0.2296875 0.6921875 0.2359375 0.690625 0.21875 0.6828125 0.2171875
0 0.6828125 0.2125 0.6796875 0.246875 0.6859375 0.259375 0.69375 0.259375 0.696875 0.2234375 0.6828125 0.2125
0 0.5234375 0.878125 0.5234375 0.8984375 0.53125 0.8984375 0.5234375 0.8875 0.53125 0.8859375 0.5296875 0.88125 0.5234375 0.878125