0 0.5625 0.434375 0.5546875 0.4375 0.5546875 0.4421875 0.5671875 0.4484375 0.5859375 0.45 0.596875 0.4421875 0.5859375 0.434375 0.5625 0.434375
0 0.35 0.790625 0.34375 0.8 0.3671875 0.796875 0.3671875 0.7921875 0.35625 0.7875 0.35 0.790625
0 0.94375 0.309375 0.946875 0.3171875 0.9640625 0.31875 0.9765625 0.31875 0.984375 0.3125 0.978125 0.30625 0.94375 0.309375
0 0.4234375 0.6453125 0.425 0.6515625 0.44375 0.6453125 0.4234375 0.6453125
0 0.33125 0.6171875 0.3109375 0.6171875 0.3125 0.634375 0.3328125 0.6359375 0.340625 0.6203125 0.33125 0.6171875
0 0.00625 0.65 0.003125 0.659375 0.025 0.659375 0.025 0.65 0.00625 0.65
0 0.69375 0.6921875 0.6828125 0.6921875 0.6875 0.70625 0.696875 0.7046875 0.69375 0.6921875
0 0.51875 0.540625 0.51875 0.55 0.5359375 0.55 0.5359375 0.54375 0.51875 0.540625
0 0.3 0.603125 0.2984375 0.6125 0.3125 0.6125 0.309375 0.603125 0.3 0.603125
0 0.5984375 0.80625 0.596875 0.8125 0.6046875 0.815625 0.6171875 0.8046875 0.5984375 0.80625
0 0.08125 0.784375 0.075 0.7875 0.0765625 0.79375 0.09375 0.7921875 0.09375 0.7875 0.08125 0.784375
0 0.1984375 0.6828125 0.1953125 0.690625 0.2 0.69375 0.21875 0.6921875 0.21875 0.6859375 0.1984375 0.6828125
0 0.3546875 0.609375 0.35625 0.61875 0.371875 0.6171875 0.3640625 0.60625 0.3546875 0.609375