0 0.560546875 0.14930555555555555 0.56103515625 0.1579861111111111 0.56689453125 0.1579861111111111 0.5751953125 0.1440972222222222 0.57421875 0.13541666666666666 0.5712890625 0.13194444444444445 0.56591796875 0.13541666666666666 0.560546875 0.14930555555555555
0 0.5712890625 0.21180555555555555 0.5703125 0.22395833333333334 0.57958984375 0.22916666666666666 0.5830078125 0.22916666666666666 0.58544921875 0.2248263888888889 0.5859375 0.21614583333333334 0.58349609375 0.2126736111111111 0.57470703125 0.21006944444444445 0.5712890625 0.21180555555555555
0 0.392578125 0.6944444444444444 0.39013671875 0.6987847222222222 0.39013671875 0.7100694444444444 0.3935546875 0.7161458333333334 0.39990234375 0.7161458333333334 0.404296875 0.7083333333333334 0.404296875 0.6979166666666666 0.39794921875 0.6909722222222222 0.392578125 0.6944444444444444
0 0.15283203125 0.7994791666666666 0.15283203125 0.8090277777777778 0.15625 0.8098958333333334 0.1572265625 0.8020833333333334 0.15283203125 0.7994791666666666
0 0.20068359375 0.4574652777777778 0.201171875 0.4652777777777778 0.20751953125 0.4739583333333333 0.2109375 0.4748263888888889 0.2119140625 0.46875 0.20751953125 0.453125 0.20556640625 0.4522569444444444 0.20068359375 0.4574652777777778
0 0.3203125 0.7282986111111112 0.31982421875 0.7369791666666666 0.32275390625 0.7430555555555556 0.32958984375 0.7413194444444444 0.33251953125 0.7326388888888888 0.33056640625 0.7213541666666666 0.3291015625 0.7204861111111112 0.32421875 0.7204861111111112 0.3203125 0.7282986111111112
0 0.263671875 0.1953125 0.259765625 0.20399305555555555 0.259765625 0.21180555555555555 0.26513671875 0.2170138888888889 0.267578125 0.2152777777777778 0.2705078125 0.2074652777777778 0.27197265625 0.1935763888888889 0.26806640625 0.1892361111111111 0.263671875 0.1953125
0 0.185546875 0.2925347222222222 0.18408203125 0.3012152777777778 0.1884765625 0.3185763888888889 0.1923828125 0.3220486111111111 0.1943359375 0.3194444444444444 0.193359375 0.2934027777777778 0.1884765625 0.2907986111111111 0.185546875 0.2925347222222222
0 0.45068359375 0.6354166666666666 0.45068359375 0.6527777777777778 0.46337890625 0.6571180555555556 0.46533203125 0.6440972222222222 0.4638671875 0.6362847222222222 0.4560546875 0.6328125 0.45068359375 0.6354166666666666
0 0.42724609375 0.9479166666666666 0.42431640625 0.953125 0.42431640625 0.9600694444444444 0.42822265625 0.96875 0.4306640625 0.96875 0.435546875 0.9618055555555556 0.43603515625 0.9522569444444444 0.4326171875 0.9470486111111112 0.42724609375 0.9479166666666666
0 0.4794921875 0.9027777777777778 0.4794921875 0.9097222222222222 0.482421875 0.9166666666666666 0.48974609375 0.9157986111111112 0.4921875 0.9079861111111112 0.49169921875 0.9001736111111112 0.4892578125 0.8949652777777778 0.4814453125 0.8958333333333334 0.4794921875 0.9027777777777778
0 0.3798828125 0.16145833333333334 0.37939453125 0.1753472222222222 0.38427734375 0.1796875 0.3876953125 0.1753472222222222 0.38720703125 0.15885416666666666 0.3828125 0.15711805555555555 0.3798828125 0.16145833333333334