0 0.71875 0.371875 0.728125 0.3828125 0.7171875 0.3859375 0.71875 0.3921875 0.725 0.3921875 0.7296875 0.3859375 0.728125 0.3765625 0.71875 0.371875
0 0.7796875 0.4515625 0.7734375 0.4609375 0.7765625 0.4734375 0.78125 0.475 0.784375 0.45625 0.7796875 0.4515625
0 0.5734375 0.1046875 0.571875 0.1171875 0.5765625 0.1234375 0.58125 0.1171875 0.5734375 0.109375 0.58125 0.1046875 0.5734375 0.1046875
0 0.728125 0.5765625 0.725 0.6 0.734375 0.6 0.7359375 0.59375 0.728125 0.58671875 0.7359375 0.5828125 0.734375 0.5765625 0.728125 0.5765625
0 0.69375 0.53125 0.7 0.540625 0.6921875 0.5421875 0.69375 0.55 0.7015625 0.55 0.7 0.5375 0.69375 0.53125
0 0.003125 0.1640625 0 0.23125 0.00625 0.25 0.0125 0.25 0.0296875 0.240625 0.040625 0.2265625 0.0546875 0.2 0.0578125 0.18125 0.0296875 0.1359375 0.0140625 0.1453125 0.003125 0.1640625
0 0.5609375 0.3296875 0.5546875 0.3359375 0.55625 0.3484375 0.5671875 0.340625 0.56875 0.33125 0.5609375 0.3296875
0 0.46875 0.1890625 0.465625 0.2125 0.471875 0.2171875 0.478125 0.2109375 0.478125 0.1984375 0.46875 0.1890625
0 0.75625 0.5296875 0.75625 0.54375 0.7609375 0.546875 0.7625 0.534375 0.75625 0.5296875
0 0.353125 0.0234375 0.34375 0.0234375 0.3453125 0.0375 0.353125 0.0359375 0.353125 0.0234375
0 0.6109375 0.4171875 0.6125 0.421875 0.6046875 0.4234375 0.6046875 0.43125 0.6140625 0.4359375 0.6171875 0.43125 0.6109375 0.4171875
0 0.6390625 0.2203125 0.6375 0.2359375 0.6453125 0.2375 0.65 0.21875 0.6390625 0.2203125