0 0.7765625 0.2203125 0.7734375 0.23125 0.78125 0.234375 0.7921875 0.225 0.79375 0.2171875 0.7875 0.2109375 0.7765625 0.2203125
0 0.24375 0.1875 0.2375 0.19375 0.240625 0.2046875 0.246875 0.2046875 0.2515625 0.1953125 0.2515625 0.1875 0.24375 0.1875
0 0.45 0.51875 0.4484375 0.53125 0.46875 0.5359375 0.46875 0.51875 0.45 0.51875
0 0.7 0.4171875 0.6984375 0.425 0.7125 0.446875 0.70625 0.4359375 0.7140625 0.434375 0.7109375 0.41875 0.7 0.4171875
0 0.5984375 0.1109375 0.596875 0.1140625 0.603125 0.115625 0.596875 0.121875 0.6 0.1375 0.60625 0.1484375 0.6046875 0.14375 0.6125 0.1421875 0.609375 0.128125 0.6140625 0.1203125 0.5984375 0.1109375
0 0.3046875 0.6625 0.2984375 0.66875 0.3 0.675 0.321875 0.671875 0.3171875 0.6609375 0.3046875 0.6625
0 0.0125 0.5234375 0.0140625 0.565625 0.0359375 0.565625 0.03125 0.5203125 0.0203125 0.51875 0.0125 0.5234375
0 0.60625 0.4484375 0.5984375 0.4484375 0.6 0.4625 0.6171875 0.4734375 0.60625 0.4484375
0 0.478125 0.2390625 0.478125 0.2546875 0.4890625 0.2625 0.4984375 0.2609375 0.49375 0.24375 0.484375 0.2375 0.478125 0.2390625
0 0.94375 0.11875 0.94375 0.1328125 0.9625 0.1484375 0.9609375 0.1265625 0.9484375 0.1171875 0.94375 0.11875
0 0.540625 0.5203125 0.5375 0.53125 0.55 0.546875 0.55625 0.546875 0.5484375 0.5203125 0.540625 0.5203125
0 0.61875 0.290625 0.61875 0.33125 0.628125 0.33125 0.63125 0.2921875 0.628125 0.2859375 0.61875 0.290625
0 0.31875 0.8359375 0.3140625 0.85 0.3234375 0.85 0.325 0.84375 0.33125 0.84375 0.33125 0.825 0.31875 0.8359375