0 0.28125 0.6109375 0.278125 0.6234375 0.2859375 0.6296875 0.290625 0.61875 0.28125 0.6109375
0 0.703125 0.1828125 0.7046875 0.1921875 0.71875 0.1875 0.7171875 0.175 0.703125 0.1828125
0 0.384375 0.46875 0.3765625 0.46875 0.3796875 0.4875 0.3859375 0.4875 0.384375 0.46875
0 0.4109375 0.565625 0.4078125 0.5890625 0.4125 0.5921875 0.4171875 0.5875 0.4171875 0.56875 0.4109375 0.565625
0 0.2125 0.6140625 0.209375 0.6234375 0.2125 0.6359375 0.21875 0.6390625 0.2203125 0.63125 0.2125 0.6140625
0 0.3265625 0.321875 0.325 0.3421875 0.3328125 0.34375 0.3359375 0.3234375 0.33125 0.31875 0.3265625 0.321875
0 0.2125 0.340625 0.2109375 0.3515625 0.215625 0.3546875 0.21875 0.3421875 0.2125 0.340625
0 0.50625 0.96875 0.5046875 0.9984375 0.5203125 0.9984375 0.5203125 0.990625 0.5296875 0.9859375 0.546875 0.9984375 0.55 0.978125 0.5375 0.9640625 0.528125 0.96875 0.5203125 0.965625 0.53125 0.9484375 0.5296875 0.9421875 0.5234375 0.940625 0.5140625 0.95 0.50625 0.96875
0 0.5765625 0.303125 0.5734375 0.321875 0.5828125 0.3125 0.5828125 0.3015625 0.5765625 0.303125
0 0.5578125 0.034375 0.5515625 0.040625 0.5515625 0.05 0.5609375 0.0484375 0.565625 0.0421875 0.565625 0.0375 0.5578125 0.034375
0 0.7 0.2796875 0.6984375 0.2984375 0.7046875 0.3 0.7078125 0.28125 0.7 0.2796875
0 0.5109375 0.95625 0.5125 0.975 0.51875 0.971875 0.53125 0.94375 0.5203125 0.9421875 0.5109375 0.95625
0 0.63125 0.3375 0.63125 0.353125 0.6453125 0.353125 0.6546875 0.34375 0.6546875 0.325 0.6453125 0.321875 0.63125 0.3375
0 0.4421875 0.2640625 0.4375 0.26875 0.4375 0.2796875 0.446875 0.28125 0.4484375 0.26875 0.4421875 0.2640625
0 0.825 0.24375 0.8234375 0.25625 0.83125 0.2609375 0.8359375 0.240625 0.8296875 0.2375 0.825 0.24375
0 0.5359375 0.9734375 0.534375 0.9875 0.5375 0.9921875 0.546875 0.990625 0.55 0.9734375 0.5359375 0.9734375
0 0.4515625 0.56875 0.4515625 0.58125 0.465625 0.5921875 0.465625 0.58125 0.4515625 0.56875
0 0.5109375 0.5125 0.50625 0.5203125 0.509375 0.53125 0.515625 0.5296875 0.5203125 0.5203125 0.51875 0.5109375 0.5109375 0.5125
0 0.6796875 0.3359375 0.6765625 0.3453125 0.6828125 0.3546875 0.6875 0.34375 0.6796875 0.3359375