0 0.5671875 0.5765625 0.565625 0.58125 0.5671875 0.5765625
0 0.6734375 0.35 0.6734375 0.365625 0.6796875 0.36875 0.68125 0.353125 0.6734375 0.35
0 0.10625 0.3375 0.1 0.3375 0.1 0.353125 0.10625 0.3609375 0.1109375 0.35625 0.10625 0.3375
0 0.9578125 0.1 0.95625 0.10625 0.9609375 0.10625 0.9578125 0.1
0 0.5859375 0.50625 0.5828125 0.5234375 0.5890625 0.5234375 0.59375 0.5140625 0.59375 0.50625 0.5859375 0.50625
0 0.1 0.4125 0.09375 0.4125 0.09375 0.421875 0.1046875 0.425 0.1 0.4125
0 0.3921875 0.5546875 0.3859375 0.5609375 0.3890625 0.5734375 0.3953125 0.56875 0.3921875 0.5546875
0 0.7203125 0.615625 0.71875 0.625 0.725 0.6296875 0.7296875 0.615625 0.7203125 0.615625
0 0.4390625 0.3765625 0.4390625 0.39375 0.45 0.4 0.4546875 0.3953125 0.4546875 0.38125 0.4453125 0.375 0.4390625 0.3765625
0 0.1015625 0.4921875 0.1 0.503125 0.1109375 0.5109375 0.109375 0.49375 0.1015625 0.4921875
0 0.2515625 0.3484375 0.25 0.3546875 0.2609375 0.3625 0.2609375 0.35 0.2515625 0.3484375
0 0.7921875 0.6375 0.790625 0.659375 0.7984375 0.6625 0.8 0.6484375 0.796875 0.6375 0.7921875 0.6375
0 0.6421875 0.6203125 0.6390625 0.6296875 0.6515625 0.6359375 0.6546875 0.628125 0.6421875 0.6203125
0 0.14375 0.34375 0.1421875 0.3546875 0.1546875 0.359375 0.1546875 0.3453125 0.14375 0.34375
0 0.175 0.5 0.1734375 0.509375 0.1859375 0.5140625 0.1875 0.50625 0.175 0.5
0 0.696875 0.4328125 0.696875 0.4421875 0.70625 0.44375 0.70625 0.434375 0.696875 0.4328125
0 0.29375 0.534375 0.2921875 0.5515625 0.3 0.5546875 0.3015625 0.5421875 0.2984375 0.534375 0.29375 0.534375
0 0.3296875 0.3625 0.3234375 0.3625 0.325 0.384375 0.3328125 0.3734375 0.3296875 0.3625
0 0.146875 0.5875 0.1421875 0.59375 0.15625 0.5890625 0.146875 0.5875
0 0.8390625 0.3859375 0.8328125 0.3859375 0.8359375 0.3984375 0.8421875 0.39375 0.8390625 0.3859375
0 0.5984375 0.5734375 0.59375 0.5859375 0.60625 0.6 0.6109375 0.5875 0.596875 0.5875 0.6015625 0.578125 0.5984375 0.5734375
0 0.4890625 0.575 0.4875 0.5859375 0.49375 0.5890625 0.5 0.5796875 0.4984375 0.56875 0.4890625 0.575
0 0.5984375 0.3859375 0.59375 0.4 0.6 0.4046875 0.6046875 0.3859375 0.5984375 0.3859375