0 0.1390625 0.6 0.1359375 0.6140625 0.15 0.6125 0.1609375 0.6046875 0.15625 0.596875 0.1390625 0.6
0 0.8734375 0.575 0.8703125 0.603125 0.8796875 0.6171875 0.8859375 0.6046875 0.8859375 0.5734375 0.878125 0.56875 0.8734375 0.575
0 0.75 0.5859375 0.75 0.596875 0.759375 0.5921875 0.75625 0.5859375 0.75 0.5859375
0 0.3265625 0.64375 0.3234375 0.6515625 0.33125 0.65625 0.34375 0.646875 0.34375 0.63125 0.3265625 0.64375
0 0.9046875 0.6375 0.9015625 0.6484375 0.9125 0.665625 0.915625 0.65 0.9109375 0.6375 0.9046875 0.6375
0 0.1 0.6875 0.09375 0.69375 0.09375 0.7078125 0.115625 0.7234375 0.115625 0.7015625 0.1046875 0.6875 0.1 0.6875
0 0.2625 0.7109375 0.259375 0.728125 0.26875 0.7296875 0.278125 0.71875 0.2796875 0.7015625 0.2625 0.7109375
0 0.1734375 0.6796875 0.16875 0.6828125 0.1734375 0.703125 0.1875 0.7109375 0.1859375 0.69375 0.1796875 0.68125 0.1734375 0.6796875
0 0.85 0.3859375 0.8484375 0.40625 0.8546875 0.4109375 0.8625 0.3984375 0.8515625 0.3859375 0.8625 0.384375 0.8546875 0.378125 0.8609375 0.36875 0.8546875 0.3703125 0.85 0.3859375
0 0.65 0.6515625 0.6484375 0.6890625 0.65625 0.690625 0.659375 0.6625 0.65 0.6515625
0 0.81875 0.6453125 0.81875 0.6671875 0.8234375 0.6734375 0.83125 0.6734375 0.83125 0.6625 0.81875 0.6453125
0 0.3453125 0.7078125 0.3484375 0.7125 0.34375 0.7265625 0.3484375 0.7421875 0.3546875 0.7421875 0.35625 0.734375 0.3484375 0.73125 0.3546875 0.7234375 0.3453125 0.7078125
0 0.478125 0.6859375 0.4734375 0.6875 0.475 0.70625 0.4875 0.7109375 0.4875 0.6875 0.478125 0.6859375
0 0.475 0.6 0.4625 0.6125 0.46875 0.61875 0.484375 0.6125 0.484375 0.6 0.475 0.6