0 0.36875 0.9046875 0.375 0.9109375 0.3671875 0.915625 0.36875 0.925 0.375 0.925 0.3765625 0.9125 0.36875 0.9046875
0 0.3796875 0.6 0.3765625 0.609375 0.3859375 0.6171875 0.3859375 0.59375 0.3796875 0.6
0 0.1890625 0.2109375 0.1875 0.2234375 0.1921875 0.225 0.1984375 0.2125 0.19375 0.20625 0.1890625 0.2109375
0 0.1 0.1546875 0.1 0.171875 0.109375 0.178125 0.1109375 0.16875 0.1 0.1546875
0 0.296875 0.725 0.29375 0.7375 0.3046875 0.7421875 0.30625 0.7390625 0.296875 0.7390625 0.2953125 0.73125 0.30625 0.725 0.296875 0.725
0 0.465625 0.8890625 0.4625 0.8984375 0.4734375 0.9125 0.4671875 0.9015625 0.475 0.9015625 0.4734375 0.89375 0.465625 0.8890625
0 0.31875 0.3953125 0.31875 0.4171875 0.33125 0.421875 0.3296875 0.3953125 0.31875 0.3953125
0 0.1375 0.2171875 0.1375 0.23125 0.153125 0.2359375 0.1546875 0.2203125 0.1421875 0.2125 0.1375 0.2171875
0 0.2484375 0.56875 0.246875 0.5859375 0.2546875 0.5875 0.2546875 0.571875 0.2484375 0.56875
0 0.19375 0.4015625 0.1921875 0.4171875 0.2 0.421875 0.2015625 0.415625 0.19375 0.4078125 0.2015625 0.403125 0.1984375 0.3984375 0.19375 0.4015625
0 0.421875 0.7109375 0.41875 0.7125 0.425 0.7171875 0.41875 0.721875 0.4265625 0.7296875 0.4296875 0.721875 0.421875 0.7109375
0 0.25 0.134375 0.2484375 0.1453125 0.2546875 0.1515625 0.2484375 0.1546875 0.2546875 0.15625 0.2609375 0.1390625 0.2546875 0.1328125 0.25 0.134375
0 0.0734375 0.0171875 0.06875 0.01875 0.06875 0.0359375 0.075 0.0421875 0.0796875 0.0203125 0.0734375 0.0171875
0 0.4859375 0.9671875 0.484375 0.9796875 0.496875 0.98125 0.496875 0.96875 0.4859375 0.9671875