0 0.5615234375 0.1362847222222222 0.56005859375 0.13975694444444445 0.560546875 0.1579861111111111 0.56591796875 0.16145833333333334 0.57177734375 0.15625 0.572265625 0.15104166666666666 0.57470703125 0.14756944444444445 0.5751953125 0.1362847222222222 0.5712890625 0.13194444444444445 0.5615234375 0.1362847222222222
0 0.380859375 0.15885416666666666 0.3798828125 0.1762152777777778 0.38232421875 0.1796875 0.3857421875 0.17881944444444445 0.388671875 0.17100694444444445 0.38818359375 0.16319444444444445 0.38671875 0.1579861111111111 0.380859375 0.15885416666666666
0 0.5712890625 0.21180555555555555 0.5712890625 0.2248263888888889 0.58203125 0.22916666666666666 0.5859375 0.2222222222222222 0.5859375 0.21614583333333334 0.58349609375 0.2126736111111111 0.57470703125 0.21006944444444445 0.5712890625 0.21180555555555555
0 0.15380859375 0.7994791666666666 0.15234375 0.8003472222222222 0.15234375 0.8072916666666666 0.15625 0.8098958333333334 0.1572265625 0.8020833333333334 0.15380859375 0.7994791666666666
0 0.4267578125 0.9487847222222222 0.42431640625 0.953125 0.42431640625 0.9644097222222222 0.42578125 0.9678819444444444 0.4287109375 0.9704861111111112 0.43603515625 0.9644097222222222 0.4375 0.9522569444444444 0.435546875 0.9479166666666666 0.43212890625 0.9453125 0.4267578125 0.9487847222222222
0 0.4794921875 0.9036458333333334 0.4794921875 0.9114583333333334 0.482421875 0.9166666666666666 0.48974609375 0.9157986111111112 0.4921875 0.9071180555555556 0.48974609375 0.8958333333333334 0.4873046875 0.8940972222222222 0.482421875 0.8949652777777778 0.4794921875 0.9036458333333334
0 0.39306640625 0.6935763888888888 0.39013671875 0.6987847222222222 0.39013671875 0.7100694444444444 0.3935546875 0.7161458333333334 0.40185546875 0.7161458333333334 0.40478515625 0.7074652777777778 0.40380859375 0.6953125 0.40087890625 0.6909722222222222 0.39306640625 0.6935763888888888
0 0.20068359375 0.4574652777777778 0.2001953125 0.4644097222222222 0.203125 0.4748263888888889 0.2109375 0.4756944444444444 0.21337890625 0.4704861111111111 0.21044921875 0.453125 0.20556640625 0.4522569444444444 0.20068359375 0.4574652777777778
0 0.26025390625 0.20225694444444445 0.259765625 0.21180555555555555 0.2626953125 0.21614583333333334 0.2666015625 0.21614583333333334 0.2705078125 0.2074652777777778 0.27294921875 0.19444444444444445 0.26806640625 0.1892361111111111 0.26025390625 0.20225694444444445
0 0.18408203125 0.2960069444444444 0.18359375 0.3003472222222222 0.1865234375 0.3107638888888889 0.18603515625 0.3194444444444444 0.193359375 0.3220486111111111 0.19482421875 0.3003472222222222 0.19384765625 0.2925347222222222 0.1884765625 0.2907986111111111 0.18408203125 0.2960069444444444
0 0.451171875 0.6345486111111112 0.4501953125 0.6527777777777778 0.45849609375 0.6571180555555556 0.46337890625 0.65625 0.46484375 0.6484375 0.4638671875 0.6362847222222222 0.4560546875 0.6328125 0.451171875 0.6345486111111112
0 0.3203125 0.7291666666666666 0.3203125 0.7387152777777778 0.32275390625 0.7430555555555556 0.32763671875 0.7430555555555556 0.33251953125 0.734375 0.3330078125 0.7248263888888888 0.33056640625 0.7204861111111112 0.32470703125 0.7204861111111112 0.3203125 0.7291666666666666