0 0.35 0.7765625 0.3421875 0.78125 0.34375 0.790625 0.359375 0.7875 0.359375 0.78125 0.35 0.7765625
0 0.6140625 0.6 0.6140625 0.6109375 0.634375 0.6109375 0.628125 0.6 0.6140625 0.6
0 0.5375 0.6109375 0.54375 0.6171875 0.5359375 0.6234375 0.546875 0.628125 0.546875 0.61875 0.5375 0.6109375
0 0.5609375 0.59375 0.5578125 0.6046875 0.56875 0.609375 0.571875 0.59375 0.5609375 0.59375
0 0.1484375 0.7484375 0.15 0.75625 0.1609375 0.75625 0.1609375 0.75 0.1484375 0.7484375
0 0.4671875 0.6765625 0.4625 0.6859375 0.478125 0.6875 0.4859375 0.6828125 0.478125 0.6765625 0.4671875 0.6765625
0 0.8734375 0.8015625 0.8703125 0.8046875 0.8796875 0.8109375 0.8921875 0.8 0.8796875 0.796875 0.8734375 0.8015625
0 0.815625 0.4265625 0.8125 0.43125 0.83125 0.4421875 0.846875 0.4421875 0.8546875 0.4359375 0.8484375 0.425 0.815625 0.4265625
0 0.1125 0.6921875 0.1125 0.6984375 0.125 0.7046875 0.15 0.7046875 0.15625 0.6984375 0.1546875 0.69375 0.1375 0.6875 0.1203125 0.6875 0.1125 0.6921875
0 0.6984375 0.634375 0.6875 0.6375 0.6875 0.64375 0.6921875 0.6453125 0.6921875 0.6375 0.696875 0.6359375 0.703125 0.6453125 0.7078125 0.6421875 0.70625 0.634375 0.6984375 0.634375
0 0.6828125 0.4125 0.68125 0.41875 0.69375 0.4234375 0.6921875 0.4109375 0.6828125 0.4125
0 0.16875 0.6625 0.1671875 0.6703125 0.178125 0.6734375 0.18125 0.6609375 0.16875 0.6625
0 0.11875 0.690625 0.1125 0.696875 0.1296875 0.7046875 0.1359375 0.7 0.1328125 0.69375 0.11875 0.690625
0 0.575 0.6203125 0.5734375 0.628125 0.5796875 0.63125 0.596875 0.6296875 0.6 0.625 0.5953125 0.6171875 0.575 0.6203125
0 0.90625 0.5875 0.90625 0.5984375 0.9171875 0.603125 0.9265625 0.5984375 0.9234375 0.5859375 0.9109375 0.5828125 0.90625 0.5875
0 0.9609375 0.68125 0.9578125 0.6921875 0.975 0.6921875 0.9734375 0.6828125 0.9609375 0.68125
0 0.275 0.3875 0.26875 0.3984375 0.2859375 0.3984375 0.3 0.3890625 0.275 0.3875
0 0.61875 0.7859375 0.6140625 0.7875 0.6171875 0.79375 0.6359375 0.7921875 0.6296875 0.784375 0.61875 0.7859375
0 0.78125 0.53125 0.78125 0.5421875 0.8 0.5421875 0.8 0.5359375 0.78125 0.53125
0 0.2671875 0.64375 0.2609375 0.6453125 0.2609375 0.6546875 0.28125 0.6546875 0.2828125 0.6453125 0.2671875 0.64375
0 0.1890625 0.8265625 0.184375 0.83125 0.1890625 0.8375 0.2046875 0.8375 0.1890625 0.8265625