0 0.91875 0.13125 0.9171875 0.140625 0.925 0.153125 0.9296875 0.15 0.9296875 0.1390625 0.9234375 0.1296875 0.91875 0.13125
0 0.53125 0.3 0.5296875 0.309375 0.5359375 0.3109375 0.5375 0.3 0.53125 0.3
0 0.5375 0.3640625 0.5359375 0.3859375 0.5421875 0.3796875 0.5359375 0.375 0.5421875 0.371875 0.5421875 0.3640625 0.5375 0.3640625
0 0.86875 0.3265625 0.8671875 0.3421875 0.88125 0.34375 0.8796875 0.3265625 0.86875 0.3265625
0 0.5765625 0.3671875 0.575 0.3796875 0.5828125 0.3796875 0.5875 0.3640625 0.5765625 0.3671875
0 0.540625 0.2140625 0.5375 0.234375 0.5484375 0.234375 0.5484375 0.2125 0.540625 0.2140625
0 0.9984375 0.1375 0.9953125 0.1421875 0.9984375 0.1375
0 0.6828125 0.3640625 0.68125 0.3734375 0.6859375 0.375 0.6828125 0.3671875 0.6921875 0.36875 0.6921875 0.3625 0.6828125 0.3640625
0 0.6171875 0.209375 0.6109375 0.209375 0.6109375 0.2234375 0.61875 0.21875 0.6171875 0.209375
0 0.75625 0.340625 0.75625 0.3609375 0.7609375 0.3609375 0.7609375 0.3421875 0.75625 0.340625
0 0.81875 0.15 0.815625 0.1609375 0.8171875 0.1671875 0.8234375 0.16875 0.8265625 0.153125 0.81875 0.15
0 0.73125 0.1625 0.725 0.16875 0.725 0.1875 0.734375 0.1875 0.7359375 0.16875 0.73125 0.1625