0 0.8109375 0.21875 0.8078125 0.2234375 0.8125 0.225 0.8203125 0.2171875 0.8234375 0.225 0.8296875 0.2234375 0.83125 0.215625 0.8109375 0.21875
0 0.1234375 0.4265625 0.115625 0.4296875 0.115625 0.4359375 0.13125 0.4375 0.1296875 0.4265625 0.1234375 0.4265625
0 0.88125 0.6734375 0.878125 0.6828125 0.8859375 0.6859375 0.8921875 0.675 0.88125 0.6734375
0 0.0421875 0.5921875 0.040625 0.603125 0.0484375 0.6046875 0.0546875 0.59375 0.0421875 0.5921875
0 0.496875 0.1953125 0.4890625 0.2015625 0.509375 0.2046875 0.509375 0.1953125 0.496875 0.1953125
0 0.275 0.6109375 0.275 0.61875 0.290625 0.61875 0.2859375 0.6125 0.275 0.6109375
0 0.4171875 0.434375 0.40625 0.4375 0.40625 0.4421875 0.415625 0.4359375 0.4171875 0.44375 0.425 0.4421875 0.4265625 0.4359375 0.4171875 0.434375
0 0.3 0.29375 0.296875 0.3046875 0.30625 0.30625 0.30625 0.296875 0.3 0.29375
0 0.9484375 0.6140625 0.9484375 0.6203125 0.953125 0.6140625 0.9609375 0.6203125 0.9671875 0.6171875 0.965625 0.6125 0.9484375 0.6140625
0 0.675 0.6375 0.6671875 0.6375 0.6671875 0.6484375 0.6796875 0.6484375 0.675 0.6375
0 0.45625 0.64375 0.4421875 0.64375 0.4421875 0.6515625 0.45625 0.6546875 0.45625 0.64375
0 0.665625 0.3640625 0.665625 0.3734375 0.6734375 0.375 0.6765625 0.3640625 0.665625 0.3640625