0 0.0515625 0.5765625 0.04375 0.5828125 0.0546875 0.5890625 0.0671875 0.58125 0.0671875 0.5765625 0.0515625 0.5765625
0 0.9125 0.275 0.8953125 0.278125 0.9109375 0.2796875 0.9125 0.275
0 0.8375 0.5984375 0.83125 0.6 0.8328125 0.6109375 0.8546875 0.6109375 0.8546875 0.6 0.8375 0.5984375
0 0.9296875 0.8328125 0.925 0.8359375 0.9296875 0.8546875 0.94453125 0.85625 0.9453125 0.8484375 0.95625 0.8546875 0.9515625 0.84375 0.9546875 0.8390625 0.9484375 0.8359375 0.95 0.8421875 0.94375 0.84375 0.9375 0.8328125 0.9296875 0.8328125
0 0.9421875 0.5203125 0.9421875 0.528125 0.9484375 0.53125 0.9765625 0.53125 0.990625 0.525 0.99375 0.51875 0.9828125 0.5109375 0.96875 0.5109375 0.9421875 0.5203125
0 0.5859375 0.6171875 0.5859375 0.625 0.5921875 0.6171875 0.5953125 0.625 0.609375 0.6203125 0.6046875 0.6140625 0.5859375 0.6171875
0 0.9375 0.55625 0.9390625 0.571875 0.9484375 0.5734375 0.9484375 0.5578125 0.9375 0.55625
0 0.5421875 0.71875 0.5375 0.7234375 0.5421875 0.7296875 0.5546875 0.734375 0.55625 0.725 0.5421875 0.71875
0 0.0421875 0.7234375 0.0375 0.725 0.0375 0.734375 0.0546875 0.7375 0.0546875 0.725 0.0421875 0.7234375
0 0.353125 0.53125 0.3421875 0.5375 0.3484375 0.546875 0.3546875 0.546875 0.3640625 0.5375 0.3609375 0.53125 0.353125 0.53125
0 0.3703125 0.71875 0.3671875 0.7265625 0.375 0.7296875 0.3859375 0.71875 0.3859375 0.7125 0.3796875 0.7109375 0.3703125 0.71875
0 0.9671875 0.5140625 0.9640625 0.51875 0.96875 0.5234375 0.9921875 0.5234375 0.9921875 0.51875 0.9796875 0.5140625 0.9734375 0.5234375 0.9671875 0.5140625
0 0.5515625 0.6875 0.5515625 0.6953125 0.571875 0.7046875 0.5734375 0.6984375 0.5859375 0.69375 0.59375 0.6796875 0.58125 0.6765625 0.5515625 0.6875
0 0.4984375 0.7 0.4984375 0.7109375 0.5140625 0.7109375 0.5203125 0.70625 0.5203125 0.6984375 0.4984375 0.7
0 0.4734375 0.725 0.46875 0.728125 0.4734375 0.7421875 0.4890625 0.7421875 0.49375 0.7375 0.4875 0.725 0.4734375 0.725
0 0.6625 0.475 0.6546875 0.4796875 0.65625 0.4875 0.6671875 0.4875 0.6734375 0.48125 0.6625 0.475
0 0.9 0.4625 0.9015625 0.4734375 0.9171875 0.4734375 0.9125 0.465625 0.9 0.4625
0 0.79375 0.38125 0.7921875 0.3859375 0.8 0.3921875 0.809375 0.39375 0.815625 0.3875 0.8109375 0.38125 0.79375 0.38125
0 0.3375 0.8421875 0.33125 0.84375 0.3328125 0.853125 0.35625 0.853125 0.3546875 0.84375 0.3375 0.8421875