0 0.4796875 0.0625 0.4796875 0.0734375 0.496875 0.06875 0.5 0.065625 0.4875 0.05625 0.5 0.0515625 0.48125 0.0578125 0.4796875 0.0625
0 0.325 0.075 0.31875 0.075 0.31875 0.08125 0.3265625 0.1 0.3359375 0.10625 0.325 0.075
0 0.4109375 0.1203125 0.4078125 0.13125 0.4109375 0.1390625 0.4171875 0.1390625 0.4296875 0.125 0.43125 0.115625 0.4234375 0.1109375 0.4109375 0.1203125
0 0.3109375 0 0.290625 0.003125 0.3046875 0.0046875 0.3109375 0
0 0.9890625 0.1375 0.9890625 0.153125 0.9984375 0.1625 0.9984375 0.1421875 0.9890625 0.1375
0 0.496875 0.1296875 0.49375 0.1375 0.5 0.1609375 0.5046875 0.1640625 0.4984375 0.1484375 0.50625 0.1484375 0.5046875 0.1390625 0.496875 0.1296875
0 0.815625 0.115625 0.8125 0.15625 0.8171875 0.1578125 0.815625 0.115625
0 0.24375 0.06875 0.2421875 0.0859375 0.2546875 0.1046875 0.2640625 0.10625 0.2609375 0.084375 0.25 0.06875 0.24375 0.06875
0 0.6359375 0.1296875 0.63125 0.1296875 0.6359375 0.1359375 0.63125 0.1421875 0.640625 0.1546875 0.634375 0.14375 0.6421875 0.14375 0.6359375 0.1296875
0 0.628125 0.04375 0.6203125 0.0515625 0.625 0.05625 0.64375 0.0546875 0.64375 0.0421875 0.628125 0.04375
0 0.921875 0.0625 0.9171875 0.0671875 0.91875 0.0765625 0.9296875 0.0734375 0.921875 0.0625