0 0.8859375 0.4875 0.8859375 0.5 0.89375 0.50625 0.89375 0.4875 0.8859375 0.4875
0 0.696875 0.44375 0.69375 0.45625 0.696875 0.4625 0.7046875 0.4625 0.70625 0.446875 0.696875 0.44375
0 0.5 0.4109375 0.4984375 0.415625 0.50625 0.4203125 0.4984375 0.425 0.5046875 0.4265625 0.509375 0.4109375 0.5 0.4109375
0 0.2921875 0.5515625 0.2921875 0.565625 0.3 0.565625 0.3 0.5546875 0.2921875 0.5515625
0 0.4 0.59375 0.39375 0.59375 0.39375 0.6125 0.4 0.6125 0.4 0.59375
0 0.40625 0.4734375 0.4046875 0.4921875 0.4109375 0.49375 0.4125 0.4796875 0.4109375 0.4734375 0.40625 0.4734375
0 0.8421875 0.6375 0.8375 0.64375 0.85 0.6546875 0.8546875 0.6515625 0.8546875 0.6421875 0.8421875 0.6375
0 0.1609375 0.6 0.15625 0.6 0.15625 0.609375 0.1609375 0.6125 0.1609375 0.6
0 0.35 0.3625 0.34375 0.3625 0.34375 0.3734375 0.3546875 0.3765625 0.35 0.3625
0 0.2 0.3328125 0.1984375 0.3546875 0.2046875 0.359375 0.20625 0.340625 0.2046875 0.3328125 0.2 0.3328125
0 0.89375 0.571875 0.89375 0.58125 0.903125 0.5828125 0.9046875 0.575 0.89375 0.571875
0 0.5546875 0.6 0.5421875 0.6 0.54375 0.6171875 0.55625 0.6171875 0.5546875 0.6
0 0.3171875 0.6296875 0.3171875 0.64375 0.3234375 0.6484375 0.3234375 0.634375 0.3171875 0.6296875
0 0.26875 0.36875 0.2703125 0.384375 0.278125 0.36875 0.26875 0.36875
0 0.8109375 0.48125 0.8078125 0.4875 0.8203125 0.4984375 0.8234375 0.4875 0.8109375 0.48125
0 0.3875 0.4 0.3859375 0.409375 0.39375 0.421875 0.4 0.4234375 0.403125 0.4078125 0.39375 0.3953125 0.3875 0.4
0 0.8875 0.6375 0.8875 0.653125 0.8953125 0.659375 0.8984375 0.6484375 0.8921875 0.6375 0.8875 0.6375
0 0.42890625 0.4171875 0.0046875 0.003125
0 0.3234375 0.06875 0.321875 0.09375 0.3296875 0.084375 0.3375 0.046875 0.33125 0.0484375 0.3234375 0.06875
0 0.040625 0.8921875 0.0359375 0.8921875 0.0375 0.8984375 0.040625 0.8921875
0 0.6671875 0.6140625 0.6625 0.6296875 0.671875 0.6359375 0.675 0.63125 0.6640625 0.6296875 0.6671875 0.6171875 0.675 0.6171875 0.6671875 0.6140625
0 0.7375 0.6359375 0.7359375 0.64375 0.74375 0.6484375 0.74375 0.6375 0.7375 0.6359375
0 0.603125 0.425 0.6 0.4390625 0.60625 0.4421875 0.6109375 0.43125 0.603125 0.425