0 0.6875 0.0921875 0.6859375 0.103125 0.69375 0.10625 0.696875 0.096875 0.6875 0.0921875
0 0.21875 0.3765625 0.2125 0.3765625 0.2125 0.3921875 0.2203125 0.3984375 0.2234375 0.3796875 0.21875 0.3765625
0 0.9375 0.296875 0.9375 0.309375 0.946875 0.3140625 0.946875 0.3015625 0.9375 0.296875
0 0.3140625 0.509375 0.3140625 0.51875 0.321875 0.5234375 0.321875 0.50625 0.3140625 0.509375
0 0.3421875 0.0703125 0.3375 0.0796875 0.340625 0.0859375 0.346875 0.0859375 0.340625 0.0765625 0.3484375 0.0703125 0.3421875 0.0703125
0 0.7546875 0.9171875 0.75 0.9171875 0.759375 0.928125 0.75 0.93125 0.75625 0.940625 0.7609375 0.9296875 0.7546875 0.9171875
0 0.45625 0.0484375 0.4546875 0.06875 0.459375 0.06875 0.4625 0.0625 0.45625 0.05625 0.4625 0.05 0.45625 0.0484375
0 0.3140625 0.16875 0.3125 0.1734375 0.31875 0.178125 0.3125 0.1875 0.3171875 0.1875 0.321875 0.1734375 0.3140625 0.16875
0 0.5046875 0.628125 0.5 0.628125 0.5 0.64375 0.5046875 0.6421875 0.5046875 0.628125
0 0.5796875 0.8625 0.5734375 0.8625 0.5765625 0.875 0.5859375 0.8703125 0.5796875 0.8625
0 0.29375 0.5296875 0.2921875 0.55 0.2984375 0.55 0.3 0.5375 0.29375 0.5296875
0 0.603125 0.4296875 0.6 0.4421875 0.609375 0.45 0.603125 0.44375 0.6109375 0.4375 0.603125 0.4296875
0 0.91875 0.1734375 0.9171875 0.1875 0.925 0.1921875 0.925 0.1734375 0.91875 0.1734375
0 0.44375 0.35 0.4421875 0.365625 0.45 0.36875 0.4546875 0.35625 0.44375 0.35
0 0.71875 0.625 0.7171875 0.6375 0.7234375 0.6453125 0.725 0.625 0.71875 0.625
0 0.5859375 0.0859375 0.5828125 0.10625 0.590625 0.1109375 0.59375 0.0875 0.5859375 0.0859375
0 0.8015625 0.1671875 0.8 0.1828125 0.80625 0.184375 0.8078125 0.1640625 0.8015625 0.1671875