0 0.90625 0.2203125 0.90625 0.2296875 0.9171875 0.221875 0.9234375 0.23125 0.9234375 0.2234375 0.90625 0.2203125
0 0.8890625 0.409375 0.8875 0.415625 0.89375 0.41875 0.9109375 0.4171875 0.90625 0.40625 0.8890625 0.409375
0 0.1546875 0.1921875 0.153125 0.2046875 0.1609375 0.2046875 0.1609375 0.1921875 0.1546875 0.1921875
0 0.38125 0.3109375 0.3796875 0.3171875 0.4 0.3171875 0.3953125 0.30625 0.38125 0.3109375
0 0.4171875 0.2546875 0.41875 0.2609375 0.4296875 0.2515625 0.4328125 0.2609375 0.4359375 0.259375 0.43125 0.25 0.4171875 0.2546875
0 0.3859375 0.30625 0.3796875 0.3171875 0.4109375 0.31875 0.425 0.3125 0.41875 0.30625 0.3859375 0.30625
0 0.4359375 0.3328125 0.434375 0.3484375 0.44375 0.353125 0.446875 0.340625 0.4421875 0.33125 0.4359375 0.3328125
0 0.2265625 0.2359375 0.2296875 0.246875 0.240625 0.24375 0.2359375 0.2359375 0.2265625 0.2359375
0 0.7421875 0.3265625 0.7375 0.33125 0.7390625 0.3375 0.7484375 0.3375 0.7515625 0.3296875 0.759375 0.3359375 0.759375 0.33125 0.7421875 0.3265625
0 0.4484375 0.6984375 0.4375 0.6984375 0.4375 0.7046875 0.465625 0.70625 0.4484375 0.6984375
0 0.4640625 0.1703125 0.4625 0.18125 0.478125 0.1796875 0.48125 0.1734375 0.48125 0.16875 0.4640625 0.1703125
0 0.9703125 0.3765625 0.96875 0.384375 0.9921875 0.3859375 0.9921875 0.3796875 0.9703125 0.3765625
0 0.34375 0.1 0.33125 0.1 0.33125 0.1046875 0.34375 0.1046875 0.34375 0.1
0 0.525 0.3609375 0.5265625 0.36875 0.5515625 0.3671875 0.5515625 0.3625 0.540625 0.35625 0.525 0.3609375
0 0.8328125 0.4109375 0.83125 0.421875 0.84375 0.421875 0.8421875 0.4078125 0.8328125 0.4109375
0 0.6234375 0.2234375 0.6203125 0.2296875 0.6390625 0.23125 0.6359375 0.2234375 0.6234375 0.2234375