0 0.525 0.36875 0.5234375 0.3796875 0.5359375 0.384375 0.5359375 0.371875 0.525 0.36875
0 0.8265625 0.403125 0.825 0.415625 0.840625 0.41875 0.8421875 0.40625 0.8375 0.4 0.8265625 0.403125
0 0.4796875 0.4375 0.4796875 0.4484375 0.4875 0.4484375 0.4859375 0.4390625 0.4796875 0.4375
0 0.88125 0.6046875 0.8796875 0.6125 0.8859375 0.6171875 0.8921875 0.6 0.8859375 0.596875 0.88125 0.6046875
0 0.353125 0.215625 0.35 0.23125 0.359375 0.23125 0.359375 0.21875 0.353125 0.215625
0 0.9796875 0.53125 0.978125 0.5453125 0.984375 0.55 0.9875 0.53125 0.9796875 0.53125
0 0.4859375 0.3625 0.4890625 0.3671875 0.484375 0.3734375 0.4875 0.384375 0.4921875 0.384375 0.49375 0.3734375 0.4859375 0.3625
0 0.3796875 0.240625 0.375 0.240625 0.375 0.259375 0.3796875 0.2609375 0.3796875 0.240625
0 0.4921875 0.51875 0.4875 0.51875 0.4875 0.53125 0.4953125 0.5359375 0.4984375 0.5265625 0.4921875 0.51875
0 0.99375 0.603125 0.9921875 0.61875 0.9984375 0.625 0.9984375 0.603125 0.99375 0.603125
0 0.9921875 0.40625 0.9875 0.40625 0.9890625 0.425 0.9953125 0.415625 0.9921875 0.40625
0 0.6875 0.5625 0.6796875 0.5625 0.6828125 0.58125 0.6875 0.58125 0.6875 0.5625
0 0.5625 0.5234375 0.5609375 0.5328125 0.56875 0.540625 0.571875 0.53125 0.5625 0.5234375
0 0.7109375 0.3859375 0.7078125 0.403125 0.7140625 0.40625 0.7171875 0.403125 0.7109375 0.3984375 0.71875 0.39375 0.71875 0.3859375 0.7109375 0.3859375
0 0.7765625 0.5828125 0.775 0.596875 0.78125 0.6 0.7859375 0.5875 0.7765625 0.5828125
0 0.6375 0.371875 0.6359375 0.3828125 0.64375 0.384375 0.64375 0.375 0.6375 0.371875