0 0.878125 0.26875 0.875 0.2703125 0.884375 0.2765625 0.875 0.28125 0.88125 0.290625 0.8859375 0.278125 0.878125 0.26875
0 0.68125 0.3578125 0.6796875 0.3828125 0.6859375 0.384375 0.6875 0.359375 0.68125 0.3578125
0 0.20625 0.4078125 0.2046875 0.4171875 0.21875 0.421875 0.2171875 0.4109375 0.20625 0.4078125
0 0.6421875 0.6796875 0.63125 0.6796875 0.6328125 0.6921875 0.6453125 0.6921875 0.6421875 0.6796875
0 0.4890625 0.1 0.484375 0.1046875 0.4859375 0.11875 0.49375 0.115625 0.49375 0.1046875 0.4890625 0.1
0 0.8375 0.734375 0.8359375 0.7546875 0.8421875 0.75625 0.84375 0.7359375 0.8375 0.734375
0 0.5734375 0.91875 0.56875 0.91875 0.56875 0.9375 0.5765625 0.9421875 0.5796875 0.93125 0.5734375 0.91875
0 0.8046875 0.025 0.8 0.028125 0.8 0.0421875 0.8109375 0.0375 0.8046875 0.025
0 0.64375 0.7375 0.6375 0.74375 0.6375 0.753125 0.6484375 0.7609375 0.6484375 0.7375 0.64375 0.7375
0 0.7 0.2546875 0.69375 0.2609375 0.69375 0.26875 0.6984375 0.2703125 0.70625 0.26875 0.70625 0.25625 0.7 0.2546875
0 0.9515625 0.1265625 0.95 0.1421875 0.9546875 0.1390625 0.9515625 0.1265625
0 0.825 0.4421875 0.8234375 0.4546875 0.83125 0.4578125 0.825 0.446875 0.8328125 0.4421875 0.825 0.4421875
0 0.721875 0.5734375 0.71875 0.575 0.725 0.5796875 0.71875 0.584375 0.71875 0.59375 0.725 0.596875 0.728125 0.58125 0.721875 0.5734375
0 0.728125 0.2 0.725 0.2109375 0.7359375 0.2203125 0.728125 0.2125 0.7375 0.2046875 0.728125 0.2
0 0.6765625 0.8234375 0.675 0.8265625 0.684375 0.83125 0.6796875 0.840625 0.675 0.840625 0.6796875 0.8421875 0.6859375 0.83125 0.6859375 0.81875 0.6765625 0.8234375
0 0.7921875 0.23125 0.7875 0.23125 0.7875 0.24375 0.796875 0.2484375 0.7984375 0.2359375 0.7921875 0.23125