0 0.4 0.9171875 0.39375 0.9171875 0.3953125 0.9421875 0.4 0.9421875 0.4 0.9171875
0 0.4359375 0.3796875 0.4359375 0.390625 0.4515625 0.3953125 0.4515625 0.3875 0.4359375 0.3796875
0 0.2796875 0.4609375 0.278125 0.4671875 0.2921875 0.4859375 0.296875 0.4734375 0.2796875 0.4609375
0 0.18984375 0.99375 0.0046875 0.009375
0 0.5125 0.9296875 0.5109375 0.9484375 0.51875 0.9484375 0.51875 0.9296875 0.5125 0.9296875
0 0.33125 0.4390625 0.3296875 0.446875 0.334375 0.4484375 0.3359375 0.4421875 0.33125 0.4390625
0 0.2625 0.3015625 0.2609375 0.3125 0.278125 0.31875 0.278125 0.309375 0.2625 0.3015625
0 0.29375 0.6984375 0.2921875 0.70625 0.303125 0.7359375 0.3046875 0.7171875 0.3 0.6984375 0.29375 0.6984375
0 0.2640625 0.56875 0.2609375 0.58125 0.2703125 0.59375 0.2765625 0.59375 0.278125 0.58125 0.2640625 0.56875
0 0.34375 0.125 0.34375 0.15625 0.3484375 0.15625 0.35 0.13359375 0.34375 0.1328125 0.35 0.125 0.34375 0.125
0 0.415625 0.5796875 0.4125 0.59375 0.425 0.6109375 0.4296875 0.5984375 0.421875 0.58125 0.415625 0.5796875
0 0.353125 0.4 0.34375 0.40625 0.34375 0.4171875 0.3515625 0.4171875 0.36875 0.4046875 0.3671875 0.4 0.3609375 0.409375 0.353125 0.4
0 0.275 0.9609375 0.26875 0.9609375 0.26875 0.9828125 0.2734375 0.9984375 0.2796875 0.9984375 0.275 0.9609375