0 0.66875 0.7609375 0.6625 0.7640625 0.6625 0.7734375 0.675 0.7734375 0.6875 0.765625 0.6828125 0.75625 0.66875 0.7609375
0 0.8859375 0.6359375 0.875 0.6359375 0.875 0.6421875 0.8859375 0.64375 0.8859375 0.6359375
0 0.76875 0.5859375 0.753125 0.5859375 0.753125 0.596875 0.76875 0.596875 0.76875 0.5859375
0 0.04375 0.4890625 0.0359375 0.49375 0.0375 0.4984375 0.05 0.5 0.05 0.4921875 0.04375 0.4890625
0 0.4625 0.240625 0.4625 0.246875 0.46875 0.25 0.4796875 0.2484375 0.4796875 0.24375 0.46875 0.2375 0.4625 0.240625
0 0.9046875 0.6359375 0.8984375 0.6375 0.8984375 0.6453125 0.9046875 0.6484375 0.921875 0.64375 0.9140625 0.6359375 0.9046875 0.6359375
0 0.6671875 0.7640625 0.6625 0.7734375 0.6796875 0.7703125 0.6765625 0.7625 0.6671875 0.7640625
0 0.084375 0.884375 0.08125 0.8859375 0.0859375 0.89375 0.1046875 0.89375 0.1 0.8859375 0.084375 0.884375
0 0.075 0.6796875 0.0734375 0.6859375 0.0796875 0.6953125 0.096875 0.7078125 0.1125 0.7046875 0.0984375 0.675 0.075 0.6796875
0 0.3375 0.59375 0.3328125 0.596875 0.3375 0.603125 0.3546875 0.6 0.3546875 0.59375 0.3375 0.59375
0 0.15625 0.4046875 0.1421875 0.4046875 0.1421875 0.4125 0.1546875 0.4171875 0.1609375 0.4109375 0.15625 0.4046875
0 0.0953125 0.7 0.096875 0.7078125 0.10625 0.7078125 0.1125 0.7015625 0.1078125 0.696875 0.0953125 0.7
0 0.0921875 0.859375 0.0875 0.8609375 0.0875 0.8671875 0.10625 0.8671875 0.109375 0.8625 0.0921875 0.859375
0 0.3328125 0.3359375 0.3328125 0.34375 0.3453125 0.34375 0.3421875 0.3375 0.3328125 0.3359375
0 0.3921875 0.7484375 0.3859375 0.75 0.3859375 0.7546875 0.4 0.759375 0.4 0.75 0.3921875 0.7484375
0 0.5875 0.2671875 0.5890625 0.278125 0.6046875 0.2703125 0.5984375 0.2640625 0.5875 0.2671875
0 0.61875 0.565625 0.61875 0.5734375 0.6359375 0.5734375 0.63125 0.5625 0.61875 0.565625