0 0.1984375 0.725 0.1984375 0.75625 0.2046875 0.7390625 0.1984375 0.725
0 0.5203125 0.7640625 0.51875 0.7796875 0.5234375 0.78125 0.5359375 0.7609375 0.5359375 0.7453125 0.5203125 0.7640625
0 0.0359375 0.6625 0.03125 0.675 0.046875 0.671875 0.05 0.65625 0.0359375 0.6625
0 0.175 0.6546875 0.1734375 0.665625 0.184375 0.665625 0.1890625 0.6359375 0.175 0.6546875
0 0.8359375 0.9171875 0.83125 0.91875 0.83125 0.9296875 0.853125 0.9359375 0.8546875 0.925 0.85 0.91875 0.8359375 0.9171875
0 0.2203125 0.9359375 0.21875 0.94375 0.225 0.9484375 0.21875 0.953125 0.2234375 0.95625 0.21875 0.9625 0.2234375 0.9609375 0.2296875 0.9375 0.2234375 0.9328125 0.2296875 0.9296875 0.225 0.925 0.2203125 0.9359375
0 0.1015625 0.8859375 0.09375 0.8984375 0.096875 0.9125 0.1125 0.8890625 0.109375 0.88125 0.1015625 0.8859375
0 0.3640625 0.7625 0.3640625 0.775 0.3796875 0.7734375 0.375 0.7625 0.3640625 0.7625
0 0.1125 0.6171875 0.1109375 0.6265625 0.1171875 0.63125 0.1265625 0.6 0.1171875 0.6046875 0.1125 0.6171875
0 0.2125 0.75625 0.2109375 0.778125 0.21875 0.7984375 0.21875 0.7546875 0.2125 0.75625
0 0.6390625 0.8125 0.6390625 0.821875 0.646875 0.825 0.659375 0.8046875 0.6609375 0.7921875 0.65 0.7953125 0.6390625 0.8125
0 0.275 0.6109375 0.26875 0.6296875 0.2703125 0.6421875 0.28125 0.63125 0.2734375 0.625 0.28125 0.621875 0.275 0.6171875 0.28125 0.6125 0.275 0.6109375
0 0.54375 0.9515625 0.55 0.959375 0.5421875 0.961328125 0.5421875 0.9859375 0.55 0.9890625 0.5546875 0.96875 0.55 0.9515625 0.54375 0.9515625
0 0.7296875 0.8 0.721875 0.8 0.725 0.8171875 0.740625 0.83125 0.7421875 0.81875 0.7296875 0.8