0 0.1375 0.275 0.1171875 0.275 0.1171875 0.2828125 0.1296875 0.2859375 0.1375 0.28125 0.1375 0.275
0 0.4125 0.7453125 0.4109375 0.75625 0.4234375 0.753125 0.4234375 0.7421875 0.4125 0.7453125
0 0.696875 0.71875 0.69375 0.728125 0.7078125 0.7234375 0.70625 0.7140625 0.696875 0.71875
0 0.7765625 0.534375 0.7765625 0.540625 0.79375 0.540625 0.7921875 0.53125 0.7765625 0.534375
0 0.153125 0.1796875 0.1515625 0.190625 0.16875 0.1921875 0.1625 0.18125 0.153125 0.1796875
0 0.03125 0.65625 0.0125 0.65625 0.0125 0.6625 0.0296875 0.665625 0.03125 0.65625
0 0.915625 0.6296875 0.9125 0.6359375 0.9171875 0.6421875 0.9296875 0.6421875 0.9234375 0.6296875 0.915625 0.6296875
0 0.6140625 0.7671875 0.6125 0.7734375 0.63125 0.7734375 0.6296875 0.7625 0.6140625 0.7671875
0 0.2 0.68125 0.19375 0.6890625 0.2015625 0.6984375 0.2125 0.6859375 0.209375 0.68125 0.2 0.68125
0 0.1296875 0.3484375 0.125 0.3609375 0.1375 0.35625 0.1375 0.35 0.1296875 0.3484375
0 0.8296875 0.525 0.8265625 0.5359375 0.8359375 0.5421875 0.8390625 0.540625 0.8296875 0.5375 0.828125 0.53125 0.8390625 0.5265625 0.8296875 0.525
0 0.4390625 0.2640625 0.4390625 0.2734375 0.4484375 0.2671875 0.45625 0.275 0.45625 0.2703125 0.4390625 0.2640625
0 0.5203125 0.5796875 0.51875 0.5875 0.534375 0.5859375 0.534375 0.58125 0.5203125 0.5796875
0 0.5015625 0.4203125 0.5 0.425 0.5078125 0.4171875 0.5125 0.425 0.51875 0.4171875 0.509375 0.415625 0.5015625 0.4203125
0 0.2703125 0.4875 0.2671875 0.49375 0.2796875 0.503125 0.2796875 0.4890625 0.2703125 0.4875