0 0.3453125 0.7078125 0.3484375 0.7125 0.34375 0.7265625 0.3484375 0.740625 0.353125 0.7421875 0.3546875 0.7234375 0.3453125 0.7078125
0 0.1421875 0.6 0.1375 0.6125 0.15625 0.609375 0.15625 0.5984375 0.1421875 0.6
0 0.325 0.6453125 0.3265625 0.65625 0.34375 0.6484375 0.34375 0.63125 0.325 0.6453125
0 0.90625 0.6375 0.9015625 0.6375 0.9015625 0.6453125 0.9125 0.659375 0.90625 0.6515625 0.9125 0.6453125 0.90625 0.6375
0 0.4796875 0.6875 0.4734375 0.6875 0.4734375 0.696875 0.484375 0.7109375 0.4875 0.70625 0.4796875 0.6875
0 0.1 0.6875 0.09375 0.69375 0.09375 0.7078125 0.115625 0.7234375 0.115625 0.7015625 0.1046875 0.6875 0.1 0.6875
0 0.2625 0.7125 0.2609375 0.73125 0.275 0.7234375 0.28125 0.70625 0.275 0.7015625 0.2625 0.7125
0 0.8734375 0.575 0.8703125 0.603125 0.8796875 0.6171875 0.8859375 0.6 0.8859375 0.5734375 0.878125 0.56875 0.8734375 0.575
0 0.1734375 0.68125 0.16875 0.690625 0.1875 0.7109375 0.178125 0.7015625 0.1875 0.6984375 0.1859375 0.69375 0.1796875 0.6828125 0.1734375 0.68125
0 0.85 0.3859375 0.8484375 0.4046875 0.85625 0.4109375 0.8625 0.3984375 0.8515625 0.3859375 0.8625 0.384375 0.8546875 0.378125 0.8609375 0.36875 0.8546875 0.3703125 0.85 0.3859375
0 0.8171875 0.6484375 0.81875 0.665625 0.83125 0.675 0.8296875 0.6609375 0.8171875 0.6484375
0 0.65 0.6515625 0.6484375 0.6890625 0.65625 0.690625 0.65625 0.65625 0.65 0.6515625
0 0.4671875 0.60625 0.4625 0.6140625 0.4734375 0.6171875 0.484375 0.6109375 0.484375 0.6 0.4671875 0.60625
0 0.75 0.5859375 0.7484375 0.5953125 0.753125 0.596875 0.759375 0.5875 0.75 0.5859375
0 0.815625 0.259375 0.8125 0.2984375 0.821875 0.3 0.8234375 0.30625 0.83125 0.30625 0.8375 0.3140625 0.8453125 0.3140625 0.846875 0.3 0.83125 0.2921875 0.83125 0.2671875 0.815625 0.259375