0 0.0390625 0.8765625 0.0375 0.8875 0.0421875 0.89375 0.0546875 0.8953125 0.0625 0.8890625 0.0484375 0.875 0.0390625 0.8765625
0 0.1953125 0.7109375 0.19375 0.71875 0.1984375 0.7234375 0.215625 0.721875 0.2109375 0.7109375 0.1953125 0.7109375
0 0.6453125 0.43125 0.64375 0.4421875 0.65625 0.4390625 0.6546875 0.43125 0.6453125 0.43125
0 0.503125 0.2953125 0.5 0.3015625 0.50625 0.30625 0.5171875 0.3 0.5109375 0.2921875 0.503125 0.2953125
0 0.853125 0.3015625 0.8484375 0.30625 0.85 0.3125 0.8671875 0.3109375 0.853125 0.3015625
0 0.325 0.6953125 0.3234375 0.7046875 0.3265625 0.70625 0.3328125 0.696875 0.3375 0.70625 0.340625 0.7046875 0.3390625 0.6984375 0.325 0.6953125
0 0.63125 0.940625 0.625 0.94375 0.625 0.9546875 0.6296875 0.95625 0.6421875 0.9484375 0.6421875 0.94375 0.63125 0.940625
0 0.028125 0.7140625 0.025 0.71875 0.03125 0.725 0.05 0.721875 0.0484375 0.7109375 0.028125 0.7140625
0 0.7609375 0.9296875 0.75625 0.9375 0.7609375 0.9421875 0.7734375 0.9421875 0.7765625 0.93125 0.7609375 0.9296875
0 0.8890625 0.5890625 0.8875 0.59375 0.89375 0.6 0.909375 0.5984375 0.9046875 0.5890625 0.8890625 0.5890625
0 0.88125 0.69375 0.88125 0.7046875 0.89375 0.7046875 0.89375 0.696875 0.88125 0.69375
0 0.1125 0.54375 0.1125 0.5546875 0.125 0.55 0.1234375 0.5421875 0.1125 0.54375
0 0.95625 0.3359375 0.9515625 0.340625 0.9609375 0.3484375 0.96875 0.34375 0.9671875 0.3375 0.95625 0.3359375
0 0.9578125 0.45625 0.95625 0.465625 0.975 0.4671875 0.9734375 0.45625 0.9578125 0.45625
0 0.478125 0.2703125 0.4734375 0.275 0.4796875 0.2796875 0.4984375 0.275 0.496875 0.2703125 0.478125 0.2703125
0 0.5375 0.5921875 0.5359375 0.6 0.540625 0.5921875 0.546875 0.6 0.5546875 0.59375 0.5515625 0.5890625 0.5375 0.5921875
0 0.784375 0.8109375 0.784375 0.81875 0.8 0.821875 0.7984375 0.8125 0.784375 0.8109375
0 0.6515625 0.1953125 0.64375 0.2046875 0.6609375 0.2046875 0.6609375 0.1953125 0.6515625 0.1953125
0 0.35625 0.475 0.35625 0.484375 0.36875 0.484375 0.36875 0.478125 0.35625 0.475