0 0.659375 0.2859375 0.65625 0.30625 0.6609375 0.309375 0.659375 0.2859375
0 0.81875 0 0.8078125 0 0.8171875 0.0140625 0.8109375 0.0046875 0.81875 0
0 0.7625 0.15625 0.7609375 0.175 0.765625 0.175 0.76875 0.1609375 0.7625 0.15625
0 0.5765625 0.4515625 0.5765625 0.4671875 0.5859375 0.46875 0.5859375 0.4515625 0.5765625 0.4515625
0 0.6234375 0.084375 0.6203125 0.10625 0.628125 0.10625 0.6296875 0.0859375 0.6234375 0.084375
0 0.5109375 0.6203125 0.5109375 0.6421875 0.5171875 0.64375 0.5171875 0.628125 0.5109375 0.6203125
0 0.76875 0.440625 0.7671875 0.4484375 0.7734375 0.4515625 0.7671875 0.459375 0.7734375 0.4625 0.775 0.45 0.76875 0.446875 0.775 0.4421875 0.76875 0.440625
0 0.5734375 0.3953125 0.5734375 0.40625 0.5859375 0.403125 0.58125 0.3953125 0.5734375 0.3953125
0 0.7875 0.7015625 0.78125 0.7109375 0.784375 0.721875 0.7921875 0.7171875 0.784375 0.709375 0.7875 0.703125 0.7921875 0.7046875 0.7875 0.7015625
0 0.6140625 0.5234375 0.6125 0.534375 0.61875 0.5390625 0.6125 0.5421875 0.6171875 0.54375 0.6234375 0.5234375 0.6171875 0.51875 0.6140625 0.5234375
0 0.66875 0.796875 0.6625 0.8 0.665625 0.8109375 0.6765625 0.8046875 0.675 0.7984375 0.66875 0.796875