0 0.3015625 0.86875 0.3 0.88125 0.325 0.884375 0.3375 0.8796875 0.3625 0.8546875 0.3640625 0.84375 0.3609375 0.8375 0.3484375 0.8359375 0.346875 0.84375 0.3171875 0.85625 0.309375 0.8671875 0.3015625 0.86875
0 0.6203125 0.2296875 0.61875 0.24375 0.63125 0.2359375 0.6296875 0.2296875 0.6203125 0.2296875
0 0.225 0.21875 0.215625 0.21875 0.225 0.2296875 0.23125 0.2265625 0.225 0.21875
0 0.65625 0.5890625 0.6546875 0.5984375 0.64375 0.6 0.6453125 0.603125 0.65 0.6046875 0.65625 0.596875 0.6671875 0.6109375 0.7296875 0.6125 0.7546875 0.6 0.7609375 0.59375 0.7609375 0.58125 0.753125 0.5734375 0.70625 0.571875 0.684375 0.5890625 0.65625 0.5890625
0 0.340625 0 0.3234375 0 0.3234375 0.0046875 0.3375 0.0046875 0.340625 0
0 0.0796875 0.4046875 0.075 0.40625 0.075 0.4140625 0.0890625 0.4234375 0.1109375 0.415625 0.1046875 0.40625 0.0796875 0.4046875
0 0.1984375 0.1578125 0.1953125 0.1734375 0.2171875 0.178125 0.21875 0.16875 0.2109375 0.15625 0.1984375 0.1578125
0 0.5109375 0.6203125 0.5109375 0.6359375 0.525 0.6390625 0.5234375 0.625 0.5109375 0.6203125
0 0.2984375 0.2359375 0.296875 0.24375 0.30625 0.246875 0.30625 0.234375 0.2984375 0.2359375
0 0.203125 0.33125 0.2015625 0.3375 0.2171875 0.340625 0.2125 0.33125 0.203125 0.33125
0 0.225 0.1890625 0.2265625 0.2 0.24375 0.1984375 0.2390625 0.1890625 0.225 0.1890625
0 0.2546875 0.10625 0.2421875 0.10625 0.24375 0.115625 0.2578125 0.1171875 0.259375 0.1109375 0.2546875 0.10625
0 0.18125 0.1953125 0.18125 0.2046875 0.1953125 0.2015625 0.1921875 0.1921875 0.18125 0.1953125
0 0.0984375 0.0296875 0.09375 0.03125 0.09375 0.0375 0.10625 0.046875 0.1171875 0.0421875 0.1109375 0.03125 0.0984375 0.0296875
0 0.5 0.3265625 0.49375 0.3359375 0.509375 0.3359375 0.5109375 0.3296875 0.50625 0.325 0.5 0.3265625
0 0.475 0.1171875 0.4734375 0.1296875 0.484375 0.13125 0.484375 0.11875 0.475 0.1171875