0 0.95 0.4 0.9484375 0.409375 0.9546875 0.4109375 0.95625 0.4 0.95 0.4
0 0.8796875 0.4 0.8671875 0.4078125 0.875 0.4125 0.8859375 0.4109375 0.8875 0.4015625 0.8796875 0.4
0 0.33125 0.81875 0.3265625 0.8234375 0.33125 0.8296875 0.34375 0.8234375 0.340625 0.8171875 0.33125 0.81875
0 0.9578125 0.40625 0.95625 0.4140625 0.9625 0.4171875 0.9671875 0.4109375 0.9578125 0.40625
0 0.9640625 0.4 0.9578125 0.4109375 0.9734375 0.4109375 0.9796875 0.40625 0.9734375 0.4 0.9640625 0.4
0 0.9296875 0.3984375 0.925 0.4046875 0.9375 0.40625 0.9375 0.4 0.9296875 0.3984375
0 0.4 0.6796875 0.4 0.69375 0.4171875 0.690625 0.415625 0.68125 0.4 0.6796875
0 0.05 0.671875 0.05 0.6796875 0.065625 0.6796875 0.06875 0.675 0.05 0.671875
0 0.36875 0.7375 0.3640625 0.7453125 0.375 0.75 0.3796875 0.7375 0.36875 0.7375
0 0.184375 0.76875 0.16875 0.7703125 0.175 0.78125 0.1828125 0.78125 0.1875 0.7765625 0.184375 0.76875
0 0.26875 0.6359375 0.25 0.6359375 0.25 0.64375 0.2734375 0.6453125 0.275 0.6390625 0.26875 0.6359375
0 0.35625 0.65 0.35625 0.665625 0.365625 0.6640625 0.3671875 0.6546875 0.3625 0.6484375 0.35625 0.65
0 0.246875 0.6625 0.24375 0.6671875 0.2484375 0.671875 0.2609375 0.671875 0.2609375 0.6609375 0.246875 0.6625
0 0.859375 0.76875 0.8546875 0.7703125 0.8546875 0.778125 0.8671875 0.78125 0.86875 0.7703125 0.859375 0.76875
0 0.4671875 0.8859375 0.465625 0.8921875 0.478125 0.8921875 0.478125 0.8859375 0.4671875 0.8859375
0 0.9796875 0.40625 0.975 0.4171875 0.984375 0.4171875 0.9875 0.4125 0.9859375 0.40625 0.9796875 0.40625
0 0.6453125 0.7875 0.6375 0.7875 0.6390625 0.8015625 0.6453125 0.8 0.6453125 0.7875
0 0.56875 0.75 0.55625 0.75 0.55625 0.75625 0.56875 0.7609375 0.56875 0.75
0 0.3796875 0.6828125 0.375 0.6875 0.3796875 0.69375 0.4171875 0.6921875 0.4140625 0.6796875 0.3796875 0.6828125
0 0.2546875 0.3796875 0.2515625 0.384375 0.2640625 0.3921875 0.28125 0.3921875 0.28125 0.3859375 0.2734375 0.3796875 0.2546875 0.3796875