0 0.4109375 0.53125 0.4078125 0.540625 0.4171875 0.546875 0.41875 0.53125 0.4109375 0.53125
0 0.121875 0.3421875 0.1203125 0.3484375 0.1296875 0.359375 0.13125 0.34375 0.121875 0.3421875
0 0.8046875 0.5 0.8015625 0.509375 0.8125 0.5109375 0.815625 0.5 0.8046875 0.5
0 0.8 0.00625 0.7984375 0.015625 0.8015625 0.025 0.80625 0.025 0.8078125 0.0125 0.8 0.0109375 0.8 0.00625
0 0.6765625 0.5359375 0.675 0.5546875 0.6796875 0.5546875 0.68125 0.5375 0.6765625 0.5359375
0 0.15 0.4703125 0.146875 0.4875 0.1546875 0.49375 0.15625 0.4796875 0.15 0.4703125
0 0.2796875 0.4625 0.28125 0.48125 0.2859375 0.4625 0.2796875 0.4625
0 0.4875 0.1375 0.49375 0.146875 0.4859375 0.15 0.49375 0.1609375 0.496875 0.15 0.4921875 0.1375 0.4875 0.1375
0 0.91875 0.1296875 0.9171875 0.1421875 0.928125 0.14375 0.9296875 0.13125 0.91875 0.1296875
0 0.5265625 0.509375 0.5234375 0.5234375 0.5296875 0.525 0.53125 0.509375 0.5265625 0.509375
0 0.6671875 0.203125 0.6671875 0.215625 0.675 0.2171875 0.6796875 0.2046875 0.671875 0.2 0.6671875 0.203125
0 0.83125 0.375 0.8265625 0.3859375 0.8296875 0.39375 0.8359375 0.3921875 0.8296875 0.384375 0.8375 0.3765625 0.83125 0.375