0 0.4078125 0.53125 0.4078125 0.5421875 0.4171875 0.5421875 0.4171875 0.53125 0.4078125 0.53125
0 0.11875 0.340625 0.11875 0.35 0.1296875 0.35625 0.1296875 0.34375 0.11875 0.340625
0 0.803125 0.496875 0.8 0.5078125 0.80625 0.5109375 0.8125 0.50625 0.8125 0.496875 0.803125 0.496875
0 0.7984375 0.00625 0.803125 0.025 0.8078125 0.0125 0.8046875 0.00625 0.7984375 0.00625
0 0.675 0.534375 0.6734375 0.5546875 0.678125 0.55625 0.68125 0.5375 0.675 0.534375
0 0.1484375 0.4703125 0.14375 0.475 0.14375 0.4859375 0.1515625 0.49375 0.1546875 0.4796875 0.1484375 0.4703125
0 0.278125 0.4625 0.275 0.478125 0.28125 0.4796875 0.2828125 0.46953125 0.278125 0.4671875 0.2828125 0.4609375 0.278125 0.4625
0 0.484375 0.1375 0.48125 0.14375 0.4875 0.1546875 0.4953125 0.1578125 0.49375 0.1421875 0.484375 0.1375
0 0.921875 0.125 0.9171875 0.1296875 0.9171875 0.1421875 0.9265625 0.14375 0.9296875 0.1328125 0.921875 0.125
0 0.5234375 0.50625 0.5203125 0.51875 0.5265625 0.5234375 0.53125 0.5203125 0.53125 0.50625 0.5234375 0.50625
0 0.665625 0.2015625 0.6625 0.209375 0.6671875 0.215625 0.675 0.215625 0.665625 0.20625 0.675 0.203125 0.6734375 0.2 0.665625 0.2015625
0 0.8265625 0.3796875 0.825 0.3875 0.83125 0.39375 0.8359375 0.375 0.83125 0.3734375 0.8265625 0.3796875