0 0.375 0.96875 0.36875 0.978125 0.3734375 0.9859375 0.3859375 0.9734375 0.38125 0.9671875 0.375 0.96875
0 0.5828125 0.4875 0.58125 0.51875 0.59375 0.5234375 0.6 0.5015625 0.596875 0.478125 0.59375 0.475 0.5828125 0.4875
0 0.6984375 0.3953125 0.696875 0.4078125 0.70625 0.4109375 0.70625 0.3984375 0.6984375 0.3953125
0 0.696875 0.66875 0.69375 0.675 0.7015625 0.678125 0.696875 0.6859375 0.7 0.6921875 0.7046875 0.6796875 0.696875 0.66875
0 0.475 0.8 0.48125 0.8109375 0.4734375 0.8140625 0.4796875 0.8171875 0.484375 0.8078125 0.475 0.8015625 0.484375 0.796875 0.4796875 0.7921875 0.475 0.8
0 0.25625 0.95625 0.2546875 0.9640625 0.2625 0.9734375 0.2546875 0.978125 0.2609375 0.9796875 0.2640625 0.971875 0.25625 0.9625 0.2640625 0.9578125 0.2609375 0.9515625 0.25625 0.95625
0 0.546875 0.5 0.54375 0.5109375 0.55625 0.51875 0.55625 0.50625 0.546875 0.5
0 0.3796875 0.8078125 0.375 0.8125 0.3765625 0.821875 0.3859375 0.825 0.3859375 0.8125 0.3796875 0.8078125
0 0.50625 0.575 0.5046875 0.584375 0.5140625 0.5859375 0.5109375 0.5953125 0.5046875 0.5953125 0.5109375 0.5984375 0.5171875 0.5765625 0.50625 0.575
0 0.3671875 0.8640625 0.3640625 0.8859375 0.3734375 0.8890625 0.375 0.8671875 0.3671875 0.8640625
0 0.39375 0.8515625 0.3953125 0.8734375 0.4046875 0.8625 0.4046875 0.85 0.39375 0.8515625
0 0.759375 0.359375 0.75625 0.36875 0.7671875 0.3765625 0.7671875 0.36875 0.759375 0.359375
0 0.8015625 0.6109375 0.8015625 0.6234375 0.8015625 0.6109375
0 0.6046875 0.7734375 0.603125 0.7890625 0.609375 0.7921875 0.6125 0.7765625 0.6046875 0.7734375
0 0.5875 0.48125 0.5875 0.5 0.59375 0.50625 0.5984375 0.5 0.596875 0.48125 0.5875 0.48125
0 0.63125 0.5578125 0.6296875 0.5734375 0.6359375 0.5796875 0.6375 0.5609375 0.63125 0.5578125