0 0.878125 0.0625 0.875 0.06875 0.8796875 0.078125 0.8921875 0.0796875 0.8890625 0.06875 0.878125 0.0625
0 0.21875 0.075 0.21875 0.0921875 0.2359375 0.0796875 0.2359375 0.0625 0.2296875 0.0625 0.21875 0.075
0 0.53125 0.1921875 0.53125 0.234375 0.5359375 0.234375 0.540625 0.215625 0.5375 0.1875 0.53125 0.1921875
0 0.83203125 0.66640625 0.0015625 0.0015625
0 0.8140625 0.6671875 0.8125 0.6765625 0.8328125 0.6875 0.83125 0.675 0.8203125 0.665625 0.8140625 0.6671875
0 0.81875 0.5125 0.821875 0.5234375 0.84375 0.525 0.8421875 0.5140625 0.81875 0.5125
0 0.54375 0.04375 0.5421875 0.05625 0.5484375 0.0609375 0.5546875 0.04375 0.5484375 0.040625 0.5546875 0.034375 0.5546875 0.025 0.54375 0.04375
0 0.54375 0.340625 0.5484375 0.346875 0.5421875 0.3625 0.546875 0.3640625 0.5546875 0.359375 0.5625 0.34375 0.5609375 0.3375 0.54375 0.340625
0 0.465625 0.3140625 0.4515625 0.31875 0.45625 0.3265625 0.4515625 0.3375 0.4546875 0.3453125 0.4625 0.34375 0.46875 0.3234375 0.465625 0.3140625
0 0.3765625 0.1359375 0.375 0.1484375 0.39375 0.1546875 0.39375 0.1375 0.38125 0.1328125 0.3765625 0.1359375
0 0.60625 0.403125 0.6 0.4125 0.6 0.425 0.60625 0.4234375 0.6171875 0.40625 0.6140625 0.4 0.60625 0.403125
0 0.69375 0.70625 0.7015625 0.7140625 0.69375 0.71875 0.6984375 0.7328125 0.69375 0.7359375 0.6953125 0.74375 0.6875 0.7421875 0.6875 0.7484375 0.696875 0.74375 0.7 0.7484375 0.7109375 0.7453125 0.7140625 0.75 0.7078125 0.7375 0.7109375 0.7265625 0.721875 0.71875 0.721875 0.7109375 0.709375 0.71875 0.69375 0.70625
0 0.68125 0.3921875 0.6796875 0.4046875 0.696875 0.4046875 0.7015625 0.3984375 0.69375 0.3890625 0.68125 0.3921875
0 0.6515625 0.1390625 0.65 0.1546875 0.6609375 0.15625 0.66875 0.146875 0.6578125 0.1375 0.66875 0.1328125 0.6671875 0.1296875 0.6515625 0.1390625