0 0.7671875 0.275 0.7609375 0.275 0.7640625 0.2859375 0.7703125 0.2859375 0.7671875 0.275
0 0.65625 0.309375 0.65625 0.321875 0.6609375 0.321875 0.6671875 0.3125 0.665625 0.30625 0.65625 0.309375
0 0.375 0.6984375 0.378125 0.70625 0.36875 0.7046875 0.371875 0.7109375 0.3796875 0.70625 0.3796875 0.6984375 0.375 0.6984375
0 0.075 0.4171875 0.0703125 0.43125 0.0765625 0.4375 0.08125 0.4234375 0.0796875 0.4171875 0.075 0.4171875
0 0.7421875 0.5796875 0.7390625 0.596875 0.746875 0.6 0.7484375 0.5828125 0.7421875 0.5796875
0 0.0140625 0.553125 0.0125 0.5640625 0.021875 0.5640625 0.025 0.5515625 0.0203125 0.5484375 0.0140625 0.553125
0 0.046875 0.3171875 0.0421875 0.33125 0.053125 0.3375 0.0546875 0.3296875 0.046875 0.3171875
0 0.3234375 0.6484375 0.3171875 0.6484375 0.3171875 0.6625 0.325 0.659375 0.3234375 0.6484375
0 0.128125 0.5953125 0.1296875 0.6109375 0.1375 0.6125 0.1375 0.6 0.128125 0.5953125
0 0.29375 0.4578125 0.3 0.4640625 0.2921875 0.46875 0.2984375 0.4734375 0.3015625 0.465625 0.2984375 0.4578125 0.29375 0.4578125
0 0.5234375 0.3953125 0.5234375 0.4109375 0.53125 0.403125 0.53125 0.39375 0.5234375 0.3953125
0 0.1578125 0.5375 0.15625 0.5453125 0.1625 0.55 0.16875 0.5375 0.1578125 0.5375
0 0.5359375 0.59375 0.53125 0.59375 0.5375 0.603125 0.53125 0.60625 0.534375 0.6125 0.540625 0.60625 0.5359375 0.59375
0 0.434375 0.465625 0.43125 0.46875 0.4375 0.471875 0.43125 0.478125 0.4375 0.484375 0.4390625 0.48125 0.4328125 0.478125 0.4390625 0.4734375 0.434375 0.465625
0 0.628125 0.7703125 0.6234375 0.7703125 0.6234375 0.78125 0.6296875 0.790625 0.628125 0.7703125
0 0.7703125 0.4421875 0.7671875 0.4546875 0.7734375 0.45 0.7703125 0.4421875