0 0.87158203125 0.2552083333333333 0.87158203125 0.2647569444444444 0.8759765625 0.2682291666666667 0.884765625 0.2682291666666667 0.8896484375 0.2569444444444444 0.8896484375 0.2439236111111111 0.88427734375 0.24131944444444445 0.8779296875 0.24305555555555555 0.87158203125 0.2552083333333333
0 0.6923828125 0.8229166666666666 0.69189453125 0.8324652777777778 0.69775390625 0.8411458333333334 0.70458984375 0.8402777777777778 0.70849609375 0.8307291666666666 0.70751953125 0.8194444444444444 0.703125 0.8151041666666666 0.6982421875 0.8151041666666666 0.6923828125 0.8229166666666666
0 0.8828125 0.3246527777777778 0.8818359375 0.3342013888888889 0.884765625 0.3368055555555556 0.8955078125 0.3394097222222222 0.90087890625 0.3315972222222222 0.89892578125 0.3229166666666667 0.88720703125 0.3194444444444444 0.8828125 0.3246527777777778
0 0.478515625 0.3932291666666667 0.4765625 0.3949652777777778 0.478515625 0.4201388888888889 0.48388671875 0.4244791666666667 0.48681640625 0.421875 0.48779296875 0.4175347222222222 0.4873046875 0.3932291666666667 0.478515625 0.3932291666666667
0 0.49560546875 0.5598958333333334 0.4931640625 0.5642361111111112 0.49365234375 0.5703125 0.4990234375 0.5789930555555556 0.5029296875 0.5807291666666666 0.5048828125 0.5746527777777778 0.5029296875 0.5607638888888888 0.49560546875 0.5598958333333334
0 0.44482421875 0.9131944444444444 0.44482421875 0.9236111111111112 0.447265625 0.9253472222222222 0.44921875 0.921875 0.44921875 0.9166666666666666 0.4462890625 0.9123263888888888 0.44482421875 0.9131944444444444
0 0.62109375 0.8420138888888888 0.61962890625 0.8480902777777778 0.62060546875 0.8619791666666666 0.62841796875 0.8637152777777778 0.63134765625 0.8576388888888888 0.630859375 0.8463541666666666 0.62890625 0.8411458333333334 0.62109375 0.8420138888888888
0 0.6328125 0.4583333333333333 0.63134765625 0.4661458333333333 0.63671875 0.4652777777777778 0.63671875 0.4618055555555556 0.6328125 0.4583333333333333
0 0.75439453125 0.7612847222222222 0.75439453125 0.7769097222222222 0.763671875 0.7829861111111112 0.767578125 0.7821180555555556 0.7705078125 0.7777777777777778 0.77001953125 0.7621527777777778 0.759765625 0.7560763888888888 0.755859375 0.7569444444444444 0.75439453125 0.7612847222222222
0 0.5556640625 0.3038194444444444 0.55517578125 0.3098958333333333 0.55712890625 0.3142361111111111 0.5625 0.3151041666666667 0.568359375 0.296875 0.5673828125 0.2881944444444444 0.5634765625 0.2881944444444444 0.5556640625 0.3038194444444444
0 0.6826171875 0.265625 0.68115234375 0.2743055555555556 0.68212890625 0.2786458333333333 0.68603515625 0.2795138888888889 0.69189453125 0.2725694444444444 0.6943359375 0.2647569444444444 0.69189453125 0.2578125 0.6884765625 0.2578125 0.6826171875 0.265625