0 0.9375 0.275 0.9375 0.2921875 0.946875 0.2921875 0.946875 0.275 0.9375 0.275
0 0.7796875 0.33125 0.7765625 0.3484375 0.7859375 0.35 0.790625 0.33125 0.7859375 0.3265625 0.7796875 0.33125
0 0.4375 0.9578125 0.43125 0.96875 0.44375 0.9796875 0.446875 0.9640625 0.4375 0.9578125
0 0.03125 0.6171875 0.01875 0.6171875 0.01875 0.6296875 0.0296875 0.6359375 0.034375 0.634375 0.03125 0.6171875
0 0.2015625 0.65625 0.2 0.66875 0.2125 0.675 0.2125 0.6625 0.2015625 0.65625
0 0.84375 0.603125 0.84375 0.6125 0.85625 0.6171875 0.85625 0.60625 0.84375 0.603125
0 0.225 0.9171875 0.2234375 0.9359375 0.2296875 0.9375 0.234375 0.9171875 0.23125 0.9125 0.225 0.9171875
0 0.33125 0.7 0.3265625 0.71875 0.3328125 0.7234375 0.3375 0.7171875 0.3296875 0.709375 0.3375 0.70859375 0.3375 0.7 0.33125 0.7
0 0.7578125 0.4671875 0.75625 0.4796875 0.7640625 0.4875 0.76875 0.484375 0.76875 0.4734375 0.7578125 0.4671875
0 0.66875 0.6515625 0.6671875 0.665625 0.678125 0.66875 0.6796875 0.65625 0.66875 0.6515625
0 0.2 0.8234375 0.2 0.8515625 0.20625 0.853125 0.2046875 0.8234375 0.2 0.8234375
0 0.496875 0.625 0.49375 0.6359375 0.5 0.6390625 0.50625 0.6296875 0.5046875 0.625 0.496875 0.625
0 0.4984375 0.8734375 0.49375 0.878125 0.496875 0.8890625 0.5046875 0.884375 0.5046875 0.875 0.4984375 0.8734375
0 0.7140625 0.71875 0.7109375 0.7328125 0.71875 0.7375 0.725 0.728125 0.7140625 0.7234375 0.725 0.7140625 0.71875 0.7125 0.7140625 0.71875
0 0.8859375 0.359375 0.875 0.3625 0.878125 0.371875 0.8859375 0.3703125 0.8859375 0.359375
0 0.8421875 0.0984375 0.8390625 0.115625 0.8453125 0.11875 0.85 0.1171875 0.85 0.0984375 0.8421875 0.0984375
0 0.99375 0.5359375 0.9921875 0.5453125 0.9984375 0.5484375 0.9984375 0.5359375 0.99375 0.5359375