0 0.6796875 0.2828125 0.6734375 0.2859375 0.675 0.296875 0.68125 0.29375 0.6796875 0.2828125
0 0.8046875 0.39375 0.8 0.3984375 0.8078125 0.403125 0.8 0.4078125 0.803125 0.41875 0.8109375 0.415625 0.8046875 0.39375
0 0.146875 0.7 0.14375 0.7109375 0.1515625 0.7140625 0.15625 0.7046875 0.146875 0.7
0 0.26875 0.53125 0.26875 0.5484375 0.278125 0.540625 0.2765625 0.5328125 0.26875 0.53125
0 0.2375 0.71875 0.2375 0.7296875 0.2484375 0.73125 0.25 0.71875 0.2375 0.71875
0 0.525 0.5515625 0.5234375 0.5734375 0.528125 0.5734375 0.534375 0.56875 0.525 0.5609375 0.534375 0.5546875 0.53125 0.55 0.525 0.5515625
0 0.1734375 0.7671875 0.171875 0.7734375 0.1828125 0.78125 0.184375 0.7703125 0.1734375 0.7671875
0 0.3359375 0.49375 0.3328125 0.5109375 0.3390625 0.5125 0.34375 0.5109375 0.34375 0.4921875 0.3359375 0.49375
0 0.35 0.665625 0.3484375 0.678125 0.359375 0.6796875 0.359375 0.671875 0.35 0.665625
0 0.6359375 0.23125 0.634375 0.240625 0.64375 0.24375 0.64375 0.2359375 0.6359375 0.23125
0 0.175 0.6078125 0.1734375 0.6203125 0.1859375 0.6171875 0.1859375 0.60625 0.175 0.6078125
0 0.1359375 0.634375 0.1328125 0.64375 0.1421875 0.6515625 0.146875 0.6421875 0.1359375 0.634375
0 0.5984375 0.4296875 0.59375 0.4296875 0.596875 0.446875 0.5984375 0.4296875
0 0.7375 0.425 0.734375 0.43125 0.7390625 0.4375 0.734375 0.4421875 0.7421875 0.434375 0.7421875 0.425 0.7375 0.425
0 0.4421875 0.41875 0.4375 0.4234375 0.4390625 0.4359375 0.4515625 0.4375 0.4515625 0.425 0.4484375 0.41875 0.4421875 0.41875
0 0.6671875 0.4890625 0.665625 0.4984375 0.671875 0.503125 0.6765625 0.5 0.6765625 0.4890625 0.6671875 0.4890625
0 0.61875 0.4796875 0.6171875 0.49375 0.63125 0.5 0.634375 0.4875 0.61875 0.4796875
0 0.4359375 0.6140625 0.43125 0.6234375 0.440625 0.6296875 0.4421875 0.6171875 0.4359375 0.6140625
0 0.58125 0.3140625 0.5765625 0.3171875 0.5796875 0.3359375 0.58125 0.3140625