0 0.68125 0.328125 0.68125 0.3375 0.6921875 0.340625 0.696875 0.325 0.68125 0.328125
0 0.9515625 0.0265625 0.95 0.03125 0.9578125 0.0359375 0.971875 0.034375 0.9796875 0.028125 0.9515625 0.0265625
0 0.8890625 0.4890625 0.884375 0.49375 0.8890625 0.4984375 0.90625 0.496875 0.90625 0.4875 0.8890625 0.4890625
0 0.353125 0.31875 0.34375 0.3234375 0.34375 0.3296875 0.3640625 0.33125 0.3671875 0.325 0.353125 0.31875
0 0.3875 0.4484375 0.3796875 0.4484375 0.3796875 0.45625 0.39375 0.4609375 0.3875 0.4484375
0 0.3921875 0.1734375 0.3875 0.18125 0.3921875 0.1859375 0.403125 0.1859375 0.403125 0.175 0.3921875 0.1734375
0 0.9875 0.2625 0.975 0.2625 0.975 0.2703125 0.9890625 0.2734375 0.9921875 0.2640625 0.9875 0.2625
0 0.3796875 0.05625 0.3765625 0.06875 0.3921875 0.06875 0.3890625 0.05625 0.3796875 0.05625
0 0.496875 0.475 0.49375 0.484375 0.5109375 0.484375 0.50625 0.475 0.496875 0.475
0 0.7296875 0.575 0.7296875 0.5859375 0.74375 0.5859375 0.7421875 0.575 0.7296875 0.575
0 0.75625 0.15625 0.75625 0.1625 0.7734375 0.1609375 0.775 0.153125 0.7671875 0.15 0.75625 0.15625
0 0.8625 0.465625 0.8625 0.4734375 0.8734375 0.4734375 0.88125 0.4671875 0.8796875 0.4625 0.8734375 0.471875 0.8671875 0.4625 0.8625 0.465625