0 0.34765625 0.5772569444444444 0.34814453125 0.6032986111111112 0.359375 0.6041666666666666 0.36181640625 0.5894097222222222 0.36083984375 0.5737847222222222 0.34814453125 0.5729166666666666 0.34765625 0.5772569444444444
0 0.53564453125 0.2873263888888889 0.5361328125 0.2994791666666667 0.5390625 0.296875 0.5390625 0.2890625 0.53564453125 0.2873263888888889
0 0.310546875 0.3498263888888889 0.310546875 0.3715277777777778 0.31689453125 0.3723958333333333 0.31689453125 0.3454861111111111 0.3134765625 0.3420138888888889 0.310546875 0.3498263888888889
0 0.71142578125 0.7586805555555556 0.71044921875 0.7673611111111112 0.7119140625 0.7734375 0.72314453125 0.7873263888888888 0.7275390625 0.7847222222222222 0.724609375 0.7708333333333334 0.72119140625 0.7647569444444444 0.716796875 0.7578125 0.71142578125 0.7586805555555556
0 0.2314453125 0 0.2255859375 0 0.2255859375 0.003472222222222222 0.22900390625 0.006076388888888889 0.2314453125 0
0 0.66357421875 0.7916666666666666 0.6630859375 0.8185763888888888 0.66796875 0.8263888888888888 0.671875 0.8246527777777778 0.67431640625 0.8081597222222222 0.67431640625 0.7916666666666666 0.6689453125 0.7881944444444444 0.6650390625 0.7881944444444444 0.66357421875 0.7916666666666666
0 0.17529296875 0.6762152777777778 0.1748046875 0.6883680555555556 0.17724609375 0.6935763888888888 0.1875 0.6935763888888888 0.1904296875 0.6875 0.19091796875 0.6770833333333334 0.18603515625 0.6684027777777778 0.18115234375 0.6684027777777778 0.17529296875 0.6762152777777778
0 0.279296875 0.3194444444444444 0.27783203125 0.3289930555555556 0.2841796875 0.3394097222222222 0.2890625 0.3394097222222222 0.2939453125 0.3324652777777778 0.2939453125 0.3229166666666667 0.29052734375 0.3177083333333333 0.28564453125 0.3142361111111111 0.2822265625 0.3151041666666667 0.279296875 0.3194444444444444
0 0.3017578125 0.4626736111111111 0.30126953125 0.4730902777777778 0.30517578125 0.4826388888888889 0.310546875 0.484375 0.3154296875 0.4791666666666667 0.31689453125 0.4652777777777778 0.31640625 0.4609375 0.31298828125 0.4557291666666667 0.30712890625 0.4539930555555556 0.30322265625 0.4574652777777778 0.3017578125 0.4626736111111111
0 0.6669921875 0.3619791666666667 0.66650390625 0.3680555555555556 0.671875 0.3767361111111111 0.67724609375 0.3767361111111111 0.68017578125 0.3723958333333333 0.6806640625 0.3628472222222222 0.67919921875 0.359375 0.67236328125 0.3585069444444444 0.6669921875 0.3619791666666667
0 0.5888671875 0.20225694444444445 0.5888671875 0.2109375 0.59326171875 0.21180555555555555 0.59375 0.20399305555555555 0.59228515625 0.2013888888888889 0.5888671875 0.20225694444444445
0 0.14013671875 0.5659722222222222 0.14013671875 0.5772569444444444 0.14697265625 0.5850694444444444 0.15087890625 0.5824652777777778 0.15478515625 0.5720486111111112 0.154296875 0.5642361111111112 0.15087890625 0.5598958333333334 0.146484375 0.5590277777777778 0.14013671875 0.5659722222222222
0 0.44482421875 0.046875 0.44482421875 0.058159722222222224 0.44921875 0.059895833333333336 0.4560546875 0.04600694444444445 0.45556640625 0.03732638888888889 0.45263671875 0.03298611111111111 0.4501953125 0.033854166666666664 0.44482421875 0.046875
0 0.642578125 0.2864583333333333 0.64013671875 0.2864583333333333 0.64013671875 0.2916666666666667 0.64306640625 0.3020833333333333 0.646484375 0.3020833333333333 0.6455078125 0.2934027777777778 0.642578125 0.2864583333333333
0 0.62353515625 0.11979166666666667 0.623046875 0.12586805555555555 0.6259765625 0.13020833333333334 0.63720703125 0.1371527777777778 0.64013671875 0.13541666666666666 0.64013671875 0.1232638888888889 0.6318359375 0.11371527777777778 0.6259765625 0.11284722222222222 0.62353515625 0.11979166666666667