0 0.3640625 0.2171875 0.3609375 0.2234375 0.3734375 0.2296875 0.384375 0.2296875 0.3890625 0.225 0.3828125 0.2171875 0.3640625 0.2171875
0 0.59375 0.175 0.5875 0.18125 0.5890625 0.1859375 0.6078125 0.1859375 0.6125 0.18125 0.60625 0.175 0.59375 0.175
0 0.45 0.065625 0.4484375 0.075 0.4671875 0.0734375 0.4609375 0.0625 0.45 0.065625
0 0.7609375 0.259375 0.7625 0.2703125 0.78125 0.26875 0.784375 0.2640625 0.7796875 0.25625 0.7609375 0.259375
0 0.1953125 0.171875 0.2046875 0.18125 0.21875 0.178125 0.21875 0.16875 0.2125 0.1640625 0.1953125 0.171875
0 0.2765625 0.0109375 0.2671875 0.0109375 0.2703125 0.025 0.28125 0.025 0.2875 0.01875 0.2875 0.0125 0.2765625 0.0109375
0 0.240625 0.1015625 0.23125 0.10625 0.2359375 0.1171875 0.2484375 0.1109375 0.240625 0.1015625
0 0.01875 0.0890625 0.0140625 0.09375 0.0171875 0.1 0.028125 0.1046875 0.03125 0.09375 0.01875 0.0890625
0 0.9515625 0.3328125 0.9484375 0.34375 0.96875 0.3390625 0.96875 0.3328125 0.9515625 0.3328125
0 0.2578125 0.2 0.25625 0.209375 0.2703125 0.215625 0.275 0.2046875 0.2671875 0.1984375 0.2578125 0.2
0 0.196875 0.1671875 0.19375 0.1765625 0.2046875 0.18125 0.21875 0.18125 0.2421875 0.171875 0.2359375 0.1640625 0.221875 0.1625 0.2015625 0.1625 0.196875 0.1671875
0 0.753125 0.0546875 0.753125 0.0671875 0.7671875 0.0671875 0.7734375 0.0625 0.7734375 0.0546875 0.753125 0.0546875
0 0.01875 0.0625 0.01875 0.0859375 0.0140625 0.096875 0.0203125 0.1046875 0.0296875 0.1046875 0.0359375 0.0890625 0.034375 0.0625 0.0296875 0.0546875 0.021875 0.05625 0.01875 0.0625
0 0.45 0.0625 0.4484375 0.075 0.4875 0.0796875 0.4625 0.0625 0.45 0.0625
0 0.7015625 0.2609375 0.7 0.278125 0.7109375 0.278125 0.7109375 0.2609375 0.7015625 0.2609375
0 0.8390625 0.21875 0.8375 0.2265625 0.8421875 0.23125 0.8640625 0.228125 0.85625 0.2203125 0.8390625 0.21875
0 0.45 0.03125 0.4484375 0.075 0.465625 0.075 0.465625 0.028125 0.4578125 0.0203125 0.45 0.03125