0 0.69482421875 0.4036458333333333 0.6953125 0.4201388888888889 0.6982421875 0.4244791666666667 0.70263671875 0.4244791666666667 0.70654296875 0.4140625 0.705078125 0.4001736111111111 0.697265625 0.3993055555555556 0.69482421875 0.4036458333333333
0 0.34814453125 0.7508680555555556 0.34814453125 0.7604166666666666 0.35107421875 0.765625 0.35546875 0.7638888888888888 0.36181640625 0.7560763888888888 0.36181640625 0.7517361111111112 0.359375 0.7473958333333334 0.3505859375 0.7482638888888888 0.34814453125 0.7508680555555556
0 0.7060546875 0.5164930555555556 0.70458984375 0.5217013888888888 0.70556640625 0.5329861111111112 0.7138671875 0.5338541666666666 0.71630859375 0.5286458333333334 0.71435546875 0.5164930555555556 0.71044921875 0.5138888888888888 0.7060546875 0.5164930555555556
0 0.55322265625 0.4887152777777778 0.552734375 0.5008680555555556 0.5576171875 0.5095486111111112 0.56298828125 0.5095486111111112 0.56640625 0.5034722222222222 0.56640625 0.4887152777777778 0.56298828125 0.4835069444444444 0.55810546875 0.4826388888888889 0.55322265625 0.4887152777777778
0 0.3447265625 0.9027777777777778 0.3427734375 0.9036458333333334 0.3427734375 0.9071180555555556 0.34521484375 0.9123263888888888 0.34814453125 0.9123263888888888 0.34765625 0.9045138888888888 0.3447265625 0.9027777777777778
0 0.9365234375 0.6640625 0.93603515625 0.6736111111111112 0.9384765625 0.6788194444444444 0.94189453125 0.6814236111111112 0.94677734375 0.6770833333333334 0.94677734375 0.6675347222222222 0.94384765625 0.6623263888888888 0.9365234375 0.6640625
0 0.25048828125 0.7213541666666666 0.24853515625 0.7248263888888888 0.24853515625 0.7317708333333334 0.2509765625 0.7378472222222222 0.265625 0.7361111111111112 0.265625 0.7248263888888888 0.25927734375 0.7213541666666666 0.25048828125 0.7213541666666666
0 0.2490234375 0.3229166666666667 0.2490234375 0.3315972222222222 0.2509765625 0.3359375 0.2578125 0.34375 0.26171875 0.3411458333333333 0.26220703125 0.328125 0.259765625 0.3229166666666667 0.255859375 0.3194444444444444 0.25146484375 0.3194444444444444 0.2490234375 0.3229166666666667
0 0.3447265625 0.4800347222222222 0.341796875 0.4800347222222222 0.341796875 0.4895833333333333 0.34521484375 0.4878472222222222 0.3447265625 0.4800347222222222
0 0.22216796875 0.5425347222222222 0.220703125 0.5494791666666666 0.22607421875 0.5677083333333334 0.23388671875 0.5685763888888888 0.236328125 0.5642361111111112 0.236328125 0.5581597222222222 0.23388671875 0.5503472222222222 0.22900390625 0.5416666666666666 0.22216796875 0.5425347222222222
0 0.353515625 0.016493055555555556 0.3515625 0.025173611111111112 0.35400390625 0.03211805555555555 0.35888671875 0.034722222222222224 0.36474609375 0.019097222222222224 0.3642578125 0.006944444444444444 0.359375 0.003472222222222222 0.353515625 0.016493055555555556
0 0.85888671875 0.4991319444444444 0.8583984375 0.5086805555555556 0.861328125 0.5147569444444444 0.8662109375 0.5147569444444444 0.86962890625 0.5095486111111112 0.86962890625 0.5017361111111112 0.86767578125 0.4973958333333333 0.85888671875 0.4991319444444444
0 0.5439453125 0.6232638888888888 0.5439453125 0.6336805555555556 0.546875 0.6397569444444444 0.55224609375 0.640625 0.5556640625 0.6354166666666666 0.55517578125 0.6223958333333334 0.55322265625 0.6189236111111112 0.546875 0.6189236111111112 0.5439453125 0.6232638888888888
0 0.31298828125 0.004340277777777778 0.3134765625 0.024305555555555556 0.318359375 0.027777777777777776 0.3212890625 0.0234375 0.3212890625 0.012152777777777778 0.3173828125 0.0026041666666666665 0.3134765625 0.001736111111111111 0.31298828125 0.004340277777777778
0 0.54150390625 0.3732638888888889 0.541015625 0.3810763888888889 0.54638671875 0.3888888888888889 0.5498046875 0.3897569444444444 0.55712890625 0.3723958333333333 0.55712890625 0.3680555555555556 0.5517578125 0.359375 0.54638671875 0.359375 0.54150390625 0.3732638888888889
0 0.5263671875 0.9670138888888888 0.52685546875 0.9739583333333334 0.53173828125 0.9739583333333334 0.5322265625 0.9661458333333334 0.5263671875 0.9670138888888888