0 0.1826171875 0.1545138888888889 0.18359375 0.1623263888888889 0.1884765625 0.1623263888888889 0.18798828125 0.15364583333333334 0.1826171875 0.1545138888888889
0 0.33056640625 0.5190972222222222 0.32861328125 0.5286458333333334 0.32861328125 0.5329861111111112 0.33056640625 0.5364583333333334 0.33984375 0.5407986111111112 0.34423828125 0.5364583333333334 0.34423828125 0.5208333333333334 0.33642578125 0.5164930555555556 0.33154296875 0.5164930555555556 0.33056640625 0.5190972222222222
0 0.21728515625 0.2387152777777778 0.216796875 0.2456597222222222 0.2197265625 0.2465277777777778 0.2216796875 0.23958333333333334 0.21728515625 0.2387152777777778
0 0.27099609375 0.5763888888888888 0.26904296875 0.5833333333333334 0.27099609375 0.5946180555555556 0.27587890625 0.5972222222222222 0.2802734375 0.5954861111111112 0.283203125 0.5850694444444444 0.2822265625 0.5772569444444444 0.27978515625 0.5729166666666666 0.2744140625 0.5729166666666666 0.27099609375 0.5763888888888888
0 0.0361328125 0.6788194444444444 0.0361328125 0.6883680555555556 0.0390625 0.6892361111111112 0.0400390625 0.6805555555555556 0.0361328125 0.6788194444444444
0 0.07177734375 0.1796875 0.0712890625 0.19010416666666666 0.0732421875 0.20225694444444445 0.07568359375 0.2074652777777778 0.080078125 0.2065972222222222 0.080078125 0.1814236111111111 0.07568359375 0.17708333333333334 0.07177734375 0.1796875
0 0.1455078125 0.0920138888888889 0.14501953125 0.09895833333333333 0.15087890625 0.10590277777777778 0.1572265625 0.09027777777777778 0.1572265625 0.08246527777777778 0.154296875 0.07725694444444445 0.15234375 0.078125 0.1455078125 0.0920138888888889
0 0.20068359375 0.609375 0.2001953125 0.6154513888888888 0.203125 0.6223958333333334 0.21044921875 0.6215277777777778 0.21435546875 0.6128472222222222 0.21337890625 0.6059027777777778 0.2099609375 0.6006944444444444 0.2060546875 0.6006944444444444 0.20068359375 0.609375
0 0.08447265625 0.3420138888888889 0.08447265625 0.3472222222222222 0.091796875 0.3585069444444444 0.09521484375 0.3585069444444444 0.0966796875 0.3559027777777778 0.0966796875 0.3515625 0.0927734375 0.3446180555555556 0.091796875 0.3376736111111111 0.08740234375 0.3376736111111111 0.08447265625 0.3420138888888889
0 0.451171875 0.1015625 0.45068359375 0.11197916666666667 0.45263671875 0.11371527777777778 0.4638671875 0.1171875 0.46630859375 0.11284722222222222 0.46630859375 0.10416666666666667 0.4638671875 0.10069444444444445 0.45263671875 0.09895833333333333 0.451171875 0.1015625
0 0.26318359375 0.046875 0.263671875 0.06510416666666667 0.26513671875 0.0685763888888889 0.27001953125 0.06770833333333333 0.27294921875 0.06336805555555555 0.27294921875 0.05555555555555555 0.26806640625 0.04600694444444445 0.26318359375 0.046875
0 0.35693359375 0.7751736111111112 0.3564453125 0.7873263888888888 0.35888671875 0.7916666666666666 0.3642578125 0.7925347222222222 0.36767578125 0.7873263888888888 0.36767578125 0.7743055555555556 0.365234375 0.7708333333333334 0.35986328125 0.7708333333333334 0.35693359375 0.7751736111111112
0 0.4423828125 0.03732638888888889 0.4423828125 0.04600694444444445 0.4453125 0.050347222222222224 0.44677734375 0.049479166666666664 0.45458984375 0.036458333333333336 0.455078125 0.025173611111111112 0.4501953125 0.0234375 0.4423828125 0.03732638888888889
0 0.302734375 0.8289930555555556 0.302734375 0.8385416666666666 0.3056640625 0.84375 0.30810546875 0.84375 0.31396484375 0.8315972222222222 0.3134765625 0.8272569444444444 0.310546875 0.8229166666666666 0.30517578125 0.8237847222222222 0.302734375 0.8289930555555556