0 0.565625 0.58125 0.5625 0.5859375 0.56875 0.590625 0.5625 0.596875 0.5671875 0.596875 0.571875 0.5875 0.571875 0.58125 0.565625 0.58125
0 0.5859375 0.5375 0.58125 0.5375 0.5828125 0.54375 0.5859375 0.5375
0 0.625 0.3640625 0.6203125 0.375 0.628125 0.3796875 0.63125 0.371875 0.6234375 0.371875 0.63125 0.3625 0.625 0.3640625
0 0.73125 0.26875 0.7296875 0.278125 0.7375 0.2859375 0.7421875 0.275 0.73125 0.26875
0 0.8328125 0.465625 0.83125 0.475 0.840625 0.4796875 0.8421875 0.46875 0.8328125 0.465625
0 0.51875 0.0203125 0.5203125 0.0375 0.5234375 0.0203125 0.51875 0.0203125
0 0.8953125 0.6359375 0.89375 0.65625 0.8984375 0.65625 0.9 0.6390625 0.8953125 0.6359375
0 0.16875 0.7 0.1640625 0.7109375 0.171875 0.740625 0.1921875 0.7375 0.1953125 0.7421875 0.209375 0.7421875 0.2234375 0.728125 0.23125 0.6796875 0.1984375 0.66875 0.18125 0.6796875 0.178125 0.6921875 0.16875 0.7
0 0.5109375 0.1296875 0.5109375 0.140625 0.51875 0.1421875 0.51875 0.13125 0.5109375 0.1296875
0 0.8046875 0.7078125 0.8 0.7078125 0.8015625 0.7234375 0.80625 0.7234375 0.8046875 0.7078125
0 0.7140625 0.7171875 0.7109375 0.7296875 0.71875 0.7296875 0.71875 0.7171875 0.7140625 0.7171875
0 0.6609375 0.1375 0.65625 0.14375 0.6625 0.1515625 0.65625 0.15625 0.659375 0.1578125 0.665625 0.15 0.6609375 0.1375