0 0.22314453125 0.8420138888888888 0.2197265625 0.8420138888888888 0.2197265625 0.8454861111111112 0.22314453125 0.8515625 0.22509765625 0.8515625 0.2255859375 0.8463541666666666 0.22314453125 0.8420138888888888
0 0.55517578125 0.3411458333333333 0.5546875 0.3532986111111111 0.55859375 0.3602430555555556 0.560546875 0.3619791666666667 0.5654296875 0.3576388888888889 0.56689453125 0.3472222222222222 0.564453125 0.3376736111111111 0.55810546875 0.3368055555555556 0.55517578125 0.3411458333333333
0 0.3984375 0.8932291666666666 0.39892578125 0.8993055555555556 0.40478515625 0.8984375 0.404296875 0.890625 0.3994140625 0.890625 0.3984375 0.8932291666666666
0 0.791015625 0.5772569444444444 0.7900390625 0.5824652777777778 0.79296875 0.5911458333333334 0.79931640625 0.5902777777777778 0.80029296875 0.5850694444444444 0.79833984375 0.5763888888888888 0.79296875 0.5746527777777778 0.791015625 0.5772569444444444
0 0.12939453125 0.2916666666666667 0.126953125 0.296875 0.126953125 0.3012152777777778 0.12890625 0.3055555555555556 0.13427734375 0.3081597222222222 0.13671875 0.3038194444444444 0.13671875 0.2977430555555556 0.1328125 0.2916666666666667 0.12939453125 0.2916666666666667
0 0.1259765625 0.6727430555555556 0.1259765625 0.6831597222222222 0.12939453125 0.6883680555555556 0.1416015625 0.6883680555555556 0.14501953125 0.6831597222222222 0.14208984375 0.6727430555555556 0.1259765625 0.6727430555555556
0 0.12109375 0.2873263888888889 0.12109375 0.2951388888888889 0.12548828125 0.2994791666666667 0.1298828125 0.2916666666666667 0.1279296875 0.2847222222222222 0.123046875 0.2847222222222222 0.12109375 0.2873263888888889
0 0.41357421875 0.5625 0.4140625 0.5746527777777778 0.416015625 0.5772569444444444 0.423828125 0.5772569444444444 0.42529296875 0.5677083333333334 0.42431640625 0.5598958333333334 0.4169921875 0.5581597222222222 0.41357421875 0.5625
0 0.21484375 0.4348958333333333 0.21435546875 0.4435763888888889 0.21826171875 0.4435763888888889 0.21875 0.4357638888888889 0.21484375 0.4348958333333333
0 0.12353515625 0.2847222222222222 0.12109375 0.2881944444444444 0.12255859375 0.296875 0.13232421875 0.3081597222222222 0.13671875 0.3038194444444444 0.13671875 0.2977430555555556 0.13427734375 0.2916666666666667 0.1279296875 0.2847222222222222 0.12353515625 0.2847222222222222
0 0.22314453125 0.6935763888888888 0.22314453125 0.7022569444444444 0.22607421875 0.7100694444444444 0.228515625 0.7100694444444444 0.23681640625 0.7013888888888888 0.236328125 0.6927083333333334 0.22314453125 0.6935763888888888
0 0.15478515625 0.46875 0.154296875 0.4791666666666667 0.15966796875 0.4800347222222222 0.15966796875 0.4704861111111111 0.1572265625 0.4670138888888889 0.15478515625 0.46875
0 0.56591796875 0.4513888888888889 0.5654296875 0.4592013888888889 0.56689453125 0.4661458333333333 0.5751953125 0.4652777777777778 0.576171875 0.4557291666666667 0.57421875 0.4479166666666667 0.56982421875 0.4470486111111111 0.56591796875 0.4513888888888889
0 0.0986328125 0.5017361111111112 0.0986328125 0.5104166666666666 0.1044921875 0.5251736111111112 0.10888671875 0.5277777777777778 0.11376953125 0.5225694444444444 0.11376953125 0.515625 0.109375 0.5052083333333334 0.103515625 0.5 0.0986328125 0.5017361111111112
0 0.408203125 0.3194444444444444 0.40771484375 0.3272569444444444 0.41064453125 0.3324652777777778 0.41845703125 0.3350694444444444 0.423828125 0.3151041666666667 0.4169921875 0.3064236111111111 0.4140625 0.3055555555555556 0.408203125 0.3194444444444444
0 0.42236328125 0.4270833333333333 0.4208984375 0.4322916666666667 0.42138671875 0.4435763888888889 0.4248046875 0.4513888888888889 0.43017578125 0.4513888888888889 0.43359375 0.4435763888888889 0.43359375 0.4314236111111111 0.43212890625 0.4270833333333333 0.42919921875 0.4253472222222222 0.42236328125 0.4270833333333333
0 0.22900390625 0 0.22265625 0.0008680555555555555 0.22802734375 0.006076388888888889 0.22900390625 0
0 0.716796875 0.421875 0.71435546875 0.4262152777777778 0.71533203125 0.4348958333333333 0.720703125 0.4383680555555556 0.7236328125 0.4314236111111111 0.72314453125 0.4227430555555556 0.716796875 0.421875