0 0.2203125 0.71875 0.2171875 0.725 0.2234375 0.728125 0.21875 0.7390625 0.225 0.74375 0.2203125 0.71875
0 0.1734375 0.2921875 0.16875 0.3015625 0.1734375 0.3109375 0.18125 0.3015625 0.18125 0.29375 0.1734375 0.2921875
0 0.325 0.565625 0.3234375 0.5859375 0.328125 0.5875 0.33125 0.5671875 0.325 0.565625
0 0.2375 0.0625 0.2375 0.075 0.246875 0.0765625 0.246875 0.065625 0.2375 0.0625
0 0.3625 0.3640625 0.3546875 0.3640625 0.35625 0.3875 0.3625 0.3875 0.3625 0.3640625
0 0.25625 0.25 0.2515625 0.2546875 0.2609375 0.259375 0.2515625 0.2671875 0.2625 0.26875 0.2609375 0.2515625 0.25625 0.25
0 0.10625 0.1671875 0.10625 0.178125 0.1109375 0.1734375 0.10625 0.1671875
0 0.2046875 0.978125 0.2046875 0.9921875 0.215625 0.99375 0.2125 0.98125 0.2046875 0.978125
0 0.40625 0.65625 0.4 0.6625 0.403125 0.6734375 0.415625 0.6671875 0.40625 0.65625
0 0.309375 0.2203125 0.30625 0.2359375 0.3140625 0.2375 0.3171875 0.21875 0.309375 0.2203125
0 0.3671875 0.790625 0.3640625 0.7984375 0.36875 0.8125 0.3734375 0.8125 0.3671875 0.8 0.375 0.796875 0.3671875 0.790625
0 0.4 0.7125 0.3984375 0.7359375 0.4046875 0.7375 0.4078125 0.71875 0.40625 0.7125 0.4 0.7125
0 0.4703125 0.8796875 0.475 0.8875 0.46875 0.890625 0.46875 0.9 0.4734375 0.9 0.478125 0.88125 0.4703125 0.8796875
0 0.34375 0.26875 0.3375 0.26875 0.3375 0.28125 0.3484375 0.2828125 0.34375 0.26875
0 0.30625 0.21875 0.3015625 0.2265625 0.3046875 0.25625 0.3125 0.2609375 0.3171875 0.2546875 0.3171875 0.2171875 0.30625 0.21875
0 0.2234375 0.4484375 0.2203125 0.4609375 0.2296875 0.4671875 0.23125 0.4484375 0.2234375 0.4484375