0 0.05 0.16875 0.0484375 0.1796875 0.059375 0.1875 0.0625 0.1734375 0.05 0.16875
0 0.24375 0.246875 0.240625 0.259375 0.2484375 0.2609375 0.25 0.24375 0.24375 0.246875
0 0.2171875 0.325 0.2125 0.3296875 0.215625 0.34375 0.2203125 0.340625 0.2171875 0.325
0 0.1734375 0.15 0.16875 0.153125 0.16875 0.1640625 0.18125 0.16875 0.184375 0.15625 0.1734375 0.15
0 0.321875 0.3765625 0.3171875 0.3765625 0.31875 0.39375 0.3234375 0.3921875 0.321875 0.3765625
0 0.2296875 0.1875 0.2234375 0.1875 0.2234375 0.2046875 0.23125 0.2046875 0.2296875 0.1875
0 0.10625 0.3546875 0.1 0.3546875 0.1 0.365625 0.109375 0.371875 0.1109375 0.3609375 0.10625 0.3546875
0 0.18125 0.4671875 0.1796875 0.4796875 0.1875 0.4796875 0.1921875 0.4671875 0.1875 0.4625 0.18125 0.4671875
0 0.3578125 0.45625 0.35625 0.478125 0.3625 0.4578125 0.3578125 0.45625
0 0.23125 0.240625 0.23125 0.2609375 0.246875 0.2640625 0.25 0.24375 0.24375 0.2375 0.23125 0.240625
0 0.01875 0.03125 0.0171875 0.0453125 0.0265625 0.05 0.0296875 0.03125 0.01875 0.03125
0 0.5625 0 0.5515625 0 0.5515625 0.0140625 0.5578125 0.025 0.5671875 0.0296875 0.56875 0.01875 0.5625 0.0109375 0.5625 0