0 0.2359375 0.6171875 0.234375 0.6328125 0.240625 0.634375 0.246875 0.6203125 0.24375 0.6140625 0.2359375 0.6171875
0 0.3609375 0.6453125 0.359375 0.6546875 0.365625 0.6671875 0.371875 0.6625 0.371875 0.65 0.365625 0.64375 0.3609375 0.6453125
0 0.1109375 0.4 0.1109375 0.4109375 0.115625 0.4109375 0.1203125 0.40625 0.1171875 0.3953125 0.1109375 0.4
0 0.5265625 0.46875 0.5234375 0.4796875 0.5296875 0.484375 0.53125 0.4734375 0.5265625 0.46875
0 0.90625 0.2375 0.9 0.24375 0.9 0.2546875 0.9125 0.2484375 0.9109375 0.2375 0.90625 0.2375
0 0.3875 0.5765625 0.3859375 0.5859375 0.3921875 0.5890625 0.3984375 0.5765625 0.3875 0.5765625
0 0.109375 0.634375 0.1 0.634375 0.1 0.6453125 0.109375 0.646875 0.1 0.65625 0.1109375 0.6546875 0.109375 0.634375
0 0.8984375 0.7421875 0.8953125 0.7546875 0.9015625 0.7671875 0.909375 0.75625 0.8984375 0.7421875
0 0.5703125 0.6671875 0.5625 0.6671875 0.5625 0.6796875 0.5671875 0.6828125 0.571875 0.6796875 0.5703125 0.6671875
0 0.25 0.3640625 0.246875 0.375 0.2578125 0.3859375 0.259375 0.375 0.2546875 0.3640625 0.25 0.3640625
0 0.1625 0.2078125 0.1640625 0.2203125 0.1734375 0.2265625 0.171875 0.2046875 0.1625 0.2078125
0 0.671875 0.45 0.66875 0.4609375 0.6796875 0.46875 0.6796875 0.45625 0.671875 0.45
0 0.73125 0.3296875 0.7296875 0.3359375 0.73125 0.3296875
0 0.1734375 0.4375 0.171875 0.4453125 0.18125 0.446875 0.18125 0.4375 0.1734375 0.4375
0 0.625 0.7109375 0.6234375 0.7234375 0.6296875 0.725 0.634375 0.721875 0.634375 0.7125 0.63125 0.7078125 0.625 0.7109375
0 0.7640625 0.3625 0.7640625 0.371875 0.7703125 0.3734375 0.7734375 0.36875 0.7671875 0.3609375 0.7734375 0.3546875 0.7640625 0.3625
0 0.2875 0.4703125 0.2859375 0.4828125 0.2921875 0.4875 0.296875 0.4796875 0.2875 0.4734375 0.296875 0.4671875 0.2875 0.4703125
0 0.7921875 0.5734375 0.7875 0.5734375 0.7875 0.5828125 0.7953125 0.59375 0.8 0.5765625 0.7921875 0.5734375