0 0.403125 0.8890625 0.3953125 0.89375 0.3953125 0.90625 0.40625 0.90625 0.4078125 0.8921875 0.403125 0.8890625
0 0.5484375 0.89375 0.5421875 0.8984375 0.5421875 0.9125 0.5546875 0.9109375 0.5546875 0.89375 0.5484375 0.89375
0 0.30625 0.7234375 0.3046875 0.7296875 0.3109375 0.7375 0.30625 0.7234375
0 0.2859375 0.9234375 0.2828125 0.93125 0.2875 0.9359375 0.290625 0.9265625 0.2859375 0.9234375
0 0.2421875 0.9390625 0.24375 0.9578125 0.25 0.9578125 0.25625 0.94375 0.25 0.9375 0.2421875 0.9390625
0 0.2375 0.45 0.2359375 0.4609375 0.24375 0.4671875 0.246875 0.45 0.2375 0.45
0 0.2125 0.6171875 0.2046875 0.625 0.209375 0.6359375 0.21875 0.625 0.2171875 0.6171875 0.2125 0.6171875
0 0.49375 0.70625 0.4875 0.70625 0.4890625 0.728125 0.496875 0.725 0.49375 0.70625
0 0.309375 0.2921875 0.3078125 0.303125 0.3171875 0.3046875 0.3171875 0.29375 0.309375 0.2921875
0 0.3953125 0.45625 0.3953125 0.46875 0.4046875 0.475 0.4046875 0.4578125 0.3953125 0.45625
0 0.53984375 0.72734375 0.0046875 0.0046875