0 0.6171875 0.509375 0.6171875 0.534375 0.625 0.5375 0.6234375 0.5109375 0.6171875 0.509375
0 0.815625 0.7859375 0.8109375 0.7859375 0.81875 0.796875 0.8109375 0.8 0.81875 0.815625 0.8234375 0.815625 0.825 0.8125 0.81875 0.8125 0.8171875 0.8078125 0.825 0.8015625 0.815625 0.7859375
0 0.978125 0.9875 0.975 0.9890625 0.9796875 0.9984375 0.9921875 0.9984375 0.9921875 0.9890625 0.978125 0.9875
0 0.90625 0.8015625 0.90625 0.8359375 0.9140625 0.84375 0.909375 0.8375 0.915625 0.8328125 0.9125 0.8015625 0.90625 0.8015625
0 0.3328125 0.1578125 0.33125 0.1859375 0.3375 0.1875 0.3375 0.1578125 0.3328125 0.1578125
0 0.9734375 0.9796875 0.96875 0.9796875 0.96875 0.9875 0.975 0.9890625 0.978125 0.9984375 0.9921875 0.9984375 0.9921875 0.9890625 0.9765625 0.9875 0.9734375 0.9796875
0 0.084375 0.8546875 0.08125 0.8640625 0.09375 0.8703125 0.09375 0.859375 0.084375 0.8546875
0 0.59375 0.3859375 0.5859375 0.3859375 0.5859375 0.4 0.59375 0.403125 0.5984375 0.3984375 0.59375 0.3859375
0 0.2171875 0.0265625 0.215625 0.0609375 0.2203125 0.0625 0.2234375 0.028125 0.2171875 0.0265625
0 0.8390625 0.83125 0.8390625 0.85 0.84375 0.8671875 0.8484375 0.86875 0.85 0.8578125 0.84375 0.85625 0.85 0.8484375 0.8484375 0.8390625 0.8390625 0.83125
0 0.975 0.8890625 0.971875 0.8984375 0.98125 0.921875 0.984375 0.8984375 0.975 0.8890625
0 0.675 0.7875 0.6484375 0.7875 0.6484375 0.8128125 0.6546875 0.8203125 0.6484375 0.82125 0.6484375 0.8296875 0.6578125 0.8203125 0.6765625 0.8171875 0.671875 0.8046875 0.675 0.7875
0 0.690625 0.5984375 0.6875 0.6046875 0.69375 0.6203125 0.696875 0.6 0.69375 0.59375 0.690625 0.5984375
0 0.825 0.71875 0.8234375 0.7296875 0.8296875 0.734375 0.83125 0.7125 0.825 0.71875
0 0.6828125 0.51875 0.6796875 0.5484375 0.6890625 0.5484375 0.6984375 0.53125 0.6984375 0.5140625 0.6921875 0.5109375 0.6828125 0.51875
0 0.7765625 0.7078125 0.7734375 0.74375 0.78125 0.7421875 0.78125 0.71875 0.7765625 0.7078125
0 0.353125 0.084375 0.35 0.0890625 0.3546875 0.096875 0.3640625 0.10625 0.371875 0.10625 0.371875 0.09375 0.353125 0.084375
0 0.659375 0.7921875 0.65625 0.8125 0.6640625 0.81875 0.6671875 0.7921875 0.659375 0.7921875
0 0.48125 0.33125 0.475 0.353125 0.478125 0.3625 0.484375 0.3625 0.4921875 0.34375 0.4796875 0.3453125 0.4859375 0.3296875 0.4921875 0.3296875 0.4875 0.3265625 0.48125 0.33125