0 0.4171875 0.11875 0.415625 0.125 0.425 0.115625 0.4171875 0.11875
0 0.49375 0.2703125 0.4875 0.2703125 0.4875 0.2921875 0.49375 0.2921875 0.496875 0.2828125 0.49375 0.2703125
0 0.30625 0.2609375 0.3046875 0.275 0.309375 0.26875 0.30625 0.2609375
0 0.246875 0.0375 0.24375 0.05 0.2546875 0.05625 0.2546875 0.04375 0.246875 0.0375
0 0.2375 0.5359375 0.2359375 0.54375 0.2421875 0.5484375 0.246875 0.5375 0.24375 0.53125 0.2375 0.5359375
0 0.20625 0.3625 0.20625 0.375 0.2171875 0.3796875 0.2125 0.3625 0.20625 0.3625
0 0.3984375 0.0890625 0.3953125 0.1 0.40625 0.10625 0.4078125 0.096875 0.3984375 0.0890625
0 0.2875 0.0625 0.2828125 0.0625 0.2828125 0.075 0.2875 0.0796875 0.2875 0.0625
0 0.3953125 0.5296875 0.39375 0.5359375 0.403125 0.5421875 0.40625 0.5234375 0.4 0.5203125 0.3953125 0.5296875
0 0.6015625 0.1734375 0.60625 0.1875 0.6125 0.1875 0.6015625 0.1734375
0 0.54375 0.0859375 0.5421875 0.1 0.5546875 0.1046875 0.5546875 0.0921875 0.54375 0.0859375
0 0.3171875 0.69375 0.30625 0.69375 0.30625 0.7046875 0.3125 0.70625 0.3171875 0.69375