0 0.65 0.4734375 0.64375 0.4796875 0.6484375 0.4890625 0.65625 0.484375 0.65625 0.4734375 0.65 0.4734375
0 0.5484375 0.3890625 0.55 0.4140625 0.5546875 0.415625 0.5578125 0.4109375 0.55 0.4046875 0.5578125 0.4 0.5546875 0.3859375 0.5484375 0.3890625
0 0.9609375 0.95 0.95625 0.95 0.9578125 0.975 0.9640625 0.975 0.9609375 0.95
0 0.91875 0.753125 0.91875 0.7671875 0.9265625 0.7734375 0.9296875 0.7625 0.91875 0.753125
0 0.5125 0.5671875 0.509375 0.58125 0.515625 0.5828125 0.51875 0.56875 0.5125 0.5671875
0 0.546875 0.4703125 0.54375 0.4796875 0.5515625 0.484375 0.5546875 0.4796875 0.5453125 0.4734375 0.5546875 0.46875 0.546875 0.4703125
0 0.5203125 0.325 0.5265625 0.3328125 0.51875 0.3375 0.528125 0.3453125 0.5296875 0.3359375 0.5203125 0.325
0 0.3953125 0.2046875 0.39375 0.228125 0.4 0.2296875 0.4046875 0.209375 0.3953125 0.2046875
0 0.915625 0.9171875 0.9125 0.9296875 0.925 0.940625 0.925 0.925 0.915625 0.9171875
0 0.43125 0.4625 0.4296875 0.46875 0.4375 0.475 0.4375 0.465625 0.43125 0.4625
0 0.978125 0.89375 0.975 0.9015625 0.9796875 0.9109375 0.9859375 0.9125 0.978125 0.9046875 0.9875 0.9 0.978125 0.89375
0 0.659375 0.6796875 0.6453125 0.6796875 0.6484375 0.6984375 0.6609375 0.69375 0.659375 0.6796875
0 0.20625 0.8609375 0.2046875 0.8921875 0.2125 0.9125 0.21875 0.9171875 0.23125 0.915625 0.2484375 0.8859375 0.25625 0.8296875 0.24375 0.821875 0.2359375 0.8046875 0.2265625 0.7984375 0.21875 0.809375 0.20625 0.8609375
0 0.4375 0.546875 0.4375 0.565625 0.4421875 0.565625 0.4421875 0.5484375 0.4375 0.546875
0 0.45 0.2828125 0.4484375 0.2953125 0.45625 0.296875 0.4609375 0.2859375 0.45 0.2828125
0 0.7390625 0.55625 0.7375 0.571875 0.7453125 0.5734375 0.7484375 0.5625 0.7390625 0.55625
0 0.9890625 0.8109375 0.99375 0.815625 0.9875 0.825 0.9890625 0.83125 0.9953125 0.8328125 0.9984375 0.81875 0.9890625 0.8109375
0 0.7546875 0.775 0.75 0.7875 0.75625 0.79375 0.7640625 0.7796875 0.7609375 0.7734375 0.7546875 0.775
0 0.81875 0.8421875 0.8171875 0.853125 0.8234375 0.8609375 0.8234375 0.846875 0.81875 0.8421875
0 0.821875 0.6375 0.81875 0.65625 0.8265625 0.65625 0.8296875 0.6421875 0.821875 0.6375