0 0.34765625 0.5729166666666666 0.34765625 0.6032986111111112 0.36083984375 0.6041666666666666 0.36181640625 0.5737847222222222 0.34765625 0.5729166666666666
0 0.53564453125 0.2873263888888889 0.5361328125 0.2994791666666667 0.5390625 0.296875 0.5390625 0.2890625 0.53564453125 0.2873263888888889
0 0.31103515625 0.3454861111111111 0.310546875 0.3706597222222222 0.3134765625 0.3732638888888889 0.31689453125 0.3723958333333333 0.31689453125 0.3454861111111111 0.31103515625 0.3454861111111111
0 0.70947265625 0.7604166666666666 0.70947265625 0.7699652777777778 0.7119140625 0.7786458333333334 0.72314453125 0.7907986111111112 0.728515625 0.7864583333333334 0.72802734375 0.7743055555555556 0.716796875 0.7569444444444444 0.71240234375 0.7569444444444444 0.70947265625 0.7604166666666666
0 0.2314453125 0 0.2255859375 0 0.2255859375 0.003472222222222222 0.2265625 0.006076388888888889 0.23046875 0.005208333333333333 0.2314453125 0
0 0.732421875 0.4791666666666667 0.73193359375 0.4835069444444444 0.73876953125 0.4835069444444444 0.7373046875 0.4782986111111111 0.732421875 0.4791666666666667
0 0.66357421875 0.7916666666666666 0.6630859375 0.8185763888888888 0.66650390625 0.8246527777777778 0.671875 0.8246527777777778 0.673828125 0.8151041666666666 0.67431640625 0.7916666666666666 0.6689453125 0.7881944444444444 0.6650390625 0.7881944444444444 0.66357421875 0.7916666666666666
0 0.1767578125 0.6736111111111112 0.1748046875 0.6788194444444444 0.1748046875 0.6883680555555556 0.17724609375 0.6935763888888888 0.1875 0.6935763888888888 0.1904296875 0.6875 0.19091796875 0.6753472222222222 0.18603515625 0.6684027777777778 0.18115234375 0.6684027777777778 0.1767578125 0.6736111111111112
0 0.279296875 0.3194444444444444 0.27880859375 0.3307291666666667 0.283203125 0.3394097222222222 0.2900390625 0.3394097222222222 0.2939453125 0.3324652777777778 0.2939453125 0.3229166666666667 0.29052734375 0.3177083333333333 0.2822265625 0.3151041666666667 0.279296875 0.3194444444444444
0 0.3017578125 0.4626736111111111 0.3017578125 0.4748263888888889 0.30517578125 0.4826388888888889 0.310546875 0.484375 0.3154296875 0.4791666666666667 0.31689453125 0.4626736111111111 0.31298828125 0.4539930555555556 0.30712890625 0.4539930555555556 0.30322265625 0.4574652777777778 0.3017578125 0.4626736111111111
0 0.66796875 0.359375 0.666015625 0.3628472222222222 0.6669921875 0.3715277777777778 0.67138671875 0.3767361111111111 0.6796875 0.375 0.68115234375 0.3637152777777778 0.67919921875 0.3585069444444444 0.66796875 0.359375
0 0.5888671875 0.20225694444444445 0.5888671875 0.2109375 0.59326171875 0.21180555555555555 0.59375 0.20399305555555555 0.59228515625 0.2013888888888889 0.5888671875 0.20225694444444445
0 0.14013671875 0.5651041666666666 0.138671875 0.5729166666666666 0.1435546875 0.5833333333333334 0.1474609375 0.5859375 0.15185546875 0.5824652777777778 0.15478515625 0.5703125 0.15478515625 0.5642361111111112 0.15283203125 0.5598958333333334 0.14404296875 0.5598958333333334 0.14013671875 0.5651041666666666
0 0.4443359375 0.04861111111111111 0.44482421875 0.059027777777777776 0.4521484375 0.059027777777777776 0.45556640625 0.051215277777777776 0.45556640625 0.03819444444444445 0.45263671875 0.033854166666666664 0.447265625 0.034722222222222224 0.4443359375 0.04861111111111111
0 0.6416015625 0.2864583333333333 0.64013671875 0.2864583333333333 0.64013671875 0.2916666666666667 0.64306640625 0.3020833333333333 0.646484375 0.3020833333333333 0.64501953125 0.2925347222222222 0.6416015625 0.2864583333333333
0 0.62353515625 0.1189236111111111 0.623046875 0.12586805555555555 0.6259765625 0.13020833333333334 0.63671875 0.1371527777777778 0.64013671875 0.13541666666666666 0.64013671875 0.1232638888888889 0.6318359375 0.11371527777777778 0.62646484375 0.11284722222222222 0.62353515625 0.1189236111111111