0 0.265625 0.7170138888888888 0.26513671875 0.7456597222222222 0.275390625 0.7465277777777778 0.279296875 0.7439236111111112 0.27880859375 0.7161458333333334 0.265625 0.7170138888888888
0 0.43310546875 0.2873263888888889 0.43310546875 0.2960069444444444 0.4375 0.2960069444444444 0.43798828125 0.2916666666666667 0.4365234375 0.2881944444444444 0.43310546875 0.2873263888888889
0 0.24853515625 0.09114583333333333 0.24072265625 0.09114583333333333 0.24072265625 0.0954861111111111 0.248046875 0.0954861111111111 0.24853515625 0.09114583333333333
0 0.39697265625 0.3845486111111111 0.39599609375 0.3940972222222222 0.400390625 0.3949652777777778 0.40087890625 0.3862847222222222 0.39697265625 0.3845486111111111
0 0.2685546875 0.4453125 0.2685546875 0.4644097222222222 0.271484375 0.4670138888888889 0.27587890625 0.4661458333333333 0.27587890625 0.4409722222222222 0.271484375 0.4401041666666667 0.2685546875 0.4453125
0 0.365234375 0.11631944444444445 0.36572265625 0.125 0.3701171875 0.1267361111111111 0.37890625 0.1154513888888889 0.37939453125 0.10590277777777778 0.3779296875 0.1015625 0.37353515625 0.1015625 0.365234375 0.11631944444444445
0 0.078125 0.7977430555555556 0.07763671875 0.8098958333333334 0.08056640625 0.8142361111111112 0.08935546875 0.8133680555555556 0.091796875 0.8020833333333334 0.091796875 0.796875 0.08935546875 0.7925347222222222 0.08056640625 0.7925347222222222 0.078125 0.7977430555555556
0 0.0830078125 0.2526041666666667 0.08154296875 0.2578125 0.08349609375 0.2604166666666667 0.08642578125 0.2604166666666667 0.08837890625 0.2560763888888889 0.08837890625 0.2517361111111111 0.0830078125 0.2526041666666667
0 0.12646484375 0.8767361111111112 0.12353515625 0.8819444444444444 0.12353515625 0.8949652777777778 0.1259765625 0.8993055555555556 0.13427734375 0.8993055555555556 0.1376953125 0.8932291666666666 0.1376953125 0.8802083333333334 0.1328125 0.8732638888888888 0.12646484375 0.8767361111111112
0 0.20947265625 0.6354166666666666 0.20947265625 0.6536458333333334 0.21337890625 0.6571180555555556 0.21923828125 0.6571180555555556 0.22265625 0.6536458333333334 0.224609375 0.6397569444444444 0.22265625 0.6310763888888888 0.21142578125 0.6310763888888888 0.20947265625 0.6354166666666666
0 0.52099609375 0.3958333333333333 0.51904296875 0.4027777777777778 0.52490234375 0.4114583333333333 0.53173828125 0.4079861111111111 0.5322265625 0.3993055555555556 0.52978515625 0.3949652777777778 0.52587890625 0.3932291666666667 0.52099609375 0.3958333333333333
0 0.28515625 0.2048611111111111 0.28515625 0.21788194444444445 0.2900390625 0.21875 0.2939453125 0.20833333333333334 0.294921875 0.1996527777777778 0.29345703125 0.1953125 0.28857421875 0.1935763888888889 0.2861328125 0.19791666666666666 0.28515625 0.2048611111111111
0 0.17138671875 0.5208333333333334 0.169921875 0.5286458333333334 0.1748046875 0.5364583333333334 0.1826171875 0.5364583333333334 0.185546875 0.5321180555555556 0.18603515625 0.5199652777777778 0.1845703125 0.515625 0.17431640625 0.515625 0.17138671875 0.5208333333333334
0 0.6064453125 0.7291666666666666 0.6064453125 0.7395833333333334 0.60986328125 0.7456597222222222 0.623046875 0.7517361111111112 0.623046875 0.7369791666666666 0.61181640625 0.7265625 0.609375 0.7256944444444444 0.6064453125 0.7291666666666666
0 0.56982421875 0.7743055555555556 0.5693359375 0.7881944444444444 0.572265625 0.8046875 0.57958984375 0.8055555555555556 0.57958984375 0.78125 0.578125 0.7751736111111112 0.56982421875 0.7743055555555556
0 0.45263671875 0.1935763888888889 0.451171875 0.20572916666666666 0.45458984375 0.21006944444444445 0.46875 0.21006944444444445 0.4697265625 0.20225694444444445 0.4677734375 0.19791666666666666 0.46142578125 0.1935763888888889 0.45263671875 0.1935763888888889