0 0.39375 0.53125 0.3859375 0.5375 0.3796875 0.534375 0.39375 0.540625 0.4 0.5375 0.39375 0.53125
0 0.0890625 0.15625 0.09375 0.16875 0.109375 0.16875 0.1125 0.1640625 0.109375 0.15625 0.0890625 0.15625
0 0.359375 0.1828125 0.35625 0.1875 0.3609375 0.1921875 0.3734375 0.1921875 0.36875 0.18125 0.359375 0.1828125
0 0.6765625 0.4890625 0.6765625 0.5 0.6921875 0.496875 0.6921875 0.4875 0.6765625 0.4890625
0 0.4375 0.4234375 0.4359375 0.4328125 0.4484375 0.4359375 0.4484375 0.4296875 0.4375 0.4234375
0 0.1 0.1984375 0.09375 0.2046875 0.096875 0.2109375 0.1109375 0.2046875 0.1109375 0.2 0.1 0.1984375
0 0.3453125 0.3859375 0.3453125 0.3984375 0.3609375 0.3984375 0.359375 0.3875 0.3453125 0.3859375
0 0.0203125 0.4171875 0.0125 0.4171875 0.0171875 0.4359375 0.0421875 0.446875 0.0421875 0.4359375 0.0203125 0.4171875
0 0.18125 0.125 0.1796875 0.1375 0.1921875 0.1375 0.1921875 0.1296875 0.18125 0.125
0 0.0609375 0.0375 0.0546875 0.05 0.0671875 0.0515625 0.0703125 0.0421875 0.0609375 0.0375
0 0.95625 0.7296875 0.9578125 0.7390625 0.9484375 0.7421875 0.95 0.7453125 0.9671875 0.74375 0.9875 0.7609375 0.9984375 0.7609375 0.9984375 0.7234375 0.99375 0.7265625 0.9875 0.71875 0.95625 0.7296875
0 0.99375 0.7078125 0.9921875 0.7125 0.9984375 0.7171875 0.9984375 0.70625 0.99375 0.7078125
0 0.3015625 0.35625 0.3 0.3734375 0.3109375 0.3796875 0.3234375 0.3796875 0.3265625 0.371875 0.321875 0.365625 0.3109375 0.35625 0.3015625 0.35625
0 0.0890625 0.15625 0.09375 0.16875 0.125 0.171875 0.115625 0.1578125 0.0890625 0.15625
0 0.146875 0.2484375 0.1421875 0.2546875 0.15 0.2609375 0.1625 0.259375 0.1609375 0.25 0.146875 0.2484375
0 0.325 0.3046875 0.325 0.3125 0.33359375 0.3125 0.3359375 0.3046875 0.34375 0.3109375 0.3328125 0.3015625 0.325 0.3046875
0 0.303125 0.4015625 0.3015625 0.40625 0.3109375 0.4109375 0.3171875 0.40625 0.3171875 0.4 0.303125 0.4015625
0 0.95625 0.7296875 0.9484375 0.7453125 0.9578125 0.7390625 0.959375 0.7453125 0.971875 0.7421875 0.9640625 0.73125 0.95625 0.7296875
0 0.3484375 0.4171875 0.3453125 0.425 0.3546875 0.41875 0.3625 0.4265625 0.3484375 0.4171875
0 0.30625 0.0859375 0.30625 0.09375 0.3234375 0.09375 0.321875 0.0859375 0.30625 0.0859375
0 0.528125 0.8796875 0.5265625 0.884375 0.546875 0.8984375 0.55703125 0.8984375 0.5578125 0.8890625 0.5671875 0.8984375 0.5671875 0.89375 0.55 0.88125 0.528125 0.8796875
0 0.5625 0.2859375 0.5625 0.296875 0.5796875 0.296875 0.575 0.2875 0.5625 0.2859375
0 0.7609375 0.3765625 0.7609375 0.3875 0.76875 0.3875 0.76875 0.375 0.7609375 0.3765625
0 0.2859375 0.6171875 0.2828125 0.625 0.3 0.6359375 0.309375 0.6359375 0.321875 0.628125 0.309375 0.6125 0.2859375 0.6171875