0 0.80625 0.0375 0.8046875 0.0484375 0.8125 0.0546875 0.81875 0.04375 0.80625 0.0375
0 0.0890625 0.4265625 0.0890625 0.4375 0.1 0.4421875 0.0984375 0.428125 0.0890625 0.4265625
0 0.2765625 0.0140625 0.28125 0.021875 0.275 0.03125 0.28125 0.034375 0.28125 0.015625 0.2765625 0.0140625
0 0.3703125 0.5328125 0.36875 0.540625 0.378125 0.54375 0.3796875 0.53125 0.3703125 0.5328125
0 0.475 0.4796875 0.4734375 0.496875 0.4796875 0.4984375 0.48125 0.484375 0.475 0.4796875
0 0.73125 0.403125 0.728125 0.4171875 0.734375 0.41875 0.7375 0.403125 0.73125 0.403125
0 0.1296875 0.5421875 0.125 0.5421875 0.13125 0.55 0.125 0.55078125 0.1265625 0.5609375 0.1328125 0.5515625 0.1296875 0.5421875
0 0.25 0.5 0.24375 0.5 0.246875 0.51875 0.25 0.5
0 0.6140625 0.46875 0.6125 0.4875 0.6171875 0.4890625 0.6203125 0.475 0.61875 0.46875 0.6140625 0.46875
0 0.4125 0.15 0.41875 0.1578125 0.4109375 0.1625 0.421875 0.171875 0.4234375 0.1640625 0.4125 0.15
0 0.590625 0.1671875 0.58125 0.1671875 0.58125 0.1796875 0.5921875 0.178125 0.590625 0.1671875
0 0.7453125 0.2828125 0.7421875 0.3015625 0.75 0.2984375 0.75 0.2859375 0.7453125 0.2828125