0 0.41875 0.65 0.415625 0.6640625 0.421875 0.6671875 0.4265625 0.6625 0.4265625 0.6515625 0.41875 0.65
0 0.58125 0.9171875 0.5796875 0.928125 0.5921875 0.9328125 0.59375 0.925 0.58125 0.9171875
0 0.49375 0.55 0.49375 0.5625 0.4984375 0.5625 0.50625 0.5515625 0.5046875 0.546875 0.5 0.5421875 0.49375 0.55
0 0.3953125 0.1046875 0.396875 0.1265625 0.40625 0.115625 0.403125 0.10625 0.3953125 0.1046875
0 0.275 0.1203125 0.26875 0.1203125 0.26875 0.1375 0.2796875 0.14375 0.275 0.1203125
0 0.503125 0.95 0.5 0.9515625 0.509375 0.9578125 0.5 0.9625 0.509375 0.96875 0.5109375 0.9578125 0.503125 0.95
0 0.3 0.1734375 0.2984375 0.1859375 0.3109375 0.1953125 0.3125 0.1734375 0.3 0.1734375
0 0.3859375 0.50625 0.3796875 0.50625 0.3796875 0.5203125 0.3875 0.5171875 0.3859375 0.50625
0 0.340625 0.175 0.3375 0.184375 0.3484375 0.1890625 0.3484375 0.171875 0.340625 0.175
0 0.5484375 0.946875 0.5515625 0.953125 0.546875 0.95625 0.5515625 0.9640625 0.5546875 0.95625 0.5484375 0.946875
0 0.475 0.8265625 0.4796875 0.834375 0.4734375 0.8421875 0.4796875 0.8484375 0.48125 0.8359375 0.475 0.8265625
0 0.2515625 0.003125 0.25 0.0171875 0.25625 0.01875 0.259375 0.0046875 0.2515625 0.003125
0 0.453125 0.353125 0.4484375 0.353125 0.45 0.3765625 0.4578125 0.375 0.4578125 0.35625 0.453125 0.353125
0 0.528125 0.6609375 0.5265625 0.66875 0.5359375 0.675 0.5375 0.6625 0.528125 0.6609375
0 0.3421875 0.34375 0.3375 0.34375 0.3375 0.3625 0.34375 0.36875 0.3390625 0.35625 0.3453125 0.3578125 0.3484375 0.3484375 0.3421875 0.34375
0 0.31875 0.2359375 0.31875 0.24375 0.3234375 0.24375 0.3234375 0.2359375 0.31875 0.2359375
0 0.5671875 0.8375 0.5625 0.84375 0.571875 0.8625 0.56875 0.85625 0.5734375 0.84375 0.5671875 0.8375