0 0.05 0.275 0.0484375 0.2890625 0.0609375 0.290625 0.0609375 0.278125 0.05 0.275
0 0.1484375 0.0984375 0.146875 0.1140625 0.15625 0.11875 0.15625 0.1 0.1484375 0.0984375
0 0.7640625 0.9125 0.7703125 0.9234375 0.7625 0.921875 0.7640625 0.9296875 0.771875 0.9375 0.7671875 0.93125 0.7734375 0.925 0.76875 0.9125 0.7640625 0.9125
0 0.496875 0.6234375 0.49375 0.6390625 0.5 0.6390625 0.496875 0.6234375
0 0.7921875 0.8234375 0.7921875 0.853125 0.796875 0.85 0.7921875 0.8390625 0.796875 0.840625 0.8 0.83125 0.7984375 0.825 0.7921875 0.8234375
0 0.0015625 0.534375 0 0.5484375 0.0015625 0.534375
0 0.496875 0.8734375 0.49375 0.8859375 0.5 0.8890625 0.5046875 0.878125 0.496875 0.8734375
0 0.1421875 0.6046875 0.1375 0.6125 0.146875 0.61875 0.1546875 0.6125 0.1546875 0.6046875 0.15 0.6 0.1421875 0.6046875
0 0.2125 0.3265625 0.20625 0.3375 0.2109375 0.3484375 0.2171875 0.35 0.209375 0.340625 0.21875 0.3375 0.2125 0.3265625
0 0.275 0.7125 0.2734375 0.7296875 0.28125 0.7375 0.28125 0.7140625 0.275 0.7125
0 0.31875 0.6578125 0.3171875 0.6671875 0.3234375 0.66875 0.3296875 0.6625 0.3296875 0.6546875 0.3234375 0.6515625 0.31875 0.6578125
0 0.6609375 0.7 0.6625 0.7234375 0.6671875 0.7234375 0.6671875 0.7015625 0.6609375 0.7
0 0.1109375 0.359375 0.1109375 0.3703125 0.1203125 0.371875 0.1203125 0.3625 0.1109375 0.359375
0 0.9640625 0.61875 0.9625 0.63125 0.971875 0.634375 0.975 0.6171875 0.9640625 0.61875
0 0.5515625 0.9640625 0.55 0.975 0.5546875 0.9796875 0.565625 0.96875 0.5625 0.9609375 0.5515625 0.9640625
0 0.23125 0.46875 0.2296875 0.475 0.2359375 0.4828125 0.2296875 0.4859375 0.234375 0.4875 0.2421875 0.4734375 0.2359375 0.465625 0.23125 0.46875
0 0.7875 0.659375 0.784375 0.671875 0.790625 0.675 0.796875 0.66875 0.796875 0.6609375 0.79375 0.65625 0.7875 0.659375