0 0.5859375 0.546875 0.58125 0.546875 0.5828125 0.5546875 0.5859375 0.546875
0 0.590625 0.3109375 0.5859375 0.309375 0.5859375 0.3234375 0.59375 0.321875 0.590625 0.3109375
0 0.7078125 0.425 0.70625 0.4359375 0.7171875 0.4390625 0.721875 0.4265625 0.7078125 0.425
0 0.0046875 0.89375 0 0.89375 0 0.90625 0.00625 0.90625 0.0046875 0.89375
0 0.30625 0.5546875 0.3046875 0.5796875 0.325 0.6046875 0.346875 0.6046875 0.3671875 0.5921875 0.3671875 0.5765625 0.35625 0.546875 0.359375 0.53125 0.353125 0.5265625 0.31875 0.53125 0.30625 0.5546875
0 0.5484375 0.1515625 0.54375 0.1578125 0.546875 0.1671875 0.5546875 0.1609375 0.5546875 0.153125 0.5484375 0.1515625
0 0.540625 0.28125 0.5375 0.2921875 0.5484375 0.2984375 0.5484375 0.2859375 0.540625 0.28125
0 0.6828125 0.3171875 0.68125 0.3296875 0.690625 0.33125 0.6921875 0.3140625 0.6828125 0.3171875
0 0.609375 0.1125 0.60625 0.1265625 0.6125 0.1296875 0.6171875 0.1125 0.609375 0.1125
0 0.6765625 0.1859375 0.6828125 0.1921875 0.675 0.2015625 0.68125 0.2046875 0.6859375 0.1953125 0.68125 0.1859375 0.6765625 0.1859375
0 0.6484375 0.11875 0.6453125 0.1296875 0.6515625 0.1421875 0.6578125 0.14375 0.6625 0.1296875 0.6546875 0.11875 0.6484375 0.11875