0 0.353125 0.8859375 0.35 0.89375 0.359375 0.8984375 0.3625 0.8859375 0.353125 0.8859375
0 0.721875 0.425 0.71875 0.43125 0.725 0.4421875 0.7296875 0.4296875 0.721875 0.425
0 0.8296875 0.54375 0.825 0.5546875 0.834375 0.5625 0.8359375 0.55 0.8296875 0.54375
0 0.0921875 0.6890625 0.0890625 0.6984375 0.1 0.70625 0.1 0.69375 0.0921875 0.6890625
0 0.275 0.0546875 0.28125 0.0640625 0.2734375 0.065625 0.275 0.0734375 0.28125 0.075 0.28125 0.0578125 0.275 0.0546875
0 0.7140625 0.8796875 0.7109375 0.89375 0.7171875 0.89375 0.721875 0.8859375 0.7140625 0.8796875
0 0.3140625 0.3421875 0.3125 0.3546875 0.3171875 0.359375 0.321875 0.34375 0.3140625 0.3421875
0 0.1125 0.815625 0.1109375 0.8296875 0.1171875 0.8359375 0.1203125 0.81875 0.1125 0.815625
0 0.4375 0.5234375 0.43125 0.5234375 0.4390625 0.53125 0.43125 0.5359375 0.4421875 0.54375 0.4375 0.5234375
0 0.4546875 0.0984375 0.4484375 0.0984375 0.45 0.1109375 0.4578125 0.1109375 0.4546875 0.0984375
0 0.2359375 0.8125 0.23125 0.83125 0.240625 0.83125 0.2421875 0.8125 0.2359375 0.8125
0 0.7421875 0.76875 0.7375 0.76875 0.7375 0.7875 0.7421875 0.7875 0.7421875 0.76875
0 0.4578125 0.8734375 0.45625 0.8859375 0.4625 0.8890625 0.4671875 0.875 0.4625 0.8703125 0.4578125 0.8734375
0 0.6015625 0.596875 0.59375 0.596875 0.59375 0.60625 0.6 0.6109375 0.6046875 0.609375 0.6015625 0.596875
0 0.5359375 0.321875 0.534375 0.3375 0.540625 0.33125 0.540625 0.3234375 0.5359375 0.321875
0 0.74375 0.3953125 0.7421875 0.409375 0.7453125 0.4171875 0.75 0.4171875 0.75 0.3984375 0.74375 0.3953125
0 0.596875 0.90625 0.59375 0.9265625 0.6 0.925 0.603125 0.9125 0.596875 0.90625